110
110
10000110100100101100111111001111011111100100001101111011011011011101011001111010100111101111011110111101011011
00001001101000111100111101011101101111110110010101000011100111101100111101111111110110111110011011101010011111
11111111001001011010010111010100011010001101111001110001111001010111110100111000101110011101110011011110111110
01010011111010001000011111110110011011111110110100101101110100111010100000101010000111101111010100101011111000
11111111101010111101101001110111010111101111110100110100101111101011100010111000111111100011101000010111111101
10111001101011011110111111001100010100010011010100111000111111011101110001010001101011100111010011001110101110
01111101110110000101110011111001101101000101111111100111001011011111000010101010101111100111010011110000101001
10110110101111011101010101101001001000011111101011000000101001011101111000111011110011001111010001001011110101
00011011010010101100010010001110100000110101011100100000010010110001001000011111101111111010001010001101110101
00011100101010100101111011110001111101011011101101011001100111001111101010001110001010111100111110001110101110
00100011111100111010010111110011111111011010111000111100101100001110101101010010111110100111111010111101110010
10001110110000100110101100001001110100110111111111100100111111011111011111100101010111111100010000000111010101
11111011110110011100011001001111101010111101001111000111011000011010001011110101001111011110101010111011110110
10110000010010100011110010111001010110010111110111010001111010101001001111111101010101110001101100110111010101
10010011011001100010101011111111001110101110010001000111001010101010101001110010101010101011110110010010111011
10111110110110100101000011111110011011000111100111111110101010111101010111101100110110111010101100000111010100
01110110011110100001001010111101001100101000100011101000110111101011000101111111110111110111001010101111100011
00010111010011010011101011110010101100110000110011010110100011000010101100101111111001111100010011000100010111
10101110100110111110011111100010111010011100010001011110100100111111111000111111110101101010101101011111110000
11000000001011001110111101111011100111011111001110110111001100111111011101001111011101110001001001100100001000
11111010011111111111110001011101010100100110110111100000001100011100011010000010111111011110011101100010111100
11101100111111110001101110001110101111111111010100110111111111111100011001111100111010010110111111110110111011
10000001101010100111100011011111011001000011111111110010101110000000111011000110111101111011101100011100001011
11101111111100011111110011011110000011001010111101100000101110111100100111010010101011010110000111100101000010
10111101000110110111100111110101111001011010110111100111111100001100010101010000010010100011100011110100011110
11010110111111001110001111110011001000001000101101110111011111011011010111010011110111000101010010010101111000
10111111101111110111000100110001010001001011011011110001100110100101000100111101101101100010000100011001011110
01100101111111010110101110001111100000011010000111111101001010110010111001111011110010111001100100000111110111
01110111111100010011101111010001110000010000110111000111111110101010001000111101110101111111110111011110000111
11011101011110111110010001001111111001111100010101011011101110101001100010100111111000010110011101011011101101
00111111111010001110000010100100100000111010100101111011100111101011110011111110111001011110110000001101111001
11010101110111011011100110011000100111100110101110101000111111110001011011111111011000110100101110110100100000
10111100011111001111101111101111110010011110111111110100010101010010011100010101110101011111011011110011110000
11101111011000110110011101111100111110010001110011100100100111011111100100110110011101110101100011111110100110
10100011011111000101001110111110011011111011101000010101000011101000111111111111111101010001011100011100111011
11101001111000111101111000001000010011010011111111101001110101101110000010101110001111100111100011101001011100
01101011001001100000010111100110110011001001111000111000011111110011111010011010010011101011110111011000111000
10101111111101100110010110100001100111011011010110001101110000011011110011101011010011111110100001101101011001
11001100010011111011111010111011001111110011111111010010100111011111101011001101100100100111111000111101001010
10101110111001110010010111011100100010001010000111001011111111110101111010110111110111011111101101110001101110
10100101101100100010001111110110110101001111110100011101001110011010101100011100010111001011100001110001111110
10111010111010011101011010111011011110101011011101010111011010111010000101101100111111011100011011111011111101
01011101110111010011111111101011000011000111100000111111100011100110110001111101000110011111101110110110110001
00000000101100111110110011001010001111010110111011101001100010000100111110100111101110000000111011010000111010
11111101111111110100101011010010000111001011001011110101110011000011110011101011111110101001011011110010111110
00011101111111011111111100000010001000010101011101111001011110011101111111010010110110010001000011010001100101
11101101101010111101001011111010111101100110010001110101111100101010111110010100010110101011100100110110110010
00111000111111100010010111100100010110000000101010101011101111000010101011110101011111011001011100111011110010
11111011101111001010111100101101000111101010111111101011110011001011001110011010011001101000010001101110110111
11000101101111010110100101000111111011011101000100001010111101010010111100101110111010101010011110100101000111
00111001100010111011101101100101100001110001111011001011011100010101001011110111010011001100011000001100111010
01010110101111111001111111110011011110110111101111101110111111000100011011011001100111110010101101110101100100
10101010001001101111110011101110010010110111111101010001111010000000011001100001100100001000011111111101111110
11001110110111101101011000100001100111111010110101001100100011000111110010101010010101011001110111101011100000
10111111101011110010101110101110110011110001101110101101100010001010001100001011111101110100100111001110000111
10110011001111001011111110010001111001110111111001011011101010111101000010111111111110011000001101101101000000
11010101111111100011111001010011010101011000010111101110010001011100110111101011110111101111111111111110111001
11111101011101010011011111011111101101101011011111010101011001100100100011111101011001110011010000111001110011
11011100110111010111111010010110011110110110010101111111010100110100110010111000100100101011011011101111101011
11110111110001111000011111010110001101011000111110101111001110111011001001011001110000011010000011011000110111
11011011111011111110100011001101011111111011111110111010110101100110010100011000111111001010101100011010111110
11111011101111101100110111111110010011111111111001011110010111111101101111110000011110010111000110111111010000
00111111011011101010101111111101111101110110011111011111000101101101110101011111110101010000011111100111000010
01000011001011111101111010000110110101101111101111110101001100111101111111001010111101111010111110100011111001
01011110010110011111011111100011101001011001001000101111100111101111101011111000111100110111000101110101101100
10001101100010111001111111011101101111011111101011011011111001100101110010110110001011000001011011110101010010
10100100000110101000101101111011001110001011110111000011001101101101110011100111101110101101110101101000010110
11110011100100011111011100111110110010101000101111101010011111101111100011101111010010001110111001111000111001
00110110110111010001011011011011111100101110111110101111111111111011110111011110101101100111001110001110111011
01001111010010011011100110100011001101000101000111111011000100100010110111010001011010001110011011000111111111
00011010001111101101001110111011011010101001011001110110000110010000110011111011110111010101001111111100011101
11111100101110111100110011111011011101110100011011110111001000111000110101101111111011111110011000111001011000
10110101111010110101110010111101010010000101101001000001001101100001110001111111101010111010110011101001001100
11011100110010111111011011010111010001111101011111001101111110101100110110100011110100010101111101001111001111
01000111000111100101101101100000101100110111110011000111111100000000010100001111101111110110011101011000001001
11011001000011011101101011111100110110011100011001110110001010111010111010011000101101001111111111011001010111
11010110111000101111100110100111001000111010101000111001111010001011111111000110101010111011110001011011111100
00110101110111010111111000010001110010100110011100100000111101101101110010001000000111001101000111110110000100
11000001101111000100111110110001110100001100011101100001111100011011011110011001011000111011111011000110010101
10011101111100011100111111111001111111111000110101111001010010111101110111101110010111010111111001011110000011
10111101111000110101011011010111111111100111111101011001110101101011011001011111111101011011010111110100111010
11111110011100010101111100000010101111111001011010010111110111101110110001111011001010010101101110110111101111
10001101110011010100111111111110001010111111101100101111110101000101101110001001110001111100011110101000001111
00000101101000000111001010011111011111111011011001001010001111101010010010110100110111111101000011001110101101
00110010011111011010001100111110101011100110001001011010100111010010111010111100000000001101101001111011111111
11111111100100100110000010111011010011100100110111111100100111001011011010011111100100101101010010011001100111
11111111100111001110010011010000001111111100001001101011111110100101001111101111110101101100000010110111000110
01111111001011110001101100101101100111001011100111111110100110001010111111100010000111111101110010111011101111
11111100000011110011110100101011111110110011111110001101111011111110111111110101010110110010011101010001111011
11101010101010110111100101100011000101011010011100111110011110111111101011100111110111111001101001111100101101
11100110011111111110111100111011101011000000010011001000101000110011101010010110101001111010111100001011001110
00100101001011010001001011001011000011000111111001111011111010111111110100110011100010111100110000110111111011
11011111110010011111010101111111110101010111111111101110111010111110001101111100011001001100010101010111111101
11110111101111111101011111110011101111001101110111001101011100001110111011111110011010110111010110101101001001
11100100111111111110110100011011011001011100000111110101101101111011011010011110101111111101010010111111110111
00111101010000110111000100000101101111100100100010101011111001111111000111111100111111101010110101111011010111
01000100111000011100101101010110111101001010111000010101011111111011110010111110000110010001101101101111111101
00001010000001100011110001111100011011001001110110110000101111011000101000111101001111110001001101010010101101
01101010111111111011101110101111000110011101100110100101111100001111011010010101101011101110011111001100010111
11101001010101001101111010101111010110101001001010110101110100110100111010011101111000010110011001111000110111
01111101011110111000100101110011111001111011010111100110111010011010111001111000111100010001001100111110111010
00001101111011111111011010100001000111000011001110110001110100100101111000111110111001110111100101101001110101
10101100111100111011010111100000100000101001111110110100111111011111011011000101011010000101111010011100011111
01111101111110011110010101111111010111111101101101011101000110011110100111111010001010011111111111010000011110
10111111010101011001010100001111111110110111010011000111100111010101010101011111111000110111110001010000010110
00111111011110011100001101110011001101101001111010011011111111011111011001101101011001001010000011011010110011
10110101110101000100001011111001010110101111100111000111011110010101010011110111001001100010111101010110010111
11101011100101111111011001101001110101100110011110001100010110101001110000110010001100111101111101110101111111
10111001110001111101010110011110010100101010011011111111000111111100111111111110111111101011000100100111110011
11011111101111101110101111010010001011011100001011010100101011111000101110011101001101111101000110111111110000
118 165 144 82 67 71 41 34 