110
110
10111011111111011111111011111111000011111111111111011100111101001001011111111011111011100101111011111111111011
11111111111111111111111110111101111111011010101010111111111111011111001100111111101111111111111111111111111011
11101111011111111111111011111111101110101111111111111110111110111111110111111111101111111111111111111110111011
11101110111111011111011111111111100111111111101111110111011110111111101110111101111110111000100101111011111110
10111101111001111111101111111011111101100011110100011111010111010011110011010011101101011101101111011111111111
11101101111011111110111111110010111111111111010110101111110000111101111101101111111111001110111111011111111101
11101010111111111110111101111111111110110111111011011111111111010111100101111101111101100011110011111111011011
11111111111111110101111101111111111111111111111110111011011110111010101111111111111111111101011111111011111111
10111110011110111010111011111101100011111011111111011111110101011011111111111111111011110111110111111100111111
01111111111111111111110111001111110010111111101110011111101110111011111111111101101011110110001111111110101011
11111111111001101101110011011111110111111111110111111101110111001101111011101011010111111111101101011011111001
11111011111010111111111101111111111010111111101111101100111010011111111110110001111110010111001111111110011110
11011111110101111101110111110111111101111001111111011110111111000111011110101111110101111110111111111111111111
11111111110110111111110111101111110111111111111011111111111111111101111011111111111101111111111111111111101111
10111001110011111110111110111111111000001110011100101111111110010110110111001111100011111111101110101010101111
11111111101110111111111101101111111110101111110100000111101011111011111111111111111111110111100101001111000111
11111011011111101111001101110111111111011011111101101011111011111100001001111111111111111101111111110111111111
11111011111111110110111111111111111111111111110111111100111101011111111010111111110111111111111111111111111100
01111111111111111101111110111111111111111101111001111111111111101111001111101111111011111111111011111110111111
11111111111111111010111101011111111111101011111111110111111111101100101011011111110111111111111011111111100111
11111010100111110111111101111001111100101111111110111011101111111110111011111111111101000110001011111011101111
11110011111011111111111111110111110111101000111111111111111010111111110111111011111111111011111111111111111011
11111110110110111110110111011001011111011101101111111011111111111111111011011111101100011111111111111110111111
01111001111110110011111100111111011110110111000101111111111111111110111001111111110111110111111101111101111111
11111111111111101111111111011111111110011110111101100111111011011101111111001111111110001111111110011111011011
11011011101110011101111111111110101010011111110111111111111111111111110010111010110001111001111011111111101111
11110111111110111110100110111111111101111111001111111011111101110111111110010111011111111110111100111010111110
01111111101110111111101111111011011111011011111111110101111111111111101111111101111111111110111100010101011110
10101111111011101111101011111111111111011111111111011110110011011111110111101110101111110110010111111111110111
10111111001011111110111011111100111100011011010111110111011111111111111110101111111110111111110111110111011110
11110110110101111001111110111110111111111001111101010111111111110111111111101111001111111111111001111111111001
11011111111111111011011111111111001110110011111111111111111000111111001011101111111111111111111101111111111111
11011111111101011101111110100111111100111011001111011111010111101111101110111111011111111111101110111111110110
11010110111010010011110101101111111111101111111100011111111111101101110111111111111101101010111111010111111111
01111110101011110101111110011100111111101011111110110011101111011111111011111011111111110010111110111111111110
10011101101110111110111011101111111011111111111110011001111101011101111110111101110110111111111101111111101111
11011111111010111101111111111111110011110111111000111111111110101111100011111111111111101111111111010001110101
11101110111011011111011111001000111101111111011110011001100111111111110101110101111110111110110001001111110111
01110100100111111110101111011111111111111110111101111111111111111111111111111111111101111111010111101111110111
11111100111111010111111111011101111111111101101010111100111011101111111111111111011111111111110101011111111100
01111110111111111100101111111111101110011101101111001111101111111101101111111111101011001110101011111111000111
11011110111111111101010111111111111111111011111111111101111111110111110010111111111011100110101111011111111111
00111111111101111111100111111111111101111111001111111001111111110101001111111111011111111111111001011111011110
11111101101111010111111100101111011111111011111111110111010111101101110100010101011100100101101111111110111111
11101100111111111111011110010111111111111110110111111011110111111111111111011011101011111111111101111011111111
11101111110111110111110110011111111011111110111111011011110111011111111001011111111111101110111101100111010110
00101100111111101111111111111111110111110101100111101111111001011111101111110111111111110101101110111101110111
11110100001010101111001111111111101110010111101011101110110101101111011011111111101001110111110011111101101011
11111100101110111011110110011011111101111110110111111110000011110101110110110011111110111101011011101110110101
11110111110111001111111101000110111111111111111111111111110101101111111011111001101100111111111111111101011111
11001101011111001011011101111111111111111111101011110111111110101011010110010101111111111110111111111111111111
01111010111101111111111111111011011110011110110100111100110111111111111111111111011111101111011011001111111101
01111111111110011010101111111000111111111111111111110101011010010110110101101110111110011111111111111101111011
11111110111111111110111010111100110101111111111011101101110110111110111110111111000111000101111101111101111111
11111011111111110011111111111011111111111111011011011111101110111111111110110111011111011000111101111111111101
10111101110111111011101111011110011010011111000111101110111010101010111111111011111111110111101111101101111101
10101111111111101110110011111100111111011101101110111111111011111101101111010001011111110010111111111101110111
11111111111101111111011111111010100111111101101111111111111111111111111111111111111111101110011010111111111110
11001111011111110001111111011110010101111011010111111101111111111111111110111111101111111111111111111111101101
11101111111111111111111111110111111011111110111111111111010110101111110110111111110101111111111111101111111111
11111100111111101101110011001110111111111111111111010101111111111110111001010111110011011111110011111111110111
01111011111111011110011111001011110111111111111100111111111101010010111111111001111111111111011100110011110111
11010111111110111011101111101111111110111110111101111011111011111101111101111101111111111011101111111110101111
11101111111100111111111111011111111011101110001100001111111111111110111101101010011111111101101111011111110111
11101101111101011111011111111101111010111001101101011111100111111110111111111111111110111110111110111111011101
11001111100111110111111111111011111111001110001111100111111111001101111011111111111101111101101111111110111101
01001101101111111110111111111101111111111111111110101110111100101011110110100111110010110110011101101111111001
11110100111111111110110101111111111011111111101111100111111100011111111101010111111111101110101111110111011111
11111111110111111111111111110011001100111111110111110110111101111111110110010111111011111111111111110111111011
11111111101000111111100101101111101110110111111101001101100111111111110111100100110111111111111111111111010111
11111111010101111111001111011111100101111101111101111101011111111111110111110101111111101111111111011101111101
11100110111111111111111111010101101111111101110111110101111111111111111111011111101111111110111111101100011111
11010101001111010111111110000110111111101111111111111101101111101101111001101111111001111111111010011111111010
10110011111110100010111111111011111011111110110101011110110001111111111101110111010010111101110111010110110011
10111011101111111111011111101111111111011111111111111101011111011111111001101101111110111111001111110111101111
01011101111111110111111111111111011001111111101111111011111111111111011111111111011111110111110111100110111111
11011000110001011011011111111111101101110110111111111111111101111101011011111101111110110100111111101010011111
01110011111111111111011111011001110110111100111111011111101111111111101111101111111110011111111101111111111111
11111101011111111110111111100101111110111111111111111001111101011111110111111011011111100011111011111101111111
11111111111011110111011111111111101111111110111110111100110010111110011111001111111101011111110111110011111110
11111110101111110111101111111111110111111110111011011111111110111110111100111011111111001101111111011111111001
01100011101111111001111111111111101111001011110111100111111011110111111111111111101011111110111010111111011010
11111111111011110100111100001011111101111111000010111111011111111111111111111111111110101111111111111111111111
11111111000111011110111111011111111111011111111100111110111001111111110111101100111111111111110111001101111101
10111101111111101111010101111111010110110111110101101011101111111111111111010011111111111111101111111111111100
11001101010111011101111110011111111011111111111111011111100111110011111100111100101111111111111101111111011111
11011111110111111101111011111111110101111011111111101111011110110101011010111111011010111100011111111001111111
11111111110011110111111011111101101111111011111010111011011111110111110111111111111101111111011101101111111111
11011111111011111111111010011111111111011111110111010011111011111111010101110111111111101111111111011111111101
01101111011111010111011111110001101111111111111111111101111111011111111111011111101011110100110111111111110111
11111011111111111111111110111110111111111011001111110111011101011101110001011111101111011111110110111111111111
11111001111011011111011101111101111101011101111111011100100110110111111111111011011101111101111111111011111111
10001111111111101110110110111011111100111111111111111111111111110111011111111111011100110011010101111111101001
10110111111110111001111011110110110111011001111110100110111111110100111011111111110111111001111111101001110111
11001111110111111011110111111011110111111110011111111111110101110011101111100111111111110100010111111001011011
00110111111111111111111111010101111111011101111111111101111111110011101101101111110111111110010111101101110101
11110100111100111111011111111111111110111111111011111001101111110111011011110110111111111111111111001110110101
01111111111101111011111111111111111101100111011111001111011001100011101111101111101011101110111111011111110101
11111101111101011111111111111111111111011110001100111111111011011101111110001111111111011101111111111111010111
11111100111111011111111111101111011111111111111110111110011011100101111011101111111111101111101110111001011111
11101011110011111111111111011111010011110011111111111111110111101101101111110011110111111101101111111111111111
11011011100111111110001111001111111110111111110011111111111111111111111111111011111111100101111011111110110011
10111011001111111111011111101010111110011111100011101111111101111110010111110110110010111111011111101110111111
11110111111010101001101110110111101111111101111011001001110111111111011101111111011011010011111011110111111110
10111101101111111010111011011111111010111111111110111100001110111011110011111111111101101101011100011000111110
11101110101100111011111111011111111100111111111111111110111011111111111011111111111000011101111111111111100111
11011010110111111111110001111110001111111101111101110111101111110111111111011111011011111111111111111101101111
10111011110000111101111110110011111110110011111101010101111101110010111100100111011110111011111111111110111111
01101100000011111111111111110111100111111111111111111001111011111111111111110100101111111110111110101111010101
10011111101111101101111110111111110010110111111011010110111111111011111111010111111111101111111111111111111011
239 216 207 107 117 119 55 61 