110
110
00001101001011101111010100110011110111110100000011001111010000001111110100101010011010000011011110000001000010
11101110010010110100001111100111101100100010101001101110101001001010100101100000100000011001000000101011110001
00001011101101101100101111100100101111000011000000111001011010011000010001000110100111011001011000110111000100
11100001010000000111011100101101110000001101111001001111110111000111110011111010101000101111110110111110001111
10100010000000111101101101000010001111110110010101111101001001000010000010000111001111100000110110010101111000
00001101111011010010010110101001010011100111111000000011011101001011011010100000101001000101010100011011110110
11001011011111001110011110000111010110000101100101110111000111101101000110000111000111011010101001101111110011
11001001100111000011011100000000000000111011100000110010111000111001111101100001110111011001101111110111010101
10111001011111001001001000111110000001001110111011001110110010100001110010110010000011111000011100000101011100
00101011001101100011000111001011111100111100010100110101111001000011001010101100011001111001011110110010101110
00001101100101110100001111001100000100000101100100110101101101001101110010010011001001001011101100111111010000
11110000011000001100111110111000111100010010100111101110110110001101101001001001000100101000101011011101011100
11110110101110010100010000100101011001011100111000111101000111110110000111101000000011011011100011100100110101
01111111011101001000000001001110011001101011000010011010011111100001001100101001011100001101000010100100101011
01101011110000010101011010110100110101000110000100111000111111000000001111101100101111111110110001100000011000
11111011000101000110001101101101111101100001011110000000001100101110000111111111001101100101110010101110100110
01101010000000001101111000001101011011011100000100110110100110100111100001000100010010011000111010001101110001
10100111110110101010110010100101000000110001110100010110000010010100111011110000111001000010111011000111001100
11001101010100111110011001110000101010111110111111111100011101110101010101110100010100010110100100001101111100
10110101001100001111001010111110110000101011011111111001111101100101100111111010010111101001110101101001101101
01110001111110101000111100100000010001000000110100101010111110011111110111011010010101110001011010101001011011
01101000100111100110100101010010001011101001101111101011111111001100010110101011111110000100010011011111100111
11100011000100011110000110011111010110001110100011101111100100110011011100101000010110100010111011110000110000
10101000100110001100001101011001100110101001011100000110110111101011010111000101010011010010101010110110001101
10111101110010101101101111001000010001110110111010010100111000101000011011001100111011101000011111011001100011
00110000110110000111100010000000010010111101011010111101100111001101110011100010111101111001101100000001000000
00010001111001101101110011011000001010000100000100010110001100101010110110011100001110101010001100101000001111
01000101110011110101110101000010011101111001110100011000100001000111101111011000110101011110100010101001000101
11001011100100101011011010001101000010101001010011011111100000000000111110011101011101001101110110111111000011
01111000001000011111011001100111111110001000010000111110100001010010100101011001000000100101001110000010010110
00101011101010000110011100001001101010011110011010001000101010011101110101000101111011110101101101100100111100
01001100011101001110010100111011010010110111111101111010001111111110100110101101100011100100000110100001111000
10110110011100001100011101000111000001101110010001010110011101100011110000101110000011111010111101011010001111
01001001110100101101001110010101001011110111011110111100000110111000011100001110000100101101100101001011010111
01010001001010011001011001100101011011011011001111111001100100011000101111110111000111101101101111101100011001
00010010011010000111111011110001001011111110101100111001011000001010100000110110010011010111001010110100011001
10000001001110101111000101101010111111000100000100001000100111011101110100100011110010100110111000001011010100
00101010000110011100111111101011010101100010111110100010001000000000011001101010010001000010011101001000011100
01001001101011000110000000110000101111100010110111111011101110111100011001100100000000101100001001000000010110
11100000000001110010110101011011001111000011100101011001101000110011001001111001110000101111100000110110001000
11001000011011011001001100111010110001001100111100111100101011001010101010111010000110001110011111111110010010
01100101111011111000111111001001001101111010000111110010110000100001100101111001001011101011110111111101111000
00010111111010011101101001101101000011000110101000001001101010001111110011010011100101000000000001001011000111
01010110011011001011110001100001010010001110000110100011000110010001101110001000010101111100010010101101011101
00100101111000100110010001100001100001101011110110010000110010001011010000111111001101000101110000110110011111
00000000111011101011110001010001101011010001101101100111100010101110101001110011001101001001001111011110100001
01000111110100001011001111101110000011100011111010001100101101110110101000100000001011110111111010101000001000
11101111101010100111000110101100101000011100100000100111101001110110000000000001010100011001011111111011000100
00000101110111011111000101111000010010110100011000111010110100001001111011000000011111001100000000001101101011
00110010110001100000000100000010111100001011000011101000111101100100101001000111100110100000111011110010001101
00110000010111011111111000010000100100100111011110010110100010110000000111101110111100011001000010010010101000
00110010000111010100001001011101011011101111001111010010000011111111000001001111000010100010110100000010001001
00011101011011010001010111110010001001101000101000100001111000100010001111001010000100001010101010110101011110
10010001011100011101000111110011010001011001110110010000100010000001011111001010010111011010110000011011010000
00101000100110110110001100011111011001010101100001110000010011010100100011110010100101001110101110100011001100
10011010000010010011101010111110110110010001110110110110111111010011110000110110111011111000010111111110100100
11100010011010101110011000110110100100000000101100010110010101111001100001111000111010101111000010001101001011
10110000100101100101111011100110011101011100011001101110110001001111101100111011011110101001010111100000001110
01010001100001110111110001111010110100100000111111100100010110001010010100100110101000111110110101010010011011
10010011110011101101100010101001011001100001111010110100110001101100101010110111000010001110111010110101111011
10000100111111011101010011110101011000001000011000100010010000000011101100110011010001100100001001000001110001
10110110111010000011111011111111111111111000000110001000010011000001100011100100010110111100010010100000110110
10100000101101110100010010001001101001100011101000110111011111011010010001010000011111111001011111111000101011
10110000110110010010010001100011001101101000110100010111101010001110010111111000010111100111011110010011101011
00001111110110000001111001101111100010010110011100100000001111000001000011011011001011110011011000111001111001
00110101011111101010110100000011111000110011000001010100101010100010010011000001001010011111110110011011000000
01110101111000101010011001010000001011100111010001001010101111000010000000101001011111100010000001100010011110
01111010100100011101011100101000100011110100100110011011101101011010100011000010010111111110100101000101010010
01000111000101011110101100011010101101111111111001111010001001111001110011101110111100001100011011110101111100
11011001000111100011000111110001110110000010110110111110111011001000000111001011110100101100101011111110100011
11110000111000101101111101011001000111001001000001011111110100001101010011100011101110010110011001011100110011
10100000110111100000110111000110001110101101011110001101101101011010100110110101111000000110100001000101001100
10011001110100111101101110101001101011010101110110011010011111111010011001101011111111101000001110101011001111
01001011001101111101101111000001000000000100000001111011001000011110001000011011100100010100011001100110100110
00111000011101100011011001111001101111110110000111100111011000110001111000101100110111000000000110001011100110
11011001100100110101111010001010111110111101101011001101011101011101010100000110011001101011101010100110010001
11000110011000110100001011011101101100000110000000100010010101101001000010111001110000101000100110001110000100
10111111000100100111111011010000010101111111011011000100100101100100011110111111111011111000111100110000001010
00001100011111001001111111110111111011101100111101010111111101010101100011100100000111110010011011110101011110
11001101000011001101111010000011101000011010100011111000101011011010010111001011111001011110011011101001100001
11000110100000011111000001111100110000000101101101111100010000001011010100101101011110101101011000011011110101
10110111010010001100110011101100011110001000110111101111011110001100111000010101101010001000010011100010100111
11010001000100111011101110100111010100001101000111111001011110001001011001100110000010100101110011110011001100
01100000110101110010011001100000000001111010010100000101001111110000100110011010101110100111111010010011010111
10110111001111000001101000110100111011100100100100100010000110000111100111011111111101000001000110111000011000
10011001101111111101111110100011110001101111110101101011001110110001010000010011101000100100000001110010001010
11110110101001111110001000111111010101110011111111100110011110111011010111010000001111101100001101000110001010
10000001000101111101000111110101000000001001100111000011010110110011011100001010110001100110010110101010110101
10010011101000001010000000101111000111011010001101110110001010000101000000011000010001010100100011001001101010
11011000011101001111000110010000101100001110011100101101010111110010011101101101100000100001011011101001100100
10101100111001011101101101110110011111111100111001110100101110111010110010010001111000110110001110001110101011
11010001000111011110100111110101000001010001111001010001011011000110101001101001101110111010011010001010001011
11111100000100010011110011011110011000101001010001111101111100011110001011001101100010100010000000011110101011
11111010001111010110000010100110000000101000001111101111111101001110100001001010100110101100111010110111111111
11011001000000101000100101100110111011001110010100000110000111010101101000110101010001000111011011011101101111
10011111010110100100000101110101011011010110110100110101100001010001000011010110000011001111010101111111011101
11110100000100101100010010101101011101001111111010011111110001001000000110101100011010001110101000000011111000
10111010110010011100001110011010101110111000111101100111011100110101011001100011000000010001100000111101100000
01101100100000110110010001101000000111100100011011010001100011001010000100010100000000110100100101001001001011
10110001001001110001000001111010110101111011001010001000000010011010100111010011010011011001111001011000100111
11110100101110110110000111111011110000011010110101110011001011000010110010011101111111110001010010111111111110
01000010011001110000100010111110110000100101111010100000111100001111101000001000101010100111010011101010011010
11011010010110101101101111111011011011100000001010100000001011000010101110101111010001100110111011011000101010
11001011010110100011000010111010000011101010011110000111111000010010111000101111000010111101101101000111001001
11110111001101000001110001010011101110110010010000101010001101100010100111001101100101111010101101110010011001
00011011111111101011100011100001100101100110100011110101111000100010101111110001010100001101100111000111101000
01001011100010111000101011000100001101001100011001001010001011010111111010000100011010010110100001011111011001
11101011101010111010000101101111111000011011011110100001011111110100000001011010111011110011001110011100100001
01101011111011000000101011001110101010011100100011111010011000100000110000111010110111000000001000101011011001
01100010000011101101001101110110110011010000010111000001001001000010101001011111010111101011101100001111010110
237 221 218 117 127 113 62 55 