110
110
11111000101010101111100111101111101111011101111011111101011101111111111110011111111111100001111101101110110111
11011111111010011011110111111111011101111010111110110111101100111001101110111001011110111111010111011001011101
11110111101101111111110110111111111100101100011111111111011101000000101101101110111011010101101011111111011000
11110101111110111011101011111111011001101110011011111101111001110111111111010001011011100011000011111011100110
10111110100100111011001111101111101111110111100111101100110110111010110000111011110100100111001111111111001111
10100111111011101001010100010111101111001001010010001111011110011000111011101100011101111111011111001001001101
00101111100111011100101110111111110011101111111101100101110101010110111110001110111100010010010001011111110101
11101111111110100100110111110111000011101011101011101111111100111011111111101111111101111110101111111111111110
11111100110111111101011111111111101101111111111111101111100110111000110111111111000011001111111111111111100111
11011011111110011011101001110100011111011100111111111111001111011010111111001110101111111001100110101101110111
01111011110011011110101101111010111111111010111101111011111110011111101111100111111010010011101011111110110010
00111110010111100000010101111111011011100010101010111001110011100001111011010111010111111110011111101110010111
10110101111101100110101111010111111110001011111111111101010111110110111110110101001110011110011111101111111111
10101110101010111111111111110110011110100111101101111110111111111111111110010111011101110110010111001111010111
01101010111101111110011111111010111101011011000110101101000110111101111010110100111010111111010100110111101100
11011111100110011000111110110100101001111101101111011111111001111111111011111011011011001110101001110011011111
01101100011010111111110111110010101010011111111111111111111001110110110011111011000110010101101101100101101111
11111110111010100110101100001111111101111000011111100111111110111111111110111011101111010111110111111111101101
11101111001110111111101111110101100111111111111101100111000001100111110100100110111111111011111111111011001111
10111010111011111000111111011110000110101111110101010001001001010101011010101011111101011101011111111111010110
00100111001111111000101101101101001100000110000111111111100111011100011111110111111100110110111111011011110001
11011011011111011011111100111101010011111100111110011011101111110111110011100111111010010001011101110100111111
11110010111011111101111111000111110111010111111001111110111101111101110111011110001110011111111101111011110001
10110111110111011111101111110111101111011010101000111011110111011111111111111111111111101001110101111111001110
11111110100111101111100111111011111101110101111111101111111001001101110111011100000010110100011110011011111110
10001111101001000111111110111010111101110101000111111011111111111101101011001111010101101011111111111000111010
11000000111111000110111010000110111111101011111100100100110101011011001011111111111100111111011010111101111110
01111101111111001010111111111111110111110111110111011001101111111111111111001111001111111100000110111110111001
11111010110011011011011110001101111101111110100001110011110010110001011111111011011111011111110111001111101111
11011111110111101001010111010100011101111011111110111101011101001011110011111001001111111101111001110110010001
11001111100111111111111001111111100111110111001100111111110011101111110111111101110111111001111011111111100101
11111011011011101110110110110111100101011101100010111111011111110101110011011011110111001011011100100100111110
00111110111111111110111010101010001011011111101011111111101110111101111110101011111101101011010101101101101011
01101110111101111111111110101101011110101111111111110010101100001010111011101101111111011001011111110111011111
11011011011101011101100111011111110111011001101011110011001111111111011110011111001111110011011111011110011001
11111111110011001101011011111111100111111100010101111101111110001101101111011111111101101111010111111111111001
11001111111001110111001010101111101101111101111011101111101011111111111111011111000101011001111001010111100111
00101111011111111111011111010110100111111111110000111111111011111100101001111011011111111011110010011000111010
11111101100100101010001111010111111010110010111101101101101110111111001110111011000111101111111111010010110100
11011101110101000111111010011001001110100101010001111011111111011010001011000111111101110011001111111111111101
11011111110100011111100110111101111110111011111101100111011000001111111001111100111111100001011111110011010111
11101111001111001110100011111100001111011111100101111111111111010111110001111001100010111101010111011110010111
10010111010111111011110111111111101010111111100111011111001100010101110010011110101000111011001110111110101000
10010111011111110011000111101011010101110110100101111010111100111111110111110110101110011001011101111101111110
11101110101000011010111101101110110000001001111111010110011110110011111111111011101011111001111111011110101100
01011111101010101101000101111100111111111111111111111011111011011001110111101111000110111111101100111010110101
11111111111111111111111111010100100111011100110110001101111010001111111111101100011011110111011111111110111111
10110101111111101110110111101101110110110111110101111101111000011111010100110111111111011010000111111100111011
01111110110100111111111111111100110111000001110010110011101000011110111001101000101110010110000011111101101111
10111111110101110111011100101111101111011111110100010111000101100111100110111010111110111111111110011011101110
01111011100101110111101010111101100111011001111111111111011010101111101110101111110111010101111111111001111011
11101111011101001111111111111011101001111100010101110111100111110011111111101110001100111100111001100110001110
11010011001111000100110111011100110110011111111101111111111111011010111011111111111010011010110101010111110011
01100111110111110010111100000111001011010100101110101011011001010100001100111100111101111110011011101011011000
00111110111111111111101101101111011101111010110111011011010111010110110110111011111111101111001010011010010100
11111110101111101110111011101101010010011111101101010111110111001101101000010010001110111101110001100110101110
01111110101110011111111100111111110110111000000110001111111011110101110011001011011101010110010101111100101111
00111111111011111111010011010111001010110101101000111101110110111101111011101011110111111011111110110101010111
10010101010111111110111111110010011111111111010111011111110100001111111111110101011111110110001010111001111101
01001101111101110011011101111110100111011101011101101100000011011011100110111111101011111111111101111011111110
10010111101111011101101100011011001111101110111111011111111010101110110110110001111111101000101111011011110111
11111101100110111001000010001111111110010110111111101100011111101101111111011110101111111111111111110011111010
11111010011111111111111110000111110011111111010001111011111111001010011011111001010101001010111101001110111111
10111111101111101010011001101110001111001111100011101111100101111011101011101000101111101110111111011111110001
11011110111010111001111011111011001111111111011010111100111111101001111111110011110100011110111111110111111011
10111001011111111010111110100111110111000111001101110110000110011110111111111111011100011110111011111000010111
11110011111111111101111110110110110010111111101111000010000111111111111001101111111111110101011110111111111110
10100101000011110111110111011011101100111111111101110111100110001001100110001111110111011111011011111101100111
11000111101101011111110111000111011010110111111110101011011101011011111110101110110110111110011111111111111100
11011111010110111110111100011001111010111111101111111110110001101011111110111111001110101111111101010101011011
01011011010100111111110011110111111101010111101011110111110011011010111111111001001010010101111110101101111100
11110001011011111011110100100101100010111100000110101100111101011111111100111100110001100110110000110111110010
01011111011001111111110110101111111111101011111010111000111111001110011111010101101111010110111111101111101101
01111010011101110000110101111010111011111110111101101101111010110100010010101101110001011110101101110011101011
00000110011111111111111111100111111011110010011101000011111010101111111100111111111111110011110110101111101110
11100001110110011111111110001101111100111111101111011110000101111111001101110111111101100100111111110010111111
11111011100111001111111110011100010111110110110100101110110110011011011111101110111100001100110001111110111101
11110111011111010111111100101001110111011111111011110110110110110111101111010011111101010111111011111100100111
10000001111111100010100101011011111010110111111101101011100111111111100101000010011111100111110010111010110110
10100101111101001111011011001101110101101111101111001111110111110111111111111001111011101010111000110111011110
11111111111010001111001110011111111110111111101101011111111111110011110111110111101101110011111010111111110010
11100111110101111110001010111100111110111011011101101111101010011101111000111011100100101110100010111011111011
01110011101011111011111100011110010101111011111011111111101001101101110000011001010111111110101011011111101101
11111111111110111111100011111000111111111110111110100010011011111111111111110111101101111110111111111101011110
11111101111110111011110011111011001111101111111111001011110100111100111011111001110111001000001111100101101001
01011110111111111111111111000101010100110010101111001110000110001101101001101110100110101101101101110111000111
01101111111010100010001011110111110001111110110101110010111101011001101111110011111110111111111111110110111111
01100111100011111110110101011100110010111011110001110101011000111111001010101100010100111000110100111101111001
10101111011111111110111011010111011010001011111111111011011111111100111111110111011111111110011111011001011011
10110010111101110011111111101000100110111110111111100100110111011001101111001111111011111111101010101110010111
11001011110011111110110110000111111111011111011111111101111101001111101111001111111010101111010011001100011110
01100011111010110101110011010011011111011111110111100101111110111101011001111110011101011101110101111111000110
11110110111101001010100111101101110110111101111111101110000101011111111100010010011111111110111101101111111011
01011100110110100111111110001001110100111011110110111011110101111111011110111111100110011010000110000001001110
01011110001010111011101010101101100011111010000011111100111100010111100101011011101111110111111110110110111111
01111011111110111101111111011011101110111111101000110011110101001011010110101111110111110111110101111001111011
10111011111111001011001011110101111101110100111110111110111111011100011100110111110110111110111011100111100000
10110111111101111011011100100110101101001011111111101001010110010010010111111100100111010101101101111010000010
11001101011000101110011111110011001110111111111100010111010110011100111001011110101011101110011011111101111111
10011111100011111011111111011111111011101111111101111111111111000111101001111111110110001011011110100011011111
11000001101001001111111111101111110100110111111110111111110111011011101111011111111111101111101010111101111000
01110101110011110011100000111011111111111001101110111111100011011001111111111111011001001110111110101101101001
11100011100111001011101111111101101110011000111111010110001001011100010011111011010100110101111111111101100111
10101001111111001011110011110111011111111101111111111010111011011110111011011000110110111111101110101001111101
11111111111110110111110111110011101001111110011111111110111000111000101111111101111111111111011110111111011110
11011111101101101101111110111111100010011111111111010011101001111110101111010111101111101101111100111111101111
11100011011010111001001110100111110101111110010011111011101111000101001100111000111110011101110101111110100011
11111101101101111101111101110011110000111100101111001111110110111011101110111110101110001110111100110111110110
01111001100000110111110001111111111011111100000011110111111011110100101110111101001110011011101001100011010011
10101011110111001111011110010110111010101111000001010011110110111111011101001010111101111111010111110111010101
156 145 123 72 82 74 41 36 