110
110
01110000111010001001111101111101001100111011111010111111011111010101101010000011100100110101110100010000111111
10001100111011101111011101110111111111101010101110111101010011111010101011111111111111110100011010101111001010
11001110111100111111011011111100111011111110111011011100011111111111111000001010110101110111110100111011111001
10011111111111111110011000110110110011111010110110111111111111111110111111110101010111111110101110110111111111
10101111111011110111111111001111101011100110101100111111111101101101110001110111111010111101010011101111011111
11101110101011010101010101111111111011110111111011100101001110011101111100110011111101011011111010101010101001
11100000111111001101110111111101111011111111010010011011111111001111101101111001101101011010110011111110011111
10100101010110101110111101111111000111111111111101011110011111101111101011101101001010101111001011111111110110
01111001101111111101110110101110111101110110100100111001011001111111111011100101011011011010110110111101011011
11101001111111010111110111101111011001111101100111111101111101111111111100011110110011110001111110011011111101
11100101111101110101101110101100111101010110011110011111100111111000101111011111111010111111110111101101101101
10010011111110001110101011111111010111111111100100111111011110110110100011011111100110111111111110111101001011
10011110111111111111110111111111111111001011111101111111101110101111111011111111000110111001110010111111101100
10101111011110010101011111011101100010101111111110110100111111011110111001110101111101110001110101011111011110
10011001111111101111111111111101111110011101101101101111101000111101101111011111000110111110111110111111111101
10101011110100110110100111011010111000010101111011011111011110011101111110111101011111101101111101110111111010
10011000011111111110001011111010011111011000110111110111011100011101101111110001010111001000111010010101111110
11110111111111011111001111101111101101111111010111010111100100110011111111001011001100101111110111010010101011
11111111111101111111111100011011110100011111111011100110011110101101011011100101011010101011111101101101000111
11111100100111001111101111111110111111111111010111011100111111111101111100101010110101111110111101100111111111
11101001111101111101111111101010110110111101001111011111001110110010110110111100110011111110010111111010010101
11101110111111111001010101110100111111111011101111111111111010100011111110010100000110110111111110111101111101
10111100110011111110011011101010111110111110111101011001011010110001011110111111111111111111110111111001110110
11011001111011101111111001110101000101111101001000011100110010100111101111001000100110111101011111110010101101
10011111011111101010111111100110011110101100111000101111011100001101111100111101111101011111101110111010001001
11101110010110110011110100110001110011111101011110111110111101101011110111111100101111111111011110010101110111
11111111110111000011111001110100001011111101001110101011100111111001011110110011011111110001100100001110110101
10111101011111001100111110111101111000110111110111010010110110110101101011011111011111111110101110111110101011
00011111111011110010001111111100110111111101111111111101011010111111100010111101111011111101110111111001011111
11111111111111001101111110000011101011000111111101111010100110111101010001110011001111011111111010011111111111
11111111101111111110001010111111110111110111101111011111111011110101011110111111000011101101111110110011111101
10111011101101111001101100100011101111111110101011101011111011111110111001111100011110000011010111010001111000
11101010111111011101101110111011101101111110010011111111111111001111110111110111111011110001110111101111110011
11100100111101111101111111101010100101101010111111110010111110100111111100111111111100111101111101111101111101
10111101000000011111101010111101101101111111111011110100111111110011110100101101001000101010010110101111000101
11111011010011111111100111011111010101110111111111001000011111111001101110100100001111101111110010101111010110
11111111011111110111100001110010111110011100111010101010011111011111000010111011110111011111101010001100100010
11000010111011111111011111101100010110101110111101101010111011111010111101101110010011100011110100100100111111
10101110000101001111101111011111011001101010110101111110111111110111110111111100111111111011111110010000100111
01110111100111001111000101110101101111011111110001110111011111110101111010111001110111011010111001111110110111
10110111111011111110111101110111111000111111011111101111111101101111101101100111111101100111011111110000111101
11111110011001111111101110011110011111001101111101111111111010011111111110011101010101011111011111111100011101
11111010110101110100011010010110101101111110100111110110000111100111001000101110111111110101101111111101111010
10110110011001011001111111111111111010111111110001001010100101011110111101110001011111111010111110111101011101
01111011011101111111011111111100101011011001001001111110111011111111110101100001001110111101111000110110000011
11111010100101001111111101101110110111101111101101111111011100111110111111011111111110111111110010110111111111
11110000100111110011001110001010111111110000000101011110111011011101101101111100010111111111110110110111111111
11110101111101011001010001111101110010011111110111111011110100111001111010111101110111111101111001110111111101
01111111111100000111101111101100001000101110011101011101011111110111101110111110100011110111110010011110111001
01111101001110011111111101010110001010101110011011101111101111011111011111100110011100111101100110111111010111
11100111111010111101010100011110111111110111111111110111010111000101101001111110111100111111111110101111100111
11100100110100001101011111001111011111111100010110101111111111100101111110101101110011111110110101001011110011
00011110101011010101101010111101111010001101111111101010011111101010101101111100001011101110111101111111101001
00101101011011111101011111011111111100110111111110111111101100011000111011101111011111111110111111101111011011
10111101111011111111110110011101111110101110110010111100011110001010110011010111010110111001101001111110110101
10111000111011011111001111001101001101111111100111111111101010010100111110110110110111110111010101111010010000
10001001100111111001110101110111010011111001110011000001101011100001111111111111010100111111011001110110110110
11010111101010011011010111101110001001110101110101101010011001110000001111111100111111010100100111111111011111
01110111111110111111111111100011100111001101110101001011111010011100110110100111111111111111001111011111111111
11011100111110111100000101111100001011110011101001111110011101011101101111111111110111110111111000111111010011
11011110111101001100111111100111010101011101111101111011010110001101111111111011011111111111011111011011011110
00110010001010011111011010110110011101010010000111100101110100010101101111001111101011101001110111111110101101
10001110110110111110011000101111100111011100011011011011110001111010101111111111101111001110101101111111111110
11111111111111001111110111111111001011110111011011110111000111010011111011011001001110000011011111111011010011
01110001000111110111101100000111111110011011111011101111100111111011101111000111111110100111111001110110010010
10011111111011110101111111111110101110101011011101011111111111010101001110111101101111001011101011111100111110
11010111001011011001111111110111111011111110110111111110100100111110010111111010111101101100110000111101110011
11011100111111001101101111101101011111011000111010110011011011101111011011101110110010100011111111111011110111
11101111101001101101110100011100111011101111010011111111110011011110110011011110111110101011011110110101010100
11111110011111101111010101110011101111011111110010101011110111111101100101101111111101110111101111010110111101
01110111010111110010100111111111001111010111111110011011111111110111110101101111111111100011011011100111011111
11010111110111101001010011111111100011010110010111011111001100101111110010100001010111001100100011011001111111
11011101111010110010111011101110101000111111011111111111111111011111111100111110000111111011111011111001000110
10110001111100111111001111100101100111000101111110111111111011011011011111110111101101101110111110111010110101
11100011111010111011111111111111101111101000111011110010101011010110000000101010110111111011111011100100111011
11101111101000110111111111110110110111101100110101111010101010111111111011111110101111111101011111110101011011
11001101110111100110111101000111011010111110011101011111111110001001111110101101111101010101010111101101111100
11111111111100110111111101110011011111111111001111110011011111111110011111111001111010001111101111011101101110
11100010100110111010101111010101001111010110111111011100101011111001101001111111100100011101111111010011110111
11011101011111101111000111111110111101001111010101101111100111010100111111111111111011110111111000011111100010
10011110111100010101011101101010010000111110010011101011111110011111110011111111011111101101011101011001101011
01011101111101111110001111011011110101011110101010111011001110011111101111100101011100001111010111011011000111
11111111010101110111101110111010111110111100101111111111100010100011110110111111111111011011101111111111111111
01111010111101000111011001110111111111010111110111100011001111110010011110111011010011111011101010111011101110
10010111110111111001110011011011101110111110001110101110110001111101101111110011101111101111011000101011010111
11111110100100110101011110011010111111000101101010101110010101001111011001001111011111110111001011011101110000
00101011011000101101011110100111101111100111101111101111101111010101111111110110100101011011110011111111111111
11001111011111111000110101110111101011101000111111011111100111010011101110111111110011101010101100110111101011
11110000101111110110101100010101100110101101111111110110110110111111011000011110111011111010110101111111010110
11101101101110001111101111111111011100111101111111111110101111101111110111111011111111001110110111101110110101
10001111101111101101001100111001100111011011111110111011101111101101101101100110110111001101011011101100111101
01111100001100001000111001111011111111111001111111101110011111111010111011111111111001100101010110111100111001
00001010100100111111011111111111010011101011110011010001011010101001111101111111111101111111101111101111111111
11101111110110011101111110100101111011101110111011111111101111111110111010110110010011001011100111011111110101
10100111111011100100100110111111110011111110011100110010011100111000110101111011111001000101111001110110110110
10111001011010101111000111011001111111111001011111110111111111111011101011011011111111110110110111011111111111
11111110110111011111111111111110101111110011101111110111111100100111101101100011110101010111111110110001000100
01010101111110111111101101111101111101101101110100101111111011111101111011110111011111011011111111110110000101
01111101110010011111111011101111111111101001101001101111101010110111111110011101111110111110101111101111111110
10010011010110101111111001101101101110100011111101001000111010111101011100011101111111111010100011111110111010
11111011111111111100101111101011100101001111110111111011101110111110001011111001111110111111111100000010101101
01011001011111110011100010011101011111001010110000111011111101111111100111111010101110100101011001110001110111
00111010000101101111111110000110101110110110111100111010101101111111101101100111011100011001110000001010111101
00011110101111001011110000101111110100111000000110111111100111110111111111110010001110100101000111111111111111
10111010111111100101011111100010011011110011110111111101101111101011100111111111111110110110111001111111010011
11111011101011111100101110101001110101110111101110110111000110111101101111111111011100011111001110001111011111
11101111010001111110011111110110111010110010111011111111011111111101111111111101111101110010001011111101111111
00101111111010110111111110111011111101011111010111010111000111101111111111111100010110101011010100011011111110
00111011101111111000101111110100011111100101111101111100110111011111101010110110110011101101101100001101011111
00011001111111110111110010011111011111101011110001011101101111010011101000001111111111010001111101111111001011
282 272 293 148 152 161 74 66 