110
110
11111110011111110111111111111110111011111111110011110111111101111111111111110111111111111111111111111111101111
11111111110111111111111110111111111111101001111011101100111111110111111111111111111111111111111111011111111110
11101111101111101111111011101111111111111011100111101101111111111110101111110110111111111101111011111111011111
11101111101111111111111111011011111111111111011111111111111111111111111111111111111111101111110111011111101101
11111111111010111111111111111011111111011111111111101111111111011011111111110110111111111011111111111111111101
11111111011111111111111110111101111011111111111111010101111111110111111110111111111111111111101111111111111111
11111101111111111111101111111111111111111101101111111111011111111111111011110111111111111010101111011111111111
11111111111110111110111011111111111100111111111011111111011111111111111110111111111101111011111111111101111111
11110011111101111111111111111111111111111111011111101011101011011111111111111111111111111111111111011111111111
11101010111111111111110111111111111110111101111111110111111111111111101111111111101001111111011110111111010111
11101111111111101111111111111011111111110101111011111111011111111111111111111111011111110111111111110111101111
11011011111111110111111111111111111111111111111111111111111111011100111101111111111111101111110110111111111011
10111111110111111111111111111011111111111111101101111111110110100110111111111111011011111111111111111111111111
01111111111110111111111111011110011111111111111111111101111111111111111111111111111111010111111111111111111101
11011111111111111111111111111111111111111110011101111111110110111111111111111111111111101111011010101111111111
11111100111111111111011111111101011111111111011111111111110111111111111111111111111111111011111111111101111111
10111110111011111111010111111111111111111011111011110111111111011111101111101111111111111111111111101111111111
11111111111111111001101111111111111111111111111111011111101111011101111111111110111111011101111111111111111111
11111110011111111111111101111111111111111111011111010111111111111111111111111010111111111011011110111111111110
11111111111111101111111111111111111111001111111111111101111111111111110111101111111111111100110111111110111111
11111111110111101111111111111111111000111111111111111111011111111011110111110111111111110111111111111110111110
10111110111111111111111111111111111111110111101111111111110111111101111101111111110111111111111111111111111111
11111111111111111111111111101110111111111111111111111111111111101111111111111111111111111111111111110111111111
11111111110011111111110111011111111110110111110111111111110111111111111111111110111111111111111111111111111111
11111111010111111111101111111111111011111111111111011101111111111111111111111111111111111111111111111111111111
11111011011111111111111011111111111111111111111111111111111111011111111111111111111110101111111011010111111110
11111101111111101111101111111111111111111111110111111111111111111111111111111011111111111111111111111111111101
10111011111110111111110011111011001111111011111111011111111011101111111111101111111111111001110100111111111011
11110111100111111111111110111111111111111111101111111111111111111011111111111101111101100111111001011111111111
11111111011110110111111011110111110111111011101011111111110111111111111111111010111111111111011011111111111111
11111111111111111111111111101111101111111111111111111111100111111101110111011011011111111110111110111101111111
10111111111111011111111101111111111111111101111101111111111111111111111111111111110111011101111101111111111111
01111111111111111111111100111100011111110111111111111111111011001111011111111111111111111110111111111111100101
11110111111111111111111101101111111110111111111111111111111111111110111111111111101101011101111111110011111111
11111111111111111101111111001111111011110111111111111111110111101111111111111111110111111111011101111111110110
11111111111111111111111111110111111111111111111111111101111111111111011101111111111111101111111111111111111111
11111111111111111111111111101111111111111111111111111111111111111111111111110111110111111110111111111011101111
11101101111111111111111110111111011111111110100111111111111101111111110111111111110111101111111111111111111111
11111011111111111111111111111011111111111111111111111111110111111101011111110011111111111111111011111101111111
11111110111111101111111111111111101001111111111111111110110011111111111111111111111111111111101111111111111111
11111111110111111111110111111111111111111001011110111011101111111111111111111111111111111110111011111111111111
11111111111010111111111111111111111111111001111101111111011111111111111111001011101111111101111111111111101111
11111111111111101110111111111111101111111011111111111110111111111011101110111111111111011111111111111110111010
11100111111111111111111111110101111111111101011111100010011110111011111111011110111101111111111111111111011111
11111111111101101101111011110010111111111111111101111110011111111111011110111101111111101111110111111111111011
10111111111110111111111111101111111111111111101011101011111101011111111011101101110111111111111110111111110011
11111111110111111111111011111111011110111111111111111111111111111111110111110011111111111111111111111011111110
01111111111111111111011111110111011111111111111110111111111101111111111111011111111111111111111111111111011111
01111111111111111111111111111111111101111111111111101111101111111111111110111111111111111011111111111111111111
11011111111111111111101111111111101111111111111011111111110011111111111111111111110111111111101111111111111011
11111111111111111111011111111111111111111111011111111111111111101111111101111111111111110111111111111111101111
11011111111011111111011111101011111011101111111111111111111111111111111101101111011111111111111011111111111110
01011111111010101111111110101111111111001111111111111111110111111011111110111111111111111111111111111111111111
11111111111111111110101111111111111111111111111111111101101111111111111111111111111111101111111111111111111111
11111011111011111111111111111111011101111111111111111110111111111110111110011111111011111101111111111111111011
11101111111111111111110110101111110111111110111101111111011011111111111111110110111101111111111111101111111110
11111111111111111111111111111111111111010111111111111111111111111110111111111111111010111111111011111111111111
11111111101111111111111110111111110111011111111111101111111111111111111111111111110111010111111111110101111111
01111111110011011111111111111111101011111011011111111111111111110011111111111111111111111111111011111111111101
11111111111111111111111011111111111101011111111110111111111111111111111111111110111111111111110111111111111111
10111111111100101011110011111111111111111110101011111111111101011111111111111111111111110111111111111111111111
11001111111011111101111111111111111110111111110111111101111111111010111111111111011111111111111111111111111111
11111111111111111111111001011111111110111111110111111111111111011011111101110111111111111111111111111111111011
11111011111111011111111111111001111110011101111110111011011101111111111011111111111111111111111111111110111111
10111111111111111101111111111111111111110111101111111111111111111111111111111011110110111111111111111101111111
11111111111111011110111101111111111111100100111111111111111111111111111111111011111111111111111111111111111111
11111111111111111111111111111111111111111111110111110111011111101111111110111111111111111111111110111111111101
11101111101111111111101011101011111111111111110111111111111111011111110111110110111111111111101111101110101110
11111111111111111111111110111111111011111011111011010101111111011101111111111111110111110111111111111101110111
11111110101110111111111100111101111111111111101111111111011111111111111111111111111111111111111111110101111010
11101111111110111111011111111111010111111110011111111111111111111111111111111011011011011100111111111111110111
10111101111111110111111111011111111111111111111111111100111111111111111111111111111011110111111111111111110101
11011111111011011111111111111101010111111111111011011111111111101111111111111111011101111111101111111111111011
11111101111111111111101011111011111111111111111111111111111110111010111011111111110111111001111111111111111011
11111111110111111011110111111101111101011101101111111101111111111011111111111111111110111111111111110101111111
11111111111111111111111111111101011111111111111110111111111111111111111111111111111111111111111111111110101111
11111011111111111101111101111111111111111111111111111101101111110110111111111101011111101111111110111111111111
11111111101101100111111011111111011111011111110110111101111111111111111111111011101111111111111111110111111111
11111111111111111110101111111011111111111111011111110111111111111111110111111110111111111011011111111111011111
11111111111111110011101111111111101011111111111110111111101111111111111111111111111111111111111110111111111001
11111111111110111111111111111111111111001111111111111111110111111111101111111111111111110111110101111111111111
11111111111111111111111111111111011111111101111011111110111111011110111111111111101111111111011111111101101111
11101111111111111111111111111111110111111011111111111101111111111011100111111111101111110111111111111011111111
11111111111011111101111111111111111111111111111111111110111111111011111101111111111111110111111111111111111111
01111011111111111111111110111111101101111111111111111111111111111101111111111111001111111111111111111101101111
11111011111011100010111011111111111101111100111111111011111111111111111111111111101111111101111111111111111111
11111111101111111111011111111111111111111111111111110110111111111011111111111111110111110111111111111111111111
11111111111111111111011111111111111111111111111111111111110111111011111011111111111111111111110110110111111110
11111111111111110011001111111111111110111101111101111111101111111100111111111111111110011011011111111111111111
11111111111111111110010111111011111111111110111111111111110111011111111111111111111111111111111111111111111111
11111111110101111111111011111111100111111111111110111111111110011111111111111111111101011111101111111111111111
11111101011101011110111111111111111111111011110111111101111111011111111111101111111111111111001111111111111101
11111111110110011111011111111111111111111111100111111111110111111111111011111111111111111111011111111110111001
11111111111110111111111011111111111111111001111111011011111100101111101010110011101111111001110111111011010111
10011111111111111111111111011111111111111011111101111101111011111000101110111111110111111111110111111111111111
11111111111111111111111111111000111111111111111111111111111111111111111111111110111101101111101111111111111111
11111111111110111111111111111111101011111111111111111111111011111111111111111111111111111111111111110111111101
10111111101111111111111111111101111111011110111101110111111111111111111101111111111111111110111111011010101111
10111111111011101111101101111111100111111111111101111111110111101111111111101001111111011111111111111111011111
11101111111011111111110111111111111111111111111111111110111010111111111111111111111111111111111111111011111111
11101111110111111111111111111011011110111110111111111111111111111111111111111111111101101110111111011111011110
01111110111111111111111010111011111111111111111111111111111111011011111111111111111111011111111111110111111011
11111111111111111111111111011110101011111111101111111111101111111011101111111111111111101111110111111101111111
11011111111111111100111110011111110011111111111110111111111111111111111111010110111111111111111111111111111111
11111111101111111101111111111111111111110111110111111011111111111000111111111011011111111111111111111110111111
01111101111101111111101111111111111101110111111111111101111111111111111111111011011110111111111111111111111111
11111110111101011111111011111101111111101111011111111111111111111111101110110111111011111111111111111111111111
11111111111111111111111101111101111111011111011111111111111110011111111111111111111101111111111111111111111011
11111111110111111111111111111111111111011111111011111110111111111111011011111111111111101111111100111111110101
11101101111101110111111111111111101111111111101110111111011110111111101111111101100010111111111110111111111011
317 300 299 160 153 174 72 87 