110
110
10111111011011111111101000111111011111101010111111111101111110011111110001111111011001001111110110111111010010
11011110111111011100101101010101010100101110010011101110110011100111100111101010111111011010111101110100101000
01111101101011111110000111110111110111111111010011110111110111010111111101011110001111111110010011110011110101
01111111101010110110000111000111111110000100111101011111111110110111110111110101111101111111101011010110011011
11110010110101011001101111110001000011101101011111110111111010100010011101100111111010101101010101110110011010
10111101111100000101011111111101111110000101110110111101001110110111111100111110111001111100011011001111100111
10110110100111110001001101010111110111011111011111110111111011110010111001111100111111101101111110010011001101
10111010011111111111111111111111101111101110111101110011100001101100111001011111110101001111111111111000010111
11101011111111101111101101111111111011101001011001111111111110101011111110011111111101110101110111100111111011
11101110011111110001011011011000101111011110111101111110110000011010101101110001111110111011011111110101101011
01101000011111101110111001101111111111111011111110111111111101101110011010111110111111101100111101111111000101
10101111111101001010011100111110111111011111111001001011110000011001101111110011111000111101011111011110001011
01111111011011011000011001111011111110001111011111101011100111100111101011101011101011101110011011111100111110
10011111111110101111000011010111111111111011111111111010110010011110111101100110011011000111111101100101101110
10000100111111101001010100110101110111100111111001101101010111011110000111011111111111001101111111101111010111
11101000111110110010011111111000011011001101010111011101101010010011101110111111111111111100110111011110110111
00101111111010101111000111010100110111111111111001110010010011011101110111110010011110011110011111111001011111
10010111000010111111101010011111010110110111111110010111011111111011101110001111111110111011001110101111100111
11101100001001111010101110111111100110111011111111110110111101101100111111111111001111111101110010011111110110
01010011111101111111111101111101011011010110101110101111011110101011111010101100110111010111101010111110101001
00111111011111111110111000010110101110001111000111001111110011101010111011011111010111111100110111011110011110
11110011101000111111101011111110111010110111011011111101111101001111101001110001101100100111101100111011100110
11110111111111111001011111100110001100011011111111010111010101110110110111111111111100111110010011111011011101
10111111100111111011101110010111011001111111111101110101101100110110111111111011110111111110111011010101011110
10011001111111110100101101100111101111001100111001111001011111100111011011111110100111101011011110101100111111
01101110010111110101111011110000101110010100111011110110110111111111101111100111010011111011001101001011110110
11100010101101111111111110011101111110110101001000000011101110101111001001111111111111111110001101111110001001
10010110111111111011111110111101111011111001101111111011011111101100101111111101010110000111010100111111111000
11101011110111111001001101101000110111110111111001010111110110101111001110111001100010111111010111100011001110
11101100010101110010001111100111110111101110111111110000010001110111110111111110101110101100101110101101111001
10101111110010010111111101000111101101000011111110111011001011111011111010101110111110110010011111110111001011
11111101011111100111101011011111010111110010111011010111100111111110011011000111100001101111011011001111011001
11110110101101101111110111100100011111111110111111100110110111111011101101001111010011111110001111110110111110
11001011001110110110111101101101100101011001110110100111010101111011111111010010001110111111101001001101011111
11111111111111001011110011111011101100001101011110111111110011011000111001111101110111111111011110111101100111
11111111101111110001011101001010111111100111101010111110010101111101111010111110110111100111110111110111111111
11110011110101101100111100100001101111101101100110111111111110110110111110111101101110110011101101101001010010
10110111111011110110111101111011111011111101110111111111110111111111111111001101111111110111111101110100010111
11110110000100111011101111111111100110010111111110011110011110010000111101100011001010011110011011011111111010
10011101100111010101111011110111111110111111001011110111011111011011111100101111011101001001111111111101011101
11111011011110100100111111101100001011011101100111111110110110010111111111110110111111111111111001010011100011
11110011111110101110110010111111110101111110100110100101111110101111011111101111111001010110111111101101111010
11011010101110111111100111010101111001111111111111011101001111111111101011011101100111110111111100110000111101
01101011101111001101110011111011001011110111111101011001111010111011101000011101111110111011111101010011111111
11111010110100000111111100001100100110101111101000110100110001001101111111010111101110111110111111100111101111
01110010111110011101101111111111100111111101100101011110010111110111101101110111111101101111101000111111111111
11111100011101101111101101001111011000011111111110011111001111111100100111000110111100011111101001111110111011
00110011111010101111100101010111111001010111111011101110011011111010011001111011101111011111011001111011011111
10111001011110111100010000000011111110100111111111110111000111010001110110111101001110111010111111010100101111
01111110001110111001111100000001110111110011110011011001111110101111110011001100111001000110110110111011111101
10011110100111110110011011111111011001101111110011100110111111111010110011111001111100110010100101101101010011
11111101010011011111111111101011100111011111111111101111010111110111001001111101110101111010110100001000110101
11110111111110111110100111111100010110011111101111010011011011111111110111101101110011101011110011100001101011
11110100111110111111111111111111001111111111111011011011010011101110111000111111011010001111101010101001011111
11111011100110001011011000001111111011111011111111110101101111110101100111010011111100111111111111101111101110
10111100100101111110001001101011111110111110100011010111101111110101000111111111001111111111011011110011111111
01111101101111011111110101101111101110101000111111001001011111111011101111101101110011111111111011111111111111
11111010011111111101011111111010111001110111110111111110101101111111111111111110011110111111010011100101111011
11110010111011111000010111111111101111111010101111001100110111110011010000111101000111101111111110111101110111
11111111101111011111011110111001011111001100011011111001011101101101111111101001101101011111101101111111011111
10001101011110111001011001011011011100110010011001110111101111110111101010010101100111110101011110101001111101
11011011010111111111010010111010111101100111101000111101010100111011001001101111110111110111110111001001100110
11011110011111111011111101001111111010111111101111010110010111110010110010111010111111101011001110111111111111
01110110011101111001001101110111111110110111100111101111111111111111101111100110011011111101110100011110011101
11111111011111111110100101010111111101111011111011110011110100101111100001111100010101010010111111111111111100
10100101011000111001110111101111111011110111101101111011111101111111011111011110101010111011011011101111101001
11001100011111101100101011111011111011111101110111111110011111101001111001100001100011001101100111111111100111
01110010001010011000101101111011111100110001100101111100011111110011111110011011011011111110010100001111111010
11010100101010111100111010010111101111110111111001101111110100111110111011111110101101101111011011000111010111
10111001111101101101100111101100111001100011101110100100111111111111011111100111110101100101010011111111010111
01001011110110111111100111101110001011011111111111011100001110100111111111111111001111111110110110110111110111
10001111010111111000010101001110011111111010111111110001010010110111110110110011100100110011100001111111000111
01011000111011100101101110110110111001011010011111111111011011111111111111001011111011111111111010001001001010
01101111111101101001100111101101101111011101100001101010100101110111101011111111011010100000111111111000111111
11001011111101100110000001111101000111101011101111010111110110111111010010011111100111110011111111100111111111
00111111110101110011001111111001101110010110101101110111111111111101111111011110110111010111101010110001110101
11110111110100111101011101101011101011111110110110000101111111111011111100111011110111111111111111101111101111
00001101111111011111111111001110111010100010101111110110111111101000011111101101111111110111111111101111111110
01101101110101100111101111100111111101000110111010111111110011111100111001101101001111011111011011111111110111
11101111111101111110100111111111101110110101011001111111011100101001100001001101101100110111111100101101111101
11100111111110111011100101110001101111101000111111111010111110111111010010110111001110110101011111101111111111
10111110111111110101101011100000101101111100011110111001111001000101111101101011111110010100011001011101101111
11101011001111010010101110011101111101111000010110110110101111101100011111111101110100101100101011010111111111
10110111110110110111110111011010001110011111101101001111111011111001101001101111011111011111101000111110011110
10111101111110011011101111111111101100111111011011111011111111111101111110101101110111100100010111110111011111
10110111110011011101011110111111111111111110101110001111100011111111010001111010110110110011011111100100111100
11111110110110110101111010111010110110111111101111111011100111110110111111011100111101111110111001111111011111
11100001000111111001110011111111011000101101010110001111110000011011110111101100111101001001101011100110111101
11000111110011111110000111011101100110111100111011111010001000111110111001000011111010110011110011101110111111
11111111001111010011111111111010111101101110111011001011111101100111011110111111101010011111111010110111111111
11010100111110111111111001010100011111111011111011011011110101101100110001001111001000001110111111011100101011
10001101110101111011100010111111011111111010101111110011100111101011010111011010111000101110111100111111110111
10111111001111101110111111111110110011001111111111111111110111010001011111111101110111101010110111010011010011
10110011111111111011111011110111011111101010111111111001110101111111011111110111011011101101111101110111100101
11110111101010111100010011011111001010101111000100110101111101111111111100111110001001001111100000001101101111
10111111011110111101011010111101001111101111011111011111001010111111100111100100111111100011100110110111000101
10111110101110011111110111110111011111000011111101011110011111110111011111101001100110111100111111010010101111
11001011111101111111101101011101101111011110111011111100111110111011011111000111111010010111011100111100111111
01110001111100111111101110011110010110110111111111001111101111111011011101101111010011011111101111101110011111
00111111001000111100101101000011110110011001011111111011111011001111110101110011011110010100110111111001111110
11011011111011111111010111111100110110111110101011011101111111111101011111110101111000101110000111100110111101
00101111001101101101101101110111111110011100010110110110110100011111111110010111001111000010101111010111101010
11110111111001010110111110111011110011010111100111111011111011100111111011111110100111000011111101110111100011
00110100011111111011111111111111111101111101011101111010100010111111111011101011101111101110111011111000111111
11111111111010111001100110111111011111111111111111011100110111011111000101111110111111011011110111011111111001
11000001111001111011101011111101011011111001110000111111110111011110010111111111110111110111101011011111101111
11110111111111110001011001111111101010011011011111011101110100011101110000010011111101000110011111111110111101
11111101101110101111101011011110101000101111101111111100110101101111110111010101101101111011101110011111001110
11111100001111101111001111100111011010111001110101111011100101101111111111101111010110101101111111011110001111
11011110111101100111111110111101101101101101111111001011110010111110100100110011101101101101101101110110111111
185 174 185 114 101 103 48 49 