110
110
01100010001100101101101101000010101000001101110000110111111111101011100010000100010100101011100101101111011001
11111010011010000100000000001100000111000100111011001100111100101010101000111101010000100111111101000000110111
01111001100010001111001111010011110110011001011101010110110001101011001001110011111011011010001101010100100100
01110000110111101001101100001001100000011101100010111100010010001001110100100101101011001100100100100000010001
00100101111011011001100101011001011110011101000111111000110010001010101010011100010011001100111110001001101101
01101100010000100111110110000100001101000011111001111101110010000111011111010010100011011010110001011110011001
00010001101001111110010001010101110111110100110000100111101011001101010001010100011010100011111001011011111110
00110101000000011100001010010000000100001011111111111001110010111011011011010101101010000111110000100111010001
01111000000011010110010001001001010001100011111010010000001101111011000110010110001100011010001100010111000101
10110101011011100110010111011110111110111001000100010011010000100101110110011100110101010010100001001000001001
10010110110010101001100100101101001100100111001101100101111111000010101101101010000000010000001010100110011110
11000101101100011110011001000010111100011110111110100101001001101010000110011110000011110101000011000011010010
00101001110001010110111000001100110101101011110011000100101000111101000001000010001100111001010111011110110011
01001001111011110110101001110101001101001011000100010000001011111101100001001100101010011110011110111111110011
10100100111111111111010111000000111100011110000010111100101101000100111100000001001100011111010100010000111011
00001101110001000001000110101011011000011001110101100111100010000111010111011101010111000011101101110110100111
01001000000010011110001010110110111101111110100111101011111111010010000111010101100010110010011101001100100100
00010101100001010000011010001000000110010101011010001110000101000001000001111011110100100000101110010001100011
10110101001001111010110000101110001111111100010110010011110100000101010110010011111001000100011100010000100001
00110000001001001100000110111100110100111000001000100000010111010100000001010100011100011111001000010000001011
11010110001011001100110011100000111111000011011100110101101111001110001110010010100111011101001010001001111100
11011100110000110000011111010001000001011110001011011001000010001011101111111110000110001111110100101110110010
10000100110001110101111000000010111010100111011001110011001001110110001001100011111010000010000010101001011111
10011101110010000011010000010111101101111011101101111101110010101111101001110110001001100100110011110001110100
11001001111000111001101010111110100000011111101001111101111111011101001001100010010110110110110011101101100010
11000000101100101101010001001101010111001111101001011101010101101000110101100011101111110100100100000100011000
00111011010101100100101110010010100111000110111010110010010001000101110100011100101001110101111001011011010000
00101011000101110101001101000001111000110110011111111010111100101011000101111100111011001010010110111100101110
10001100001110001000100110011001010101110010011110011001100011011010010000010011001011000110010110001001101110
01000011101011101100011100111100100101110110100001110011101011001101001100110111101110010111011011011101000011
00100011100011001011111111110010000010000111110101110101100010011011100110111110111110111101010101010010101001
10000111110110110111000010001001010000001111101101001011100110010010100000111101010110001101010111011100001010
11110100111111011010001000001000010110100001110011001001000101101100110000100001011011111100111001100101110100
10100110111100111010011101100001001011101111001100100000110010010101101011101001101111011100111111111101000111
01001101110101101010100100011100100111010001010010001100011001110000101010000011010101111001010001011001011000
01001011000101010001100001001100001011100101000001101011110110011100010101000101001100011111101100011001110111
00101100111111001011111100110000000000010101010110001010100101110110011001110001010001100101000001101000000101
10010000010110011100110001010100111000101111011010000100011101011101001101100010001001101100110110111110110100
11001010111011110111000010100011001001110100010111001001101100111010111110000011100011000011011011000001001000
01100111011011010011000001111011101011000011111110011100011110111111011000100010001001110100110110000101010100
11111100101111000011011101010010000001100111101101000111111001100011011000011110010011010100101100100000001011
10000011101110010011101111101110011100000010000000010001001100001111101100100000001000010000000011101111010010
10000011000010010111111010111100100011111101000010111011001001010111100000110101100111001111001011000111100111
00011101100110100010001000000110001011100001010110100101111101010010001001111011011010101010011010001010111110
00111111100001101001010001101001110011011111110111010111001010001110111000111100111101001111100000001011100101
00011101001001011011110110101111111101010100011110110101000100111001001101101001111001011010111010101000110000
00001110000100110001110110011011010101101010101110111101111101100011001000111101011101000111011110011010100001
01001011111001011000010111011010111100111111101011100101100001110101100111110010110011111101101110101001001001
11101001110101000001011110100100011110001011000001100100000111010000001101001011110011000001000111001000110111
01111101110101010111000001110011011100100110110110011100000110011101101000010110010010010000010100110111110101
00011011011001011101101101011011111110001011100001100000110110100110101110010010000001000001000111001110011100
11010110101000110100101111100111101010111101011111111000110011000101111111110110000011100011001101000110010110
10110000110000101100101100110101010000000001000010101011111001001011111010110001100011000101111100000010100000
10101001000000010000100011100000100100101110100000001101101001111110101101010111111010001011010110100001100100
01110001011011001001000000101100101111110101001000110101011110111101101111101010101101101100011000000010100011
11111101011000111001110111001101010111010011111001010110110000010011010000110110010110101101101111110000000101
00110101111011000111001110001011101010111100110110001001000110011111100101110100111010101101000101000110101110
00001101111111001111010010101000111100100000110110101100110100000111000110000001110010101000111101011001110001
10111000000110101111101100001110111110111001011100100010100010000010011111000011011001100110101100011110010101
10111111001000110111101010101110010100110111110101110000100011110101010000110000001110111010011110101001111110
11101000000101100001000111010100101010010101100110001101010101000100001000000001000110100010000000100100010010
01010011011100111010110000111001001111100010110101101011011111101011111000110011011111011011010000111110111000
00111101101111010011101001010110111100000010000101110101010011000011011011101101110010000011100100001100011001
00011011011001011000010001101011100110100010100001001100001101000110100101011111101001101100101010100000001010
01101011000010101010111100010001111110111110111000111111100000111010111111010010100010010001010110000111101110
00000110110110101000000000001010111011010101101001100111011100110001101010010101100011111001101000000011011010
11011001011000100010000111011011011100011010101101100101100000100010100100111100100001000100010111100011110101
00110000010001110011000111110110101100001001011011011010010010000101001101000011010001111111010000010001100100
00011111111011011010001001010010000101010111110111100110101100110101100111100001111100111001100000110001111001
11110001101110111110010110110111010001011010011101000001101010101011011110110100100011001001001000101100000011
01000011111100010101110111000001111101101111001011001101000111111101011011111110000011000001011001010000010011
01010010111010011010100111101100000100010101000001111010001001011001010101101101111111000100011101101000100000
11111111000100000000111100000111111101000101001111011111111011110001100101001110010001011101001111111011010001
10110101011101000010011110101010101011000110000001011011011101110011100101110010111000101000011001101101100100
10101010001111011011110101001100111010110111101001101100101010000111010111011110010111001111110110000100111000
01110111001110111001100011001100100000011001000000110110100111110111101111100100101100100110111011101010000100
10100000101010111101010011111101111000001100100000001010100110110111001011000011010010110010111101110000000101
00110100010111010011011101101001011101011110110110010100001111001111011101111001101101111111011110010011111001
01011000101010001010011001001001010100001000001110010101110011100101001001011111011000010011000111111100010111
11101011110100100001110000111110101101101110010011111010000001011001111011000110010000010110101010100100010101
00001011011111110000010000000110000100010111101100100100111100001100101011111111001100011011011110011000101111
00111111000101001000001010100010011110011010101001011111011101011010001010011110011011011111101111000001011010
10111000110111010000011101001001100111110100111101001110001100001010000010110101100011011100001000000011001011
11110001100100110000001011011011011010000010011011010011111101000110011001011111100101101111100010011011101001
00001000111100111011111110000110111001010101100011001001011110111000100001101011111011111110100110011110110010
00111100010110101010101011110100100111110011111011010100000101110011001100100010111110010100110000111100110111
01010011101111001011101000100000011101100101110010010100110000100011000010000111101111001001110100100000001011
00011001000001011100100010011000110100100000110100010010110010111111101011110110010110001000111101010011011110
10110001111110011000110010010010011111100110111011100100111100001001111111011100000011000010001001100001010000
11001011001101100000110111001100001100011001011111110011010111001110001010011100110100000110110111100110010001
00111101111001111000111111110001111101101011010110101111000000001010111100101011101111101000111110111101111011
01001010011001010111111101101111001001101111001000111010100000000010011111010110011000101100110011000000011110
10000111001101101001111111111000001101011001011011111001000111010000110101011111011111111011101011000101110011
11001001011111110010010100000000100110110100100101000111000001101100000010011110010001101000101001000011101101
01001010010000101101100000010111100110100010001111000111111010000111011101101001110001110100010100100011110100
01011001010000100110011101101100011111111101000011001001111111000101010110001101110001100011001000001101110110
11011011110110110000100101001000011100110000010001000001011000011001100000101100100111101010000110001100000000
11101001101100101011101110110000001011101101000101001101101001110111100110000111101011110100010010010110001101
01010111011010010001101100000001100101100001100011000111110110000101000110010000111001010110100101111000001011
00000100110011100110110000010001111000010010011110100000000001111001100101010100011111110111110010100101100100
10000011110111111111000010001100011011111000100001000001000000011011110000010110010010010010101011001111000011
10101010101101111010111011010001010011101110001011011101111101101000100100110000000100010100110111010101011100
00111010111010010000000000010111000010000010011001100001111110110100010011000100001101000011000011001101100000
10111111000010010111110011111001111001101100000111011010001110001100100000100011111010001100111011001101001001
01100010011110001001011000110111001100011001010101110100101011101100010110011010010001000111011001111100101001
01110101010000110011101000001101111000001101111111000100010100100101111101001111100000010000011110000001011011
01001100010010010001101101100011111101011001001011101101101100111100011111001011000000110110101000011000001011
10111110000110000101111010101111000010000111101011101001010011001100000111111000000010111111110011011110100000
01110100110000101111010000101111010110000000101110011011010110101110111000111110011100100100000111100110010001
01110011101110010100010110000100001001001100100000001011000001100000111011111001011011111011000100100000100101
159 151 169 86 70 75 41 44 