110
110
11111111111111111111110111111111110011101101111111100111111111110111111111111011111011111101111111111111111111
11111111111111111111011111111111111111111111111011111111101011111111111111111111111111111111111111111111011111
11011111111001111111111011111111111111111111101111111111111101011111111111111110111010111111111011111111110111
11111011111111111111111111111111111111011110111111111111111101111110110111101111111111111111111111111111111111
11011111111111111011111101101100111111111111111111111111011111111101101011111111110111111111111111111011111111
11110101111111111111011111111111111111010111111110101111111111110101111111110111111111111111111111111111111100
11111111011111111001111101111111111101111101111111111111111111111111111111111111111011111111111111111111111111
10111101111111111111111011111111111111101111111011011111111101111111111101110011111111111111111001111111111111
10111111011111111101101110111111111101011111101111111111111111111111111111011111111111111101111011111110111110
01101111111111111111111011111111111110111111111111110111111101110111011111111111111010111111111110111111111001
11101101111111111111111111111111111111111110111111111111111111111111111011011111111111111010111111110111111111
11111111101111110110111111111111111111111111111111111101111110111111111110111111111111111111111100111111111110
10111111111110111101111111111111111111011011111111111011101111111111111111111111111111111111111111110011101111
11111111111111111111111111101101111111101111111111111111111011011111101111111111111111111111110110110111011111
11011111011111111101111111111011110111111111111111111011111101111110111011011111101111111110111111111111111011
11111101101111111111110111011111111111111111111111011110101111111111111101111111111111111100111111111111101101
11111111111111111111111111111111111111111111111111010111111111111111111111111111110111111101011111111110111111
11111111111111111111110111111111111111101111111111100111101111111111111111111111011111111111111111111111101100
11111111111111111111110111111111011110111110111010111111111111111111111110111111111111111111011111111111111011
11101111111111111111111111111011111111111111111111111001111111101111111110111111111111111110101111111110111011
11111101001111111111111111111111111110111110111111101111101111111111111111011111111111111111111111111110111111
11101111111011111111111111110111111111101111110101111111111111101111111111111111111111111110111111110111111111
11011111101011111111111110111011111111111111111111110111111111111101101110111111111111111011101101111111111110
01111111111111111101111111111011011111111111111111111111101111111101111111110100111011111010111111111111111100
10011111111111111111101011111111110110111111111111111111111111101111111111011111100101011111111111111011111110
11111110111111110111110101111111110111111111101101111111111111111111011111111111110011111111111110101111111111
11110111011011111101111111101111111111111111101110111111111101111111011111111111111111111101111111111111111111
11111111111111101110011111111011110111111011101110111111111111111111111110110011110101101111111011111111111111
11111111111110101111111110111100111111111111111111111111111111111111111111110111111111111110111111011111011111
10111111110111111111111100011111101111011111111111111111111111100111011111110111011001111011101111111111101111
11111111111111111111111111110001101111011111111111111111011111111111111100111111111111111111111111111011111111
11111111110111111010111111111101111111011101101111011111110111111110111111111111111111111111111111111111011111
11101111111011111111011111111101111111111110111101111011111111111111111111111110110101011110111111111111111111
11111111111111111111011111111111111110110111111110111111011011111111111111111111111111111101111111111110111111
11111111011111111101111111111111101111011111111111011110111111111110111111110111111111110111111101111111101111
11111111111111111110111111111111101111111111110100111111111111111111110111111110111111111111011110111111111110
01111111111111011011111111111111111111111111101111100011110111111110111110010111111110011110101111111111111111
10111110110111111111111111111111111111110111011101111101111111111111111101111111111111111111111111111110111111
11111111111111111110111111111011111101111001101101111111111101111111100111111111111111111111110011111111111111
11111101111111111111111111111111111111111111101111111111111111001111111111111111111111111111101111011111111111
11111010111100110011011111111111111111111111110111111110101111111111111111111111111111101111111101111111111110
11110111110111111111111111111111110111111111111111111101111111111111111101111111111010111111111110111111111111
11111111111111111111111111111111111111111111111111111110011111111111111111111011111111111111111111111111111111
11100111001111111011110111110111011111111011101110011111111110111111011110111111111111111110111111111111111011
11110111111110011111111111011111111110011100111010110111111111011111101111111111111111111111111111111101101111
10111111111101111111111110111111111111111101110111011111100110111111111010111101111111111110111110111011111111
11111111111111011111011111111111111011101011101111111101111101011101111111111111111110111111111111111011111111
11111101111111011111011111111111011111111111011111111111111111111111111111111011110101111111111111111111111111
01101111110111111111111111111111111111111011111111101111110011111110111110111111101110111111110111111111111101
11111111111101110111111111011111101101101111111111111010101011111001111101111111111111001111111111111111100011
11011111111101111101111111101111110111111111101111111111111111111111011111111111111111001111101111111111111111
11111111111111111111111101111111111111110111111111111110111111011111111100011111111111011110011110111101111111
11101111110110111111111110111111011111011111011111100111111111111010111101101111111111111111111111111111001111
11111111111111110111101111111110011111111111111111101111101101111110111111111111111111111111111111011111111110
11111111111111111111111111111111011111111111101111111011111101110111111111111111111001111111111111101101111111
11111111111111111011101111111111101111111111111111111111111111111101011111111011011011111111111011111111111101
11111111101111111111111111111101111111111111111011101101111011111111111111111001111111111011111111111111111110
11110010111111111111111111111111110111111111111111111111111111111111110100111111111111111111111111110111111101
11111101111011101111111011101011111111011111110010110111111111111111111101111111111101111111111011111111111111
11111111111011111011111111111111111111101101111111111111101111111111111111001101111111101111110111111111111111
11011111011110111111111011111111111111111111111110110111001111111111111111111101111111111111111111011100111111
11011011111111111111111111111111111111111111111111111111111111111101111111111111111110111111111101110111111111
10111110111111111001111111110111111101111011111111111011111110011011111110110011101110111111101111111111111111
11110111010111111111111111110111101101111110011111111101111111111111111010101111111111111111011111111011011110
11111111111111101101110111111111111111111111111111011111111111111111010111111111110111111101111111110101111011
11111111111111111111111111111111011110111111111111111111111111111111111111111111111111111111011111111011111111
01111111111111101100110110110101111111110111111101111111111111111111111111111111111111111101011111111011110101
11111111011111011111111111011111001111111101111111111111110111111011011110111111111111111111111111011101111111
11111111111111111111111111111111111011100111100111111011111111111101111111111111111111111111111111111111111011
11111111111111011011111111111111111101111111011111111111101111101111111011101110111111100111110111011011111111
01111111111110111111110111000110111111111011111111111111111111101111111111111111111111111111111111101111111111
01111111111110111110111101111111111111111011111101111011111110111111111111111111010111111011111101111111111111
10111111111111111111111111111101111011111101111111111011111111111111111111011101111110011111101111111110110111
11110111011111111111111111101111111111111111111110111111111111110101111011111111111111111111111011111111111101
11111111110111111111111111111111111111111101111111111111101101111011011111111111011111101111111111111111111011
00111111101111101111111111101111111111110111110011110111111101011111111111110111011111111111111110111111101111
11111111111111111111111110011111111001111101111111111111111111111111111111111111111111110101111111011111110110
11110111011111111011110111101111111111111111111011101110111111111110111111111011111111010011111011101110110101
11111110001110111111111101111111011111111110111111111111111111111111111111011111110011111111111110111111110011
10111101111011111110101111101111111111111101100111011110111110111101111111111111101011101111111111110110111011
11111111111111111111111111111111110111101111111111111111111111111110111111111111111111111111111111111111111111
11111111111111111111111111111111111111111111111111110111111011111011111111111011111111111101111110101111111111
11111111111101111111111111111111111111111011110111111111101111111010111111111111111111111111111111111111111111
11111111111011101110111111111111111111111111111111111111111111111111111111011111110111111111111011111111111111
11111011101111101011111111111111111111110111111111111111111111111101111111111111101011111111111111111111111110
11111110111111011111110111110111111011101101111111011111011101111111111111111011111111011110111111110111111111
11111111110111101111011111011011101111011110111111111111011111110011111111111111111111011111101111111111111101
11111101111111011111111111111111111111111111101110011111111111011110111011111111110010111011111111011111111111
11111111111111111111111111111111111111110111100111000111111111110111111110011111111111101111111100111111111111
01111111111111111111011110101111111111101111011111100110101111110110111111111111101111111111111011011111111111
11111111110111011111111111101110111011110110111111111111110111101010111111111111111111101111111111111111111101
11110101111011111111100011101111111001110111111111110011111111111111110111010011010111111111110110111111101111
01111111111101111111111111011111111111111111110111101111111111111111111111110111111111111111111111110111101101
11111111111101111111011111101111111111111111111111010111111101111111111111111111111110111111011111111111110111
11110111101111111101110101111111111111111111111111111110111111111111111111001111111101011011111101111111111111
11111111011111111111111111111111111111111011110111111110110111111111111111011111110111111111111111111111111111
11111111111111111111111111111111111011111111111111111110111111111111011111111111101011011111111111111111111111
11111111111110111111111111101111111011111110111111111011111101111111111111101111111111111111111111111111111111
11111111111111101111111111101111111101111111111111111101011111111110101111111110111111111111111110111111111111
11111101111111101011111111101010111111011111111111111111111111111111111111111111111111111111011111111101101111
11111111101111111111111111111111111010111111111111101111111111111101111111111111111111011111111111111111111111
11111111111111101111111111101111011011110111111111010011111111111111110111111111111111111111011011111111101111
11111111011111111111111110111101111111111111111111111111011110111111111111011111111111111111111111111101111011
11101111111111011111011111111111111011101111111111010111111111111111101111111011111111111111111111101111111111
11101101111111111111111111100111111111101111011111111111011111101111101101111010011111111111111111111011111110
11011111111110111111111110110111111111111111101111011111111111011111111111111101111111110110111111111111111101
11111110111111011111111111111111111111001111111111111111111111111011111011111111111011111010111111111110111101
11111111111111011111110111111111010111101110111111110111111111111111111101111110111111111111111010101111101111
11111111110111111111110111011111111111111111011111111111111111110111111111111110010111111111111111100111011011
11111111101111111111011101111111111111111111111110111110101111110111111111111111111101111111111111111110111111
338 351 347 169 166 169 96 90 