110
110
11111110111111111111111101111111111111011111111111111111111111111111111011111110111111110110111111111111111111
11011111111111111111111111011111111110111111111111111111111111111111111111111111111111111111111111001111111111
11111111111101111111111110111111111111011111111111110111111111110111111111111111111111111101111111111111111111
11111111111111111111111111111101111111111111111111111111111111111111111111111111111111111111111111111111111111
11111111111111111111111111111111111110111111111111111111111111110111111111111111111111111111111111111111111111
11110111111011111111111111110111111110111111111101111101111111111111111111111111111111111111111101111111111111
11111111111111111111111101110111101111111101111111110101111111111111111111111111111011111111111111111101111011
11111111111110111111111111111111111111111111111111110111111111111111111111111111111111111111111111111111111111
11111011111111111111111111111111111111110111111101111111101111111111111111111111111111110111111111101111111111
11111111101111111111111111110111111011010111011111111111011111111011111111111111111111111111011100111111011011
11111111111111011111111111111111111111111111111111111111111111100111111111011111111110110111111101111111111111
11111111111111111111110111111111111111111110111111111111011110101111111111111111111111111111111111111111111111
11111111111111111111111111111011111111111111111101111111101111110110111111111111111111111111111111111111111111
11111111111111111111111111011111111111111111111011111111011111111111111110111111111111111111111111111111111111
11111111111111111011111111111110111111111111111111111111111111111011111111111111111111111111111110111101111111
11011111111011111111111111111111111011011111111111111111011011111111111111111111111111111111111111111111111111
11111111111111111111111101111111111111011111111111111101111111110111111111111111111111111111111111111111111111
11101111111111111111111111111111111111111111111111011111101111101111111111111111111111111111111111111111111111
11111111111111111111110111111111111111111011111111111111111111111111111111111111101110111111111111111111110111
11111111111101111111111111111110111111111111111111111111111110111111111111111111111111110111011111111111110111
10111110111111111111101111010111111111111011111111111011111111111111011101111111111011111111111111111111111111
11111110111111111111011110111111111111011111111111111111111111111111111101111111111111111111111011110111110111
11111111111111111011101111111111111111111111101111111111111111101111111111111111111111111111111111111111111111
11111111101111111111111001101111111111111111111111111111110111111111111111111111111111111011111110111111111111
11111111111111111111101011111111111111111111101111111111111111111111111111111011111101111111111111111101011111
11101111111111111111101111111111111111011111111111101111111111111111111111111111111111011111111111111111111111
11111111111111111111111111111111111111111111011111110111111111111111111111111111111111111111111111111011111111
11011111111111111111111111111111101111111111111111111111111011111111111111111111111111111111111111111110111111
11111111111111111111111101011101111111111111111111101111101110111111111111111111111111111111111111111111111111
11111111111111111110111111111111111111111111111111111111111111111111111111111111111111111111111111111111111111
11111111111111111111111011111111111111111111111101111111111111111111111011111111111111111111101111111001111111
11111111111111111111111111111111111010111111111111111111111111111111111111111111111101101111111111111111110011
11111011111111011110111111111111111111111111110111111111111111111111111111111110111111111111110111111111111111
11111111101111111111111111111110111111111111111111111111111111111111111111111111111111111111111111111101111111
11111111111111111111111011111101101111111111111111111111111111111111111111111111111111111111111111111111011111
11101111011110111111101111111110111111111111111101111111110111110111111111111111111111111111111111111111111111
11111111011111111100111111111111101111111101111101111111111111111111111110111111111111111111111111111111111101
11111111111111111111111111111101111111111111111111111111111111110111111111111111001111111111111111111111111111
11111111111111111111111111101111111011101111111111111111101111111111111111111111111111111111111111111111111111
11110111111111111111111011111111111110111111111110111111111111111111111111111111111111011111111111111111111101
11111111011111111111111111111111111111111101111111110111111110111111111111111111111111110110111111111111111111
11111111111100111111111111111110111111111111111111111111111111111111011111111111111111111111111111111101111101
11111110110111111111011111111111111111111111111111111111110111111111111111111111111111111111111101110111111111
11111101110111110011111111111111111111011111111110111111111111111111111111111111101111111111111111101111011111
11111111111111111111110111111111111110111111111111111111111111111111111011111111111111111111111111011111110111
11111111111111101111111111111111111111110111111111111111111111011111111111101111111111111111110111111011111110
11111111011111111111111111111111111111111111111111111011111111111111111111111111111111111111111111111111111111
11111111111111111111111111111111101111111111111011011111111111111111111111111111111111111111111111111101111111
11101111111111111101111111111111111111111001111111111111111111111111011111111111111111111111111111110111111111
10111111111111111101110111111111111111111111011111111110111101111111111001111111111111111111111101111111111111
11111111111111111101111111111111111111111111111111111111111111111110111111111111111101111111111111111111101111
11111111111111111111111111111011111111111111111111111111111111111111111011111101110111111111111011111111111111
11111111111111111111111110111111101111101111111111111111111111110111111111111111111111111111111111111111111111
11111111111111111111111111111111111111111111111111111111110111111111111110111111111111111111111111111111111111
11111111111111111101111111111111111111111111111111110111111111111111111111111111111111011111111111111111111111
11110111111111111111111111101111111111111111111111101111111111111111111111111111111110111111111111111111111111
11111111111111110011111111111011111111111111111111111111111111111111111111111111111111111111111111101111111111
01101111111011111111111111111111111111111111111111111111111111111111111111111111111111111111111110111101111111
11111111111111111111111111111111110111110111111111011111011111111111111111111111011111111111111111111111111111
11111111111111111111111111111111101111111111111111111111111111111111111111111111111111111111111011111111111111
11001111101111011111111111111111111111111111111111111111111111101111111111111111101111111111111111111111111011
11111111111111101111111111111111111111111111111111111111111111111111011110101111111111111111111011111111111111
11111011110111111111111111111111111111110111111111111101111111110111111111111111111111111111111111111111011101
11111111111111011111111101111111111111111101111111111111111111111111110111110111111111011111111111111111111111
11111101111111111111111111111111111010111111110111111111111111111111111111111011111111111111111111111111111111
11111111111111111111111111111111111111111111111111111111111111110111111111111111111101111111111011111111111111
11101111111111111111111011111111111111111111111111110111111111111111111111011111111111111111111111111111111101
11111111111111111111111111101111111111111111111111111111111111111011111111111111111111111111111011111111111111
11111111111101011101111111111111111111111111111111111111111110111111011111111111111111011111111111111011111111
11111111110111111111111001111111111111111111110111111011111111110111111111111111101111111110111111111111111111
11111110111111111111111111111111011111111111111111111111111111111111110111111111011111111111111011111110111111
11111111111111111111111111111111111111111111111111111101111111110111111111111111101111111100111111111111011111
11011111110111111111111101111011111111111111111011110011111111111111111111111111111111111111111111111110111111
11111111111111101111111101011011111111111111111111011111101111111111111111111111111111111111110111111110111111
11111111111111111111111111111110111111111111111111111111111111111111111111011011101111111111111111110111111111
11111111101111110111111111111111111011111111101111111111111111111111111111011111111111101111111111101111111111
11111111111111011111110111111111111111111111111011111111111111111111111111111111110111111110111111111110111110
11111111111111111111111111111111111111111011111111110111111101111111111111111111110111110111110111111111111111
11011110111111111111111111111111111111111110111111111111111111111111011110011111111101111111111110111111011111
11111011111111111101111111111111111111111111111111101111111111111101100111111111111111111111111011111111111111
01111111111111011111111111111111110111111111111111111111111111101110111111111111111111111111111111111111101111
11111111111111111111111111111111111111111101111111111111111111101111111111111111111101111101111111111111011111
11111111111111111111111110111111111111111110111111111111111111111111111111111111111011011111111111111111101111
10111111111111111111111111111111101111111111111101111111111111111101111111111111111111111111111111111111111111
11111111111110111111111111111111111110111111111111111111110111111111111111110011111111111111111011111101011111
11111111111111110110101111111101111111111111111111111101111111111111111111111111111110111111111111111111110110
11111111111111111111111111111111111111111111111111111101111111111111111011111111111111111011111111111111111110
11111101111011010111111111111111111111111111111111111110111111111111011111111111111101111100111111111111111111
11111111111111111111111111110111111111110111011111110111111111110111111111111111011111111111111111011101111110
11111101111111111111111111101111111110101111111111011001111011111111111110111111111111101011111111111111111011
11111111111111111111111011101111111110110111111110111111111111111111111111111111111111111111111111111111111101
01111101111111111111111111111111111111111111111111111111111111111111111111111111111111111111111111111111111111
11111011111111111111111111111111111111111111111111111111111111111111111111111111110111111111111111111111111111
11111101111111111111111111101111101111111111011111111110111111011111111111111111111111111111111111111111111111
11111111111111111111111111111111111111111111110111111111111111111101111111111111111111111111111110111111111011
11111111111111111111111111111111111111111111111111010111111111111100111111111111111111111111111110111111111111
11111101111111111111111011101111111111111111111101101111111111111111111111111111111111111111111111011111111111
11111111111111111111111101111111110111111111101111111111101111111111111111111111111111111111111111111111111111
10111111101111111111110111011101111101111111111111111111101111111101111111111111111101111111111111111111111111
11111101111011111111111111111101111111111111111111111111111111111111111111111111111111111111111111111111111111
11111111111111111111111111111111111111111111110101111111111111111111111111111101111111111111111111111111111110
11111110111111111111101111111011111111111111111101111110111111111111111110111111110111111111111111111111111111
11111011111111110111111111111111110111111111111111111111111111111111111111111111111111111111111111111111101111
11110110111111111111111111111111100111111111111111011111111111111111110111111111111111111111111111111111111111
10111111111111101111111111111111111111111111111111111111111111111111111111111011111111111111111111111111111110
11111011111110111111111111111101111111111111111111111011111111111111111111111110011111011111111111111111111111
11111111111111111111111111111111111111111111111111111111111111111111011111011111111111111111111111111111111111
11111110111111111011111111111111111011011111111111111101110101111111111111111111111111111111001111111111111111
11111111111111111111111111111111111111111111111101111111011111111111110111111111111011110111111111111111111111
11111111111111111111111111111111111111101111111111111111111111111111111111111111111111111111111111111111111111
400 396 408 199 191 194 104 105 