110
110
11111111111101111111111111111111101101111111111011110111111110111111111111111110111111111110111111110111111111
11111101011111111111111111111111111111111110101111111111111111111111111111111111111111111111111111111111011110
11111111111111111011111111111111111011111111111111111111111111111111111101111111111111101111111101110111111111
11111111111111111111111111111011111111111111011111111111111110111111010111110111110111111101111110101111111111
11111111111101111111111111111011011111110111111111111111111111111111111111110110111110111111111111111101111110
11111111111110111101111111111011111111111111111111111111111111111111111110110111111111111111111110111010111111
11111111111111111111011011111110111111111110111111110111111111111111111101111111111111111101111111111111111111
11111111111111111101111110111111110011111111111111111111111111111101111010111111101101111111111111111111111111
11111011111111111111111111111111111111111111111111111111011111110101111111101111111111111111111111111111101111
11111111111111111111111111111111111111111111111101111111111111111111110101111111111111111111111111111111111011
11111111111111111111111111111011111111111111110111111101111011110111111111111111111111111111111111111111111111
01111111111111111111111111110111111111111011101111111111111111111111111111111111111101111111111111111111111011
11111111011111111110111111111101111110111111111111111111111110110111111111111111111111101111111111011111010111
11111111111111111110111011111111111111110111111111111101111111111111011111111111111111111011111010111111111111
11111111111111111111111111111111111111111111111111111101110111111111111111111111111111111111110111111111101110
11101111111111111111111111111011111011111111111110111111011110111111110111111111111111111111111111011111111111
00111011111111111111111111111111111111111111111111111111111111111011111111111111111110111110111111111111111111
11111111110111101111111111111111111111111111110111111111111111111111111111111111111111111111111111111111111111
11111111111111111111111111111111011110111111111111111111111111011111111111111111111111111111111111111111111011
11011111111110111111111111011111110111111011111111011111111111110111111111111111111111111111111111111111111111
11110111111111111111111111111111111011111111111111111111111111111111111111111111111111011111111111111111111111
11111111011101111111111111111111111111111111111111111111101111111111110111110110111111111111101111110111111111
11111111111111111111111111111111111111111111111111111111111111111111011011011111111111111101111111111111111111
11111111111101101111101111111110111111111111111110011101111110111111111111111111101111111111111111111111111111
11111100111111111111011111111111111111111111111111011111111111011101111111111111111111001111111111111111011111
11111111111111111111111111111111111111111111111101010111111101111111011111111111111111111111111111111111111111
11111111111110101111111111111111111111110111111111111111111111111111111111111111111110111111111111111111111110
11111111111111111100111111111111111111111111111111111111111111111111111111011111111011111111110111111111111111
11111111011011111111111111111111111111111011111111111111111111111111111111111111111111111111111111011111111111
11110111111011111111111111111111111011111111101111111111111111111111011111111111111111111111111111111111111111
11111001011011111111111111111111111111111111111111111110111111111111111110111111111111111111011111111111111111
11111111111111111111111111101111111111111111111110111111011101110110111111111110111101111111111110111111111111
11111111111110111111111111111111111111111111110110111111111110111111111011111111111111111111111111111111111111
11111111111111111011110111111111111101111111111111111111111111111111111111111111111111110111111111111110111111
11111111111111111111111111111111111111111111111111111111111111111111110111111111011111111111111101111011111101
11111111111111111111111111111111111111111111111111111111111111111111111111111111111111111111111111111011010111
11111111111111111111111111111111111111111111111111111111111110011111111111111111111111111111111111111111111111
11111111111111111111111111111111111111111110111101111111101111111111111111111111111111111111111111111111111111
11111111110111111111111111111111111111111111111111111111111111111111111111111111111111101111111111111111111101
11111111111111110111111111101111111111011111111111111111111111111111111011011111111101011111111111111111101111
11111111111111111111111111111111111111111111111110111111111111111011111111111111101111111111111111111111011111
11111111111111111111111111111111110111111111111111111111111111111111111111111011111101011110111110111111111101
11111111111011111111111111001111111111111001111111110111011111111111111111111111111111111111111011110100111111
11111111101111111111111111101110111111111111111111111111111111111111101111111011111111111111111111111111111111
11110101111111110111111111111110111111110111111111111111111111111111111111110111111111111111111111111111111111
11111111011111111111111110111111111111110111111111111111111101111111111111101111111111101111111111111111111111
11011011111111111111111101111111111111011111111111111111111110110111111111110111111111110111111111111111011111
11111111010111111101111111111111111011011111110111111111111111111111111111111101111111111111111111111111111111
11111111111111111111111110111111111111111101111110111111111111111111011111111101111111111111110111111111111111
11011110111111111111110111111111111111111111111111111111111111111111111111111111111111111110111111111110111111
11110111111111111111111111011111111011111111111111011111111111101111111111111111111111111111111111111111111111
11111111111110111111111011111111111101111111110111111111111111111111111111111111011011111111111111111111111111
11111111110111111111111111111111111011111111111111111111111111111111111111111111111111111011111111110111101111
11111111111111101111111111111111111011111111111111111111111111111111111111111111101111111111111111111111011111
11111111111101111101111111111111111111111111111111111111111111111111111111111111111111111111111111111111111111
11111111111101111111111111111111111111111011101111111111101101111111111111111111111111111111111111101111111111
01111111111111111111111111111111111101111111111111110111111111111111111110111111111111111111111110111111111111
11111011011101111111111111111111011111101111111101111111111111101111111111111111011111111011111111111111111111
11111111111011111111111111101111111111111111111011111111111111011111111111111111110111111111111111111111011110
11111111111111111011111111111111111111111111111111111111111111111111111111111111111111111111111111111111111111
11111111111111111111111111111110111111111111101111111111111110111110101111111111101111111111111111111111111111
11111111111111111111111111111111111111111011111111101111111111111111111111111111011110111111111111111111111111
11111111111111111011111111011111111111111111111111111111111111111111111111111111111011111111111111111111111111
11111111111011111101111111111111011111111111111111111111111111111111111111111111111111111111111111111111111111
01111111111111111111111111111111011111111110111111111111111111111111111110111111111111111111111111111111111111
11111111111111111111111111111111111111011111111111111110111011101111111111111111111111111111111111111111111111
11111111111111111111111111111101011011111111111111101111111111101111111111111111111111111011111111111111101111
01111111111111111111111111111111110111111111111111111111110111111001111111111111011111111111111111111111111111
11111111111111111101111111111111111111111111010111111111111111111111111011111111111111011111111111111111111111
11111111110111111111111111001111111111101111111111011111111111101111101111111111111111110111111101111111011111
11111111111111111011111111111110110111111111011101111111111111111111111111111111011111111111011111111111111111
11111111111111111111111111111111111111111011111111111111111111111111111111101111111111111111111011110111111111
11111111111111111110011111101111111111111111111111111110101111110111111111001110111110111101111111111111001111
11111111111111111111111111111111111101111111111111110111111111111111111111111011111111111011111110101100111111
11111111111010111111111101111111111111111011111111111111111110110111111111111111111111101111111111110101111111
11111111111111111011111111111111111111111111111111110111111111111111111111111111111111111111110111111001110111
11111111101111111111111111111111111011111111111110111111111111110111111111111111111111111111111111111111110111
11111111111111111111111111111111111111111111111111111111111111111111111111111111111111111111111111111111111111
11111111111111111111111111110111010111111111111111111111111111101111101111111111111111111111110111111011111111
11111111111111111110111111111111111111111111111110111111111101111111111111111111111111101110111111111111111111
11111111111111111101111111111111100101111111101111111101111111110111111111111111111111111111101111110011111111
11111111111110111111111111111111111111011111111111111111111111111111111111111111111111111111111111111111111111
11111111111111111111111111111111111111111111111110111101111111111111111111101111101110011111110010111101111110
11111111001111110111101111111111111101111111111111111111111111111111111111111111111101111111111111111111011111
11111101111111111111111111111111111111111111111111111111111111111111111111111111111111111111101111111011111111
01111111111111111111111111111111101111111111111111111111111111111111111011111111111011111111111111111111111111
11111111111111111111011111111111111110111110111111111111111111111111111111011111111111011101111111111111111111
11111111111111111111111111111111111111111111111111110111111111111111111111111111111111111111111111111111111111
11111110101101111111111111111111101111111110111101111111111111111111111111111111111111111111111111111111111101
11111111111111111101111111111111111111111111111110111110111110111111111111111111111111111111111111111111111111
11111110111101011111111111011111111111110011111111111111111111111101111111111111111111111111011111111111111111
11110111111111111111110111101111111111111111111111111111111111101111111111111111111101111111111111111111111111
11011111101111111111111111111111111111111111111111111101111111111101011011111111111111111111111111111111011111
11011111010111111111111111111111111111111011111111111111111111111111111111111111110111111111111111111111111111
11101111101111111111111111111111111110111111101011111111111111111111111111011101111111011111111111111111111111
11111111111111101111111111111111110111101111111110111111111101011101111111111111011111111111111110111111111111
11111111011111111111111111111111111111111111111111111111111111111111111111111111111101111111111111111111111111
11111111111111111111111111111111111111111110111110111111101111111111110110111111111111111111111111111111111111
11111111111111111111111111111110111111111110111111111011111111111111101111111111111111111111111110111111101111
11111111011111111111111111111111111111111111111011111111111111111111111111101111101111101101111111101111001111
01111111111111111101111111110111111111111110111111111111111111111111111111111111111111111111111111111111111111
11111110110111111111111111111111111111111111111111111111111111110111111111111111111111111111111111111111111111
11111111111111111111111111111111111111111011111011111111111111111111110111111111110111111111011111111101111111
11111111111111111111111111111111111111111111111111111111111111111111111111011111111111111011111111111111011111
11111111111111111111111111111111111101111111111111111111111111111111111110111111111111111111111111110111111111
11111111111111111111111111011111111101101111111111111111111111111111111111111111111111111110101111111111111111
10011101111111111111111111111111111111111111111111111111111111111111111111111011111011111111111111011111101111
11111111111111111111111011111111111111111111111111111111111111111101111111111111111111111111011111111101111111
11111110111110011111011111111111111111111111011111111111111111111111111111111111111111111001111111111111110111
11111011111111111111111111111111111101111111011111111111111111111111111111111111111111110111111110111111101111
355 359 342 177 199 176 95 98 