110
110
11110111101110110111111110110111101010111010111111111101111110011001111111011110111111111111111011110101111110
11111111101111111111111110111111011011001100100111111001101101111111111001111011111011111011111111111111111011
10110111101101110101011111101111111110110110101110111111000111011110111111001010111010111111111101111011111111
01111110011011011110110101001101101111011110011010111110111110001010101111111110111111110101111111111101111101
01111111111111101101111101001011111111011111101011111011111111110111101011111011110100110001101101011111100111
11111110110111011001111111111110110111111101111011100110111110110110101011010011111111011111111110101111111011
11111110111111111101010111101011111011101111111111111100111111111011111001111111110111111101101111111110111111
01011111111011001111111111111101010111110110111011111101111111101111111101111010001111011111111111010111111101
10110111111011111111111111111100011001111101101110111111010100111110110111111111111111110110111111100111111111
10111010111111110011111111011111010110110101011101011011111010111010111001011011010011111111111011111111111011
11110100110111101111111111111100010011101111111100110111110011111111001111111101111111111101111111101111111101
11111111111110111011111111111110111111101111011111011111000111110111011011011111111111101010111111110111111111
00111110111111011111111110101111111111111111111111111111001111111010111111110111010101010111111111111110101011
11011111110111111111111111101111111011101111101111111110010010111111111001111001110101101100101111011111111111
11110001111110111111101100101111111011110111111100111111101010111110101110101111001011101101010111111111110110
11111100111101011101111111011111101101111111101111111101111011111111111110001011111111011101111110001110010110
11111111111111001111011010101111101111111110011101010110110111110110101101001111110001111110111001111011101111
11110000111111111111111101011111111110111101110111110111111101111011111011111100100011111111011111111011110111
11110001111111111100011100011111011111110111111111111111010111111111111111110110110111011111000100011111111111
11011111111011101111101111111011111101011101111110111111111111110011011110111100111111111111011101110110111101
10111011011101111111111111111111011001100111111111101011111110111110110111111111111111111111111110111111101111
10111110101110101111111100101101111111111101101111111111110111110100111111011111111111111011011011110101111111
11111111111101011111111111111111111110101101000101101011010111111111111111111111111011111111101110111100110111
11111110111111101111111110111111001111110111111011111111111111010011111111111111110111101111101101110111111111
10011011111111111111101011111111111011111111010111111111101111101111011111101111111011100100111101110011111111
01111110111111010111110111110110111101110111101111110001111111010111001101111100111110111111011111111000111110
11111100111111111111111111110111110111101111111101111111001111111101011111111111111111111011111111101011110111
11110111111111011110111111111110111110111100010101111111101110110110101111101010011001101111111001101111111011
11010101001110010111011100111111101101101111111111110111101101010110111001101111111101111111101101111111111111
10001111001111111111111111111101111100011001011111011101011111111001111110111111000101110111111111011111111110
11110111011110111111010111011101110111111110111111011111110111100011111101011110111111111111111001010110101111
11101111110110111111100111111111111011111111111111101011110111011111100100101001101101111101111101110111011111
11101011111011111011011011111101111100101111110111101111100011001101110001111011111111111101011010111111111000
01111111111011111111111011001111111111111110110110111001111101101111110101111111101111111011111101001100111111
11111111101001011111111111110111101101101111110111111111011111111111111111111001111111111001111000101101110110
10111110011010110110110011011111001111100100111110101101111111111110111111100111111110110111110111111011110111
01111111111011101111111111001111111111110111111111111111110111111001110011111111101111111111111110110010111111
11101111111111111110011010001101111000101010101111110011101101111001111011111111111011101101111101110111111111
11110111101111111101111110111111011000110111101111010001111110010101111010011011011111111010101111110101111111
10111101111101101111001011011010101110111111111011111011101111111101111111111101001111101111001111111111011011
11111011111101110001111111111111001111111110111111111110111101111111111101101111111000111111101111101101110001
11010110111111111110111101101110110111110001101110111111111111101011101011111101101111111111101111111111111011
11111111101110011101111111110111111111101111010000111001111101101001111111110111111101110111111111110111111110
00111111100101111111100111110110110011111111101111111101111111110111111110111101111101111101110111011111111111
11111101111101111111111111111111111100111110111000110111011111111101101111111011001001101111111111111110111111
11111111100101011111111011111111111111101110111101100111111011110000110111111111111101101111111101111011111101
11011111101110111111100111111110111111011011111011111110111111110011011111101010111101110111010111101101011101
11011111111011110111001011010101011111111110111011111111111001011111111111110011111111011111111111110111111101
11100101101011110010000111011111101111111010111111111111001101111111100111111110111101111011111101111111111111
11101101111111111110111111111111111011011111011011111011100110011111110011101111101111111001111111011111111111
11011111111100110111111111111111111001111111111110010011011111011111111110101111111111011111101110110111101011
11011111011111111101111101111111011010111111101111111001101001111011110100100111101001111111111110111110111111
11111111111101100111111100011001111110111111111010101111111111111101010101101111100111111111111111000101010101
11101011111101010111101111001111110101111111111101110110010111011111011011110110011011111101110111110111101111
11101111111101111001111111011010111100111101110011111111110111111111111111111001011100111111111111111111010110
11111111011111111011111111111111111111111111111111011111011110111110111111110111111111111011101001111011110111
11101111001101111011111101111110110111111101111111001101111111100111111110011111111111111111011111101001010111
11111111011101111101110110111110110011010111010111010111101111110110111101010101111111111111111111101011101111
01111111101111011111101010011101111111111111111110111101011110111100111011111101111101111001111111000100111101
10100100111111110111001111111011101101011011111011111111110101100101111111110111111101111111101111111011110111
01111111110101011010110011101111110111011011111111111111111111111011111111111101110111111110111011111111111111
01011010100001111011110111101111011101111111100111111111010011110110110111101011111111011001111111111101111100
11111011111111111111000010011111101100101111111111001111111111101110001011101011111111000011111100111111101110
10111011110101111111111100111111100111110111111111011111011110111010111111101111100011111011111011111101111101
00111011111001111111110111111111101111111111111101111111111110110011111111101111111111111011111110111011101101
11111111010111111111101011010111101111111111111111011111110101111011111111011111110111011011111111111111111010
11110100101111111111010101010111110111111111111011111111100111111111110110001101111011100010111100110111111111
01110011110110111011110011111101110111111101111110111111011111111110111101110111111111110111111111110111111101
10111011111100111011111111100111100101111111110011110111111100110111111110111111111110111101111111101111111110
11111100111111011101101110111111011111101111101011111111111110111111110010101111101110110111111110101101101101
10011000110110100110111101111110110111111010101011011111111011011111101111111001110111110111111111001011111101
11111011111111111111110101011110111111011011011010111110110011111101011111111111111111101111111111111111111101
11111101111111111111111111111111111111111111111110111110010111010111101111101011111011110111000011111111011111
11110111101111111111111111111110111111111110011100111011111011111011111110111010111110111110111110101111111101
01111100101111111011100011111111110111111001101101111111111111100110111111110010101101111111111111010111101011
11100001110111111101011110111111110011111110111011001011111111111101111111111110111011111111111011011101110111
11001001110111110111011011111100011110111111011111111010111110110111111111111111111101011111111111111111111110
11110110111001111011011010110111111011100111111111111110111111011111101111111011111001111110111110101111111110
01111011011111101001111111111111110110011110111110111111101110111111111011101110111001101111001111111111111110
11101111001011111111101101111111111011111011011110010110011011011111010111111111011011100111111001111111100111
01011101111111111111111011111111011111111101101111101111111110111111101111111101111111111011110111111111111101
10111100111101111111111111101101010110111111111101111111011111011011111110110111111111111110111111111111111111
11101011011011001111111101111011101011011111111011011101110011111111001111110011101111111111111111011111111011
11110111111110111111110111111111111111101101101111110111111111010110111110111011110001011001101111011110101110
11111111111011101111010111111111101101011101011111111111101000110011111101111111111111111100101111110111101111
11101011101111110100111111111111111111111111111110111110110111001111111101110111101111110111111111111111100111
00110110010011111111101111110111111110111110111101111110111111101011011111111111111111001101010001100101111111
11111110111100111011111101011101111101111011111110111111011101011100001111111111101111110101011110001111111111
01111111111001111100001011111111111110111111111111011011011111011011101111011100111011111111001101111110001101
11111110110111110111111100111011011101111111111111111011011011111111011111110011011011110111111101111111111010
11111111111111100100111111101111101110101011111111101111111101111101111111011101111011110111111111110111110100
11110011111100111111111011011111100011111010111111101101110111110111111111111111111101101111011111001001111111
10011001111011111001111011111111111110101111111011111111010101101101000111111111111101111111111111101101111010
01110111111011101101111111111111111111011111111111011111111111111111011111111001101011010010111111011010011111
11111111101100111111111110011111111110111111110111100111010110101011011111111110111111011010101111101110111010
01001111111111111111101111011110110110111111011111111100101111111111111100111011011111101110111101111100001111
11011111001111101111111111111111111111111110001010111111111101111111111111100011111011001111011101101111011110
11111111101111111011111111000111111110101011111111011111101110110111111111111101111111101011111110011001011111
11111111111111011110011110111101111110101111001111101111111111111101111011111111101111111111101111111111011111
11011010101011101111111011011111111101101110111110010111010101110111001111011001101111101110011110111111011011
00011111100111110111010111111111111111111111101010111111111111011111111111101110101101111101111111110011011011
11100111111100000110011110111001101111110111111101110111011111111110110111010100101111111111111101001111011111
01011111101111010111111110111110111011101111111101100110101101111011111111111100011111111100111111111010111100
00111101111111101111111111101111111010111010101110101111011111011101110110111011111111111001111111101111111111
10011011111111111111101111101101110111111111111100111111101001011111111110111011111101010011111111111111111111
10111011100101100111011111111110110011111111111111110111100011011100111000110110110110111011100011011111110111
11111111111111111111111101111101101111111110011111111111111111011110101101110111111100100011101111110101101111
10111011101101101110101101110111111111111101101110111001111101110101111110011011111011111111111111111011110111
11110111111111011111111001111111110101011011011111111111111111111111110011111111111111111110111111111111011110
11011101111011011011010010111111111101101111111011111111011111111101111111111111110011111001010110111111101111
328 268 277 149 135 126 78 71 