110
110
10001110110111011111011101011110111011100101010101111111111111111101100111010111111011111011111111001100111110
11111110011111011110110000111011011110111111111011101111111111110111111101011111111111101001011111110000011111
10111110111110110100111111110111001111111111110111111111111011111111111011111111100001111111111111001111101111
10111011111111111111111111011111010001111111000111011011111011011111111111011111011111111111111101111011111110
11111111110111110111001011111111101101111111101111000011111101111111111011111111101111101111111110111111111101
11111111111101100110011011111101111111111111111101101110111111110110111111111101110011111110011101111011111010
11100111111111010111110111111111111111111011111010111110111110110011101110111111100110110111111111001110111111
11111101100111101111111111111111111110011111111011101111101101011111011111110011101101100111111111110111111111
11111111010111111111111111111111101001011001110101101111111011111111111110111111010111101111101101111111110011
11101111110111111011111111111111101111111111111110101010111111101111010111101101111011001111010101110110111111
11111110100111111110111011001111110101111101110111111111111111111101111111111111111110111111111011111101101011
11111100111111011111110101111111001111101111101111011101111110010100111111011011111011111111101011010111110111
10111001111111111111111111111011111010111011110111110111111010101111111011111111100010111111111101101101101111
11101111101111110011111111011111111011111110111111110000010001111111111111111111110010011100101100010111111110
11101111101111111101110111101111111011111111101111011100111011101101111111110101111110111111001001011101110011
10111100111111110111111011111100001011101111011111111111111101111010110110111111110111110011011111110111111011
11111101110101011011110011110110101111111111111111110110011111111110111111111111000101110111111101111101111111
11110110011111110111110001101111111111011001111101101111111111111111111110101101100011110001111101011110110111
11110100110111111111011111101001011101110110001011101101111010101111111111111001111010001110101110011111111111
01111111001111111111111111111111100111111111111111111111101111011111111110111101111011111001111111111011111110
11101010111111101111110111111110111010111110101111111111110010011111000111111110011111011111111010111111100111
01111011110101101111111111111101101111000111111101111110111111101011111111110101011111110110100001110111111001
01111101110011111110111110011000100011111111111100111101001111110111100111101011111111011101011110111111011111
11111011111010111011111101111110110111111111111110100111111111111001010101111111111111111010111011011111111111
10111011011111011101001111101111011001100111101111111111110111101110110110111111111111101111110011011111111111
11111110111011111111100111110111101100111110111011111111101111101111110111011011111111010111110111111011011001
11111101011011110011111011110001011111110100101111101111101011001110010011111110110101111101101111001011110111
11111111111110011111101111111111101111111100111111101011101111111111111111101111111111111100111111111011111110
11101011011001111110111011101101111111111101011111001111011001011011111111111010001111111001001010001111111110
11101011111111111111110011111011010101011111111111110110111111111111111111110101111111111111011111111000101001
01111111111010111111101111111011111010011111111111111111111011010101101111110101111110110111111100101101111110
01010110110111011111011001111110111101111101110111110110011110111011011101110011010111111100100110101101111111
11111111110010110111111011110010111111110110111101111110101001110101111111111111111111100111111111111101111001
10111111101010101111011111000111111111101011011111111111011111101011101010111111001110110101011011111111111111
11111010011111111111101101111111111101101111011101111101111111111110111101111110011010111111011010010011111111
01111111111111011111110110101111111111000001001111111001111101111111101101111101110111101111110100110111101101
11111111111111101111111111101111111111111111111111111011111001111111101011110110101101110011010111100110111111
01011111111100101110011111110111111111011011011111111111011110111111111011101110011011111011111011011111111111
11111101011111111001010011101101110100101111111111110101111011111111111111101011111010111111111111110111111011
11011011011110111111111110101111111111011011111111111111111111111001101111111111111101111101111101111110111111
01111101101111110011111111100110111011111111111111111011111101011110111010111010111011111111110011111111111111
11011011110111111111110011011101111011111111111101111111111111111101110101111101101111101011111101101101111010
11011101111011111101111111011101011011111111111111001011110110111101111111010101111110111100011111111011101111
01100111111111110001011111101000111111111011101011111101111111111111101111111110111111101111111110101110101100
11011111111011011001011111111111111111110101111110010010111111111111111101110100111111101101110011111110101111
01101111101011011111110111000101010011111001100110111111011110111010110111111101001111110101111111011110101011
10111111110100111011011110111111111111101011111011111110101111111111110011111110111111111111101111110110101111
11111101101111111111110111111001001110111111110111001111111011111111011011110111110110011100101111111110011011
11101011111111111101111101111001111111111111111001111111101101001010100011111011111110001001111110011111101011
10111110111111010010101110110111110111111101111111111000111111011111110100100111111111111110011101101111110111
10111011111111111111110010111011111111101111111110111101111110111111101111111111111001101111111110111111111111
11111101111111111111110111111111011111100111011111111111101101101111111111111111011111011111111011010111001110
11011010111111101111011110111111111110111110111010101111110110100111111111111111110111111000111110110111111001
11010110111111111110101111101111001101110110011010110111111111011111110010111011111111111111100111110111001111
11111101111101111011011011111111110111111111111111111101111001101011111101101010111110011101110111011110111111
01101111101111111111101110111100110111111111011010111110111111111001110111101111111110111111001110111111111110
11011010111111101011111111111111111101101110010111111101111111111110110011110111111111011000110001111111111111
10110100011111011011011011011111111111111111110111111111011111011111110111111100111111111101110101101111011111
11111010011111011111111101011111011111110110111111111011111111011011111101110111011011101010111111101110111111
10111100111111111111110111111111111111110111110111111110110111110111111011011011110110011011101000010111011111
11111111101111110011111111101010011111101111011011111011011111111011111100111111111111111100101111100111011111
10011111101011110111101010110101111101110111101110110110001001011111110110111111001111111110111110111111111111
11000011111111110111011110111111110111101111110111111101011111011101101001111111100110111011110101110101111111
01111111111111011011111111101111101111111100001111101101011110111101111110111101111111111111111111110110011101
11111011011101011111001111110111111011111111111110111111111111111111111011011111010011011010111111110011110111
11011111111011110111111111011111011111111110101110101111111111111101111111100111000101111001111101011111111101
11011111001111111111011111111111111100111111011111111111111011001111011011101111111111110111111010111011010010
11101111111111110111111111111111110001111111111011011111111110111111111111011011011001110111011111111111101011
11110101011111010101100011111110111110111111111111110111011111101111101111100100101101111111111010101111001110
01111110001111101111111011100100111111011101101111101111101111011111011111111111001111011111101111111001111111
01111111111111111111111101011110111011111111111111101110111111101111111111111011101100111111101111111111111111
01011110111101111110011010011011111011011111111111101111111111111111111110111100110111111110111100011110010101
11111111111101110111110101010011111111111001010111111111111111110111111011111111011101111111011101101110111110
11111011100111111111111011111111101111111111111111011111111110011111110111111101101110111110001111101101111111
01110100111111111111111111110111111101110101111111111111111111001111111111100111011011111111111100011111101101
11111111111101000111111101011111101011011111111011110111111111111011011011111110011011111001100011110101110010
11111111111100111110110110110101111011110100111111011011110101111111110001011111111111111111111101100111110010
11101111001110101011011111101111101111111111101101011101111011101111111010011110111111111111111111010111101111
10101101001111110111100101111101111111111111110011011001111101110111111011111110111111101111111111010101101101
10111010011111111111110111111011111111111111111011010011001111110101111101111110111110110011101110111111001111
11111111111101011111111011110111011101010110111011100111110011011000111011010110110101111111111111011111100010
11011111110111110110011110110011110101111111011111111001111111011111110111111111111111111011101111111111110000
10011111110011101101111111111110110110111111001111111111101111111110111110111110111111101111101111111111101111
10110111111011110011111001001011111011101101110111101111111011101011111111011011110101111111101011011111111111
11111111111111101101111011010111111110001110111111111110110011111111111101101111101111111110111101111111111110
11111111111110011111011110111111110111111000111110011111101010001101110111010111101101111111101111111110111111
10101111011001101101111111111111101111011111111111011011111111111111011110110010111010111111011111010101011010
11111111111101111101101101111110110110011100111011111111001101001111110111110111001111101111110111111011111111
11100101111111111111111111111101110101110011001111110110111011101110101111111011011011011111111100110100111111
11111001111010011111101111111110101111111001111011111101110101111111111111111111110101111010111001011011011011
11110110101111111111101111111111111111111011111110111111100111111111111111111011111101011111101111011111101111
11110111111111110111111111111100111111001111111111111101111111011010101111100011011011100011111111111101110111
11111011111111001110110001111110111001101111111110010101111111111111111110111111101110111011110111111011101110
10101110110111111111111011111111011111111101110111111000111111100111110010010111011111110110001100111111100110
11111010001111111111111011101001111001110111111111111101010110111111011111111011111001100101110111101011111011
10111110111111111110001111111110111111111111111011111110101111101011111111101111100011101011100111111111111110
11101111111111111011001111111011111111111101111001110111111111101111110111011111110001111101111111011011101111
11111111111010110101111101101101111101111011111011111111011111111011101111000110111111111111111011111001111011
11110101100100010011100011111110011001001010111110111000110011111011011111110111110111011001111110111111111101
11011110111111101111011011101111111100001110101111111101101011111111110110111111011101111101101111110111111011
11011110111111111011101110111111110011110101111111101111111001111101011111101111111111001111011011110101111111
01111111001111111011111011111111111111011111111101011110111111101111101111110110111111111110101111111101111010
11010100110111111101111111011011111011111111111101010111110111111101101101111011101111111001110110011011111110
11001111111111111111111101111111100111110010111101111010101011010101011111111111011111111111110111110111111101
01110001110110110111110111011110110011110111111110011111101101101110111111001111111111110111101011110001111111
00111111101101111111100101110111111111010011111101111111111111111011101111111111111101110010110111111110011011
11101110010011110111110011101101111101111011111111110111111111111101111111101100101111111111111110100111100101
11001111111111010011011111011110111111111100111111110111111011110111101101111011001001111111110110101011010010
10110101111111101111101111101111101111111111110111111011001111011111111101111110111111111100111111111111111111
11111010111111110110111110110101111110011110101111011111001101011110110101111111111011111101110111011110111111
154 148 156 88 80 110 33 41 