110
110
11011111111010011101001111111111011111110011001101100111101011111111000010011111011101000110000101001011011100
10111000101111111110111101111011110001010101001110111111100111111000011011111010101111111110001111010011111111
00110111110111111101111111110111011111011101111101111000111011111111111110011001101100111111111011111111100001
01111110110111101011101111101110111011000110110111110011001111111111110111101011110000101111111111101110110111
11110111110101101110000110110111011011111100010111110011101100111111001101001100111110101111111110100111011100
00111111000101101111111001111011111101101010111100010010110110000001110111111101001001011001100011011111111100
10111111011111111111110101111111111100101101111001011011011110110011111001101111011101111001110010110111111010
10110010101011001100101111101111111011111111011101001111100111100101010001001101111011111101111101011010010110
00110111110110011100001101110110111111111111101011101100100100011110001001011011000011101111010111111110111101
11110001011101110011110110000011111010101110111000011101110101101011011000111110111011111101111100111111100001
11000100100011101101101111111111011011001111110111101100111100111101100100110111011101111111011001101101111110
11111001101101110101011111111011101110111111010110010111000101101001111001101111010101110011110001001111111000
00001110010101001111101011010110101111011101111110010111110011100111011111100111111110111111010101100111101100
11011111111101100111011011111111111011111010110011111100101000101010110100110111110110101111110111011010000001
10111110111100001011111111101111011110010111111111110000101000101101111111111101100110111111101010010010111111
10011110101111011110101100111110010111100110010111111111001001111001011011111111101001000111110010111101111001
11000101001111000110110111111101111111110110110101101011111101110110110011011011110001111011011101011101100001
11010110110011111111111011101111111010110101000110111111011111001111011111011011111001111001111011101001111111
11011101111110111101101101000001110101111011110100001110111111110111111111111101111110110111111111111111011111
01011111110001111001101101111110111011001101101110111111110111101011111010111111110010101111101110011110010100
10110001111010110111101011111101101000011100011101111101101101000100011110011101100110111011011010111001111001
10000111110110011111111001010011001101011110011101111011111011010110110111100010010111101011101111000110110001
11001101101001111011011111101111110011110010111111101110111111111101011101111101001101101000111111110111011011
11111110111111010111111011111010110011101110111100111111110101111011110110000111110110101101110111111101110111
11101101111111111111110000111000110111101111000111111000011111100111101010111101111101110110111111011111111011
01011111110111011111110110001011111111111111111110110001011101100001111111101101111010010110011101101011101100
11111010100111011011001100111111011111110100111011110011010001110101001010111101011111011111110001011001011110
11110101011011101110011111001101011111111111101110111011111011101010101000101000011101110111101000111111001101
11100101011111110110110010011101101000110011111011011111010010100001001110111011111100000011110111011111111111
11100111111011111111101111001111001101100111111110101110110100111101111111011100111101111110011001100110111110
10111001011010011001111111101011111010110111010101111011001101011111011110011111111111110101111100110100101110
11001101111011011111011111111111111011101101111111010111111010111101001111011111011110101100001110111111101111
10111011101011111110111111101010011010010101111101110011110111111110001111110111011110111110010101011100011111
01111110001000101101001011111111111101111010111110010011011110111011111101011111111111111010100111101000110011
11111001011111001011111101100011111011010111111110000110011111111110101011111001101011011101100110101011010001
01111100111111100110111011110011111101011110011101111111110001100111110111111100111111111111011111000101101010
11101110011010110101111111101111000000111111110101101111011011111011101001011011101011011101111011111101101000
10110111111110110011110010011101101111111010110111011101111110111110111111111001101111111101011101111101111111
11001001101011111101100110000111100111111001110101110111111000001111111111111010111110111101010011111011101011
11111010111011100101100111111111101111101011111101110100110010001111001011001111111110111101101101110111111111
11110011011110101101111100101111011100100011001111111111011110100110101111101001111001100000010111111010111111
11111111101110101011001010100101101001111101111111111110111110001111011111011111010111110101101110110111111111
10111111001111001011011011011110111100111111111111111001100111110111100111101111111100011011111000111110111101
10100111110111111110101011111000110111000101111000111111111010011110111010110111111101111010110011111011011001
01111111011111011100110111111011010101001101111111111111101110001111111101011111011010011011101011011110011001
11100111101001110100011111011110111101111100111000001010110111001111100000111010110110111110001111101011110110
00011001111111110011111111110111000011111101011011100011001011011101111001101001110101011011110101111011011011
11101111100001101111110111010111111000111001110011011101111101001101100011010010110001010111100111010111100111
00111101101110111111010011111111111011101000110110111110111100011111011110110011101100111111111011001011101010
01101101111110011111110111111011111110111111110101111010010100110110111101100111111111011111100101111111011101
11101111011001011111111100011101110111010111110001111100110101110101101100101010001111000111000011110111101100
11111100011110110110010001110010011111101011111111111111111011011110010101111110110111111001111010111100110100
00010101110111010001101101000111001011111111111001100111001111101111111011111010011101011111111111111111100100
10111111111011110110111111011111111011111011011101110010111101111011110011111001001100111010101111011110111110
11111111111110100110111111111111101111000001010111001000010110011101100110111111111101001011111111101100001001
01010010110110111001101110110111111000101110111111111010111110100010110111110001011111111111010111101010011111
01101110111001110110100111111111001111101111111010011100101111011100110111110111111101101101111110011000111011
00011101001111110110011001111011111011101011111101111100110101011111101011111011011111111111101110111111101010
11101001100011011010111111100110111011101111111010011100111101111111010101111110010100011101001011111111011111
01111101011110001100110111111110010101111011101111100111111111111011100100111111110111001101001110001101101111
11101110001010100111110110111111101011110111011101011111111011100010100000111000101011010000100100101000011111
10110100111101110111111111000101101011100011101111000011011110011111110111111000011111100111101001101101011110
11110110111110011101111111011100111111111010111111110000111011100000100011011001010111111101011111100001101110
01111001111011111111111101111110111011100110111111101111110100111011011111111000010101111111110011111110110111
11100111101111111110101011010110011101101111110110111111010101111110111011101110111111111011011101111101111111
11111101110111101000110111110001111111111111111111111101111110111101010101110011111000010111000011111100001111
11111111110010111111101111011111001011011100111101101010010001110110110101011011111111011011111001111011110011
00110101111011011011011111100111111011101110011111111101011111001100111111111111111100111101101000001111111011
11111101111011010000101101111111001010101101110101110011001010111010010100110011011110111001101111111111100110
00011100111111011110110001100111111101100111111111101100111010111111100100111111101010110110101011101100110001
11111111001000110111001111110011111110111110011010110111101100101101110011101111010111111110111001111001110011
11011011011101110111001001111101011101101111110011110111111100101011111011100001111110011111111111111101111111
10101110111011011110001011001111110111101110111110111001011111010101100010101010111101011111111100111111111000
01101110000100111110111111100111111010101001001110111011111101111011111100010110111010110101110111111011111111
11111110001011111010011111110111011011101110100111111101011101010100111111010101111011111110111111101010111100
11100110111111101111111100110111101101111110000101001110111101110101011100111101101111101111111111011110110111
01111111111010011010110001001001011101011111100001010001110001111010101011011010111101110110111111111101100101
10111011101100110001111110110111111111100110011111110010111111111100001111111110111101111111101111111111011110
10011111110111011011101110001111001111010110111011100111110101110110110001001111110101101110111100011011111111
10101111111111111110011101111111111101111111101110110111111110111101010111110111111010111011000111010111111111
11001011101110011111111110111101110101000111011111111101000010111001011000001011011111011011011011100111111111
00011111111110011111110111111111111111111011111000110010010100111111111111011111001110011111100010101001001011
10011101001011111110101011011110000110001010011110110110110110111101011111101111101111101101010010101101111111
01110010101011100100111011001110001111101000101100001011010110101101111111111110110010110000111111100110111100
10111101110110101011110101110100111110111111111011010111010111011110011010011101011000111110111100111110101110
10011101010101111010011001111111111101011110111111110111000111101111001111110101011110111111101100010111001110
11111111111101101101110101110110111111000011000000110111001111110100101111111111011111011011101110000110001100
10010111001111010010101101111011011101110101000111011010111101110111000001100000111110111011111110100110110111
10010011111111111111011101111111011110101111111011011111111111110111111111011111111010111111111111111111111101
11111110110011000101111111111011111101110111010001111111110011100001111111100111111111100011111100101111110010
01111110111111011111110000111111011011111111011111111011011000100101110111111111110011111000011111011101111110
10111011011010010110010101110110111011101010011011001011011100001111010111011010101110011111011001011100101110
11111111010010111011110111101100111110011101101010100000101110110111011100010110000011010101011110001111010110
11111111111101111110110101011111111101111111010001101110110111011011111111100111101110011010011001101000101011
11101011111111101001010010111011100000011110100011110110110001000111010111110110110111011111001111011110010011
11110001001111111011111111110101111000101111110011101111110111101111111101011101101111111001011111001111110000
11001011101101011011101001111101001110111110011010011101111011100110110110110011111011011111111101011111011111
10111011010111011111101100101011111111101101101000111111100101111100111000110001101110101100101110101111001011
00111111011110111110111111111111011111110011011110110111110010111110111100110001011111010011101111111101101111
00111101111111111111111111011101010110101101011111111110110000110010110111100000001111100111111011111110111000
01110111101111111111111100111111110011111111110010100111101001101011111110110101110011101010010101111001101001
00011010011111111111111111111010111010101101111111111111010011011011111101001011101110110110111011101111001110
10111001011101111111111111011110111111111111110110111011010111011011111110011110110110110111110010110110011010
10101111101100100111111010010101111010110110111110010011011101111011011101111110000101100111110010110111011110
11111101000111001111101111011010101111111110011011011001001000011101001111110110111000110110111011111110100001
01101110111111111111011111010100111011101101111110011101110111100010111110110101100011111101111110101010101101
10011100011101000110111110111011100111111101101111101011011000110101111011010110111100111001111001111011110110
11111111111101101111101011111001011101000111111100110111111100111111101101111111111011101011011111011011111110
10111111101011001010100111011111101111011010111101100101111111111001011111111111110111111110011100101101111010
11111010111101111110111101100000111011010111011111000011011011010111011001100111111111111111111110111101111111
315 351 331 169 180 167 92 83 