110
110
10011111111111110111011111111110111111101111111111111111111111111011110110111111111111111011111111011111111111
11101101111001111111111111111111111111001111111111111111111001111111111111111111111110111101011011111111110111
11011110101111110111011111111111111111011111101111110111111111111111111110110111111110111111110111111111111111
10101111111111101110111111111111011111111111111111011111111111101011011111111111111111111111111111111110110111
11111111101111111011111111110111110111111101101111111111111011111110111111111111111111101001111111111111101110
11111111111011101111111111011110001010111111011111011111111101111111111101111111010111111111111111111111111111
11111101111111011011111111111111111111101111111111111111111011111111111111111111111111111110111111111111101001
01011111111011111111110111111111110111111111111101111111111111111111111111111111111011111011111111111110111101
10000111111011111101111111010111111110111111111111111111110110011001111111111111111111111111011111110111111111
11110111111111111111111101110110011110110111111111111111111111110101111011111111111111111011110111111111111111
11111101111111111111110111101111111111111111111110111011110110110111011111111111111111111111111111111111111011
11101111111110111111111110111111111111111111111110111110111111111111111101110111111111111111111111110111101111
00101111110111011111111111111111111111111111011111100111111111011111111011111011111111111111111111111111111111
11111101111111111011111111111111111111111110111111111111111011111111111111111111101101100111011111011110111111
11101111101101111111101111111111111011011111111111111111111110111011111111100011111111101111010111111111111111
11010111011111111101111011011111111111111111111111111111001111111111111111011111111111111111111111111111111111
11010111111101010111110110111111011111111111110111111111111111111111111111110111111111110111101110111111111111
10111111111110101111101010110001111011111111111100101111111110111111111101111111111101111111111101011111101110
11111111101111000111111111111110111111111101111111111111110111111111111111101011111111111111111111101111111011
11111111101111111111111100111011111110111111111111111101011011111111101111111111111111111111111111110111111111
11111111011010111101101111111111111010111111111101111100111111111111110111111111111111111111111111101111111011
11101111111111111111110111110011110111011111111111110011111111111111011011011110111111111111111111110111111111
11111111111011111110110111111111111111101111111101111110111011111111111111111111101111011111111111111111101111
11111111001111111110111111111111111111111111111110111010111011011111111111111111111011110111111111111101111111
11111111110111111111010111111111111111011110110101101111111111111011111111111111101111111111111011111100111111
11110111011111111011111111111110110111111011111111101110111111011111111111111011111111101111110101111111111111
11111111111111110101101111111101111101111110111111111101111101111100111111111111111111111111110111111111011111
01111011111111111111110111111111111011110111101101111111111111111111111011111111111001110011111101111111111111
11111101011101111011101111111111111011111111111101110111011111110111111111111110111111110111111111111111111111
01111111111111111011111111111111101111111111111111111111111111111111111101111111111111111111101011111111011111
11110111111111111011111111011011110110111011001111111111010111111111111111111111111111111111111011111111111111
11110111111111011111010110111111101111101111111101111110111101111111111111111111111111101111111111101110111111
11111011111111111111111111111111101101011111111111111111101111111111011111111111111101111111010101111111111111
11111110111110111111111111111111001101101111011111111111111111111111111111111111111111111111111111111111111111
11101111111111111001111110111111011111001111111011011110111111111111111111101111111101111111111111101111110110
11011111111101110111111111111111111111111011111111111011111111110111111111111111011111111110111011101100111111
11010111111110111111111111110110101110110101111111011111110111111111111111110111111111111111111101111111111011
10111101111101111111111111101111111111101111111111111011101111111111101111111111111111100110011100111011111111
11101110111111111110111110101111101011111110001111111101111111111011111111111111111010111111111101111111111111
11111111111111111011110111111111111101101111111111111111101111111110110111111111011111111111111111111111010111
10111111111110111111111111111111111111111111111111110111110111111111111100111110111111110111111011111111111111
10101111111111111111111111110111111011111011111111011111111111111111011111111111111111111011110111111111011011
01111111110111101111111111111111111110111111111101111111101101111111111111110111111111101111110011101111111101
11111110111111111111111110111111111011111101111111111011111111111111111111101111111111111111011111100011111111
11101111111011111111111111111101111111111111111111101111111111101011111111111111111111111111101111111111111111
11111111111111101111111111101101110111111111111111101111111111111111111111111111011111111111011111111111111100
11111111111111111111111111111111111111111111101111111111010111001111111011111111111111111111111111111111111111
11111111111011111111011110110111110111111111111110110110111011111111110111111101111101011111011111111111111011
01111111111011110111111111111111111111101101111111111111101111111101111111111110111111111111111110111111111111
11111111111111111111111111111111111111111111011110111111111111011111111101111111111111111111111110111101111110
11111111111111111111111001111101111111111111111111111111111011111111111111111111111111111111011111111011111111
11011111010111111101111111111111101110111111111110111111111101111111111111111111111110111100111101011111111111
11111111110111111111111011111111111010111111011111111111111111101111111111111011110111111111111011111111111111
11011111111101111111111111111111111111111111101110110011110111111111111111111111011111101111111111110111111111
11111111111111110111101110111111111111111111111111100110111111011001111111111011111001111111111111110111110101
01111111111111111111111111111111111011111111111111111111111111110111111111111110110111011101111111111111011111
01101111111010111111011110011111111001111111101111111101111111001111111110111111111101111110111111011111111011
11111111111111110111111111111111110111111111111110111011111011111110111110011111110111111111111111111111111111
11011111111010011111111011110111111111111101111111111111111110111111111111111111111111111111111111111101111111
11111011111101011011111101101111111111111101111111110110111111111111111111111111111111111110111110011111011111
10111111111111111110111111111111111111111101111111111111111111111111111111000111011111111101111111111111111111
11110111111111111111011110111111111111111111111111101011111111111111111111111111011111101111111111111011111011
11111111111111011111111111100111111111111111111110111111111111111111111111101111111111111111101111111111101111
11111111010111111111111111111110111101111011111111111110111111111111111111111110111111011111111111011111111111
11111111111011100011111111110111111111011101110111011111011111111111110111111111111001111101101111111111111111
11101110111111111011111110111111111011011111110110111011111110111111101011111111111011111111011111111111111101
00111111111111111111111111111111111111111101111111110111111111011111111101111111111111110111111001111111111111
01111111111111111111111011111111111111111111111111111111111111111111111101110111101111111111111111111111111111
11111111111111111111111101101111111111111110011111111111111111111111101111110111111111111111111111101111111111
11010111111111111011111111111111011111111011110111111111111111101111110101111110010111111111111110111111111111
11111111111111111111111111111101111111111011110111111111111111111101101011111111111111110111101111111100111111
11111110111101111111110111111111111111101111101011111111111111011111111101111110111111111111111111111111111110
11100111101111111100111111110011111111111111111111111111111111011111111111111111010111111111111111111111111110
11111111111111111111111111111011101111111111111000110001111011111111110111111111111101101111111111111111111101
10011011111011011111011110111110111111111111111110111111111011111111111111111011111101111111111111111110110111
11110011011011110111011111111111111110111011111111101111111111111111101101111111110111110101100111101111111111
11111111111011110111111101111111111111111110011111111011101101111111111011111010111111111111101101111111111011
11111010110111101111111110111111111111010111111111111111110111111110111111111111111111011101101111110111101111
11111111111111111111111111111111111011111111111110111111111101011111111101011111111111111110111011110111111110
11101110111111010111110111101111111011011111111011011111111111111111111111111110111111110011110111111111111111
11111111111110011111111011111111111111111111111110110111011111111101111110011011111111110111111110110011101111
11111111111111111111101111110111111111111111011110111110111101101111111101111111101111111111111111011101111111
11110111111111110101111001111111111101111111111111011111101111111111111101111111101111011111111101111111111011
11111110111111111111011111101101111110111111110101111111111011111111111111111111011101111101111110111101111111
11111111110011111110111111011011111111111111111111111110110111111101111111011111111101111111111101111111001111
11111111101111111011111110111111110011111111111111111110111100111111111111111011110111110111111101111111111111
11111111100111111111111111111101111111111111111111110111111111111111111111111111111111111111111111111111111111
11110111101111111111111111111100111111101110111111011011111111111111111111111111101111111111110111111111111111
11111111011110111111111111111111111111111111011111011111111101111111110011111111111111111111101101110111111111
11101111111110101111111110110111010111111101111111111111111111110111111111111111111111111111011111111111001111
11111111011110111111111111111111111111101111101111111111000111111111111111010111111111111111111111111101111111
11101111101111111011111110111111111110111110111111111111111111111111110111111111111111111111111111101110101111
11111111111111110111111111111111111110110111011111111111111111111111111011111111111111011101111101111111111111
11011011111111111110111111110111111111101111111111010111111111110110110111101111111011111111111100011101111111
11111111111111111111011111011111111101111111111110111111111111101111111111111101101111111111111101110110111101
11111011111111111111111110111101111111111111011111111110110111111111111111111010111101111111110111111011111111
11110111111100111111111111111111111111001111111111111111111011111111111111111111111111111111110111111011111101
11111111111111111111111111111111101011111111111111111111111111011111101111111110111101111111011111110111111111
11111111111111111111111111111111111011111101111111111111111111111111111111111111111110111111011111011111111111
11111011011010110111101111111111111111111111111011111111111111111111111111101111111111111111011010111011111111
11111111111011111111111111111111111011111111111101111111111111111111111111111111111111011110111111111111111111
11111011111111111011111111111111111111111111111111111111111110111111110111111111101111111111111111111010111111
11111101101111111111101111101101111111111111111111111111111111101011111111111111011111110111111111110111111101
11111111111111101110101011111111111011111111111111001111111111011111111111011111111100011110111111111111111111
11111101111111111111111111111111111111111111111111110101101111111111110111111011111111010101111111111111111111
11111111111111111011111111111110110100111011111111011111111111111111111011111011111111011111001101111111111111
11010111111101111111111111110111110111101111111111111111110111111101111111101111111011111110111110011111111111
11111111111111111111011101110111000111111111101111111111111111111111111011111111111111011110111111110111111111
11111111111110111111101111111111101111111111111011111101111111111011111111111101111110111110101011101110011111
11111111111111111111111111111011110111111111111111111111111111011101111111011111011111011111111111111111111111
375 379 414 176 183 172 109 92 