110
110
01111101000011111010110011110111001100110110110001110001010111111010000010011010111010101111011001010010010110
01101111111111101011101110111110111010010000000011001011110110001101111101111101111010001110110001110011101111
10010110000100110001111111101101100100011101111111110110111000111000100110011110000011110011110000111010001000
00111011010100110101111101010110001001011000011011111101101110100111010111011111111110101011000011000101111000
10100011110101111110011011111000010110111011001000000101011101010100111100111111010111011011000001010001010111
01111100000111110100111110001110111010111001011111000101011111011111010000110100111001111100110111100101010101
01011100101001011010111110000011000110111011111011100111010111011100110101010100101111010001110011010001101111
01111101010001011110101100000110101100001011110111001011110011100001011011000110011001111110001110011010010111
11111100000111111100000110111001111110110110110011111101110010000010011100011111011111011101101111101000101110
11101111100001101110110110011101110011100001100110100111110010111010111110010101001010110110001111110111001111
10110001110110101101000011010101000111110111111000010101111001011111110010011111000100100100111111011011011111
01101000011010110111011011110101011011111000011001111011111111110111110101111111011101011111111100111100010010
10110101101111100110111011011010011100111101010111101010111111111101011100001110110001110100011111011101011110
10010101001001010011011101111000110000111011011011111110110111100100011100011111111011110101011111110101111001
11111000000101010110001101111111110010110100000110101011010000101000011011111111011010000011110100001000100011
01111110111110001111101011101111011111001100001011100111000000100100011010100011101110000011001010000110000111
11100110010101010100110111110110010100011111011100110101110100011101100001010111111101010100011110110001100110
11011001000011101111100111110111100000110110110001111100001010001110001000010011101100110001011011110000101001
11000010111101100110111011101111011101011001000111110100101011011011110011110000010011000001111111111110011101
10110011110011101110100000001111010101101010110110110100111110010010101000000101111101000100100111100011101011
11101010110110101011001111111011001000001000010100111110101110011111110111110111100010111011101001011011010111
11001000111110110010110010101010111100110111111011011000101001110011000101111011101110111100001010001100111111
10110001111110101111101011111110100011010110000111001110101011101111001101111001111111110100110010111100111110
10001101011001111000101000001110011000110111110010110110001001111110011101011111111100111011111111000011001101
01101111011100111000111110011010110111011011011011101101010100011100111011111010111101101001111101001111111001
01111000111111001110011101000111111011011111100011101010000111101101111101110101001011111101010100111100111111
01010111011001001110101000001111111100001000110001011111110001011111111000111111011001111101110111001110001010
01000011100100100110100011001110000001110001011110001011100101011100100111111011100000010111010101101110101111
01110101110101101011011011111100011111100010111011000001011101101111101110011011010010111111100000100110111101
10000110001000010010111111101101110100111001101010111101111110001110010111111110111000111011001001111011011101
11111011011110111010101001100110010100001101001000110011101011101011110100000010011111011010101001111011100111
00111111011110010111011101010011110111101101110011000011111110100001100111101010101011100001010101111100110011
10100101111000011011000111100111111100100100111010000110100101011101011000001011111000110110111001000010010001
01110010001110110101100111001100101011111010110111011100111110010110100001110111011110001011101111110110111110
11001111110101100001101000100000111110010101101011101111001100111100111010111110001011100111111111110101110100
11011110111010100110010111101101010011101101111100101011111100001011011101101101111110110000011100001101111101
11111101111000000110111101101101110111010110110111111110110011010111110001111000111111001001011011101101001010
00110101110101100011011111000110011011110101101010111110100110100101001001000111110111110101111101110100101010
10011110111101010100111011011101010011011100110010100111111110011101110110111000001010111100010110111110101010
01110110111111011010110101100011111110010001101110011001010010100000110100001011001110100111011001100101111111
00001001101111110111111111101011111111110010111101000111111011100111101100111110101101100111001011100111011111
10010100110001000011111000101101011011011101111011010111110101101000111110000110101111001100111101010101011011
00111110011101011000111110001110011111010101111111011111001111001101100101101110110010100101100100010111000101
00001111111110110001111110110101111011100011011110011110100100011100101010011101100011111101110001101111111111
11001110000111101111111011011111110111111000101000000010000010001001001011110101110011110111101011110111010011
11011011100001110110110110001011001111101101101110101001011101011011011100100011111001110001010101001011011110
01100101110011011100011001101110010011001110110101011111001111111010011110010010011101001101110001011010110111
10111000100110101101110110100100000011101101100111100000000111111010010101011001011111010111110001011111111110
00001111100111000001111110001110100110010101100010011110111010110110001101000111011001001111110010101001111011
01111111101011101110110101001110111010011010110111011111110011000001001110000011101101001110010011101111110111
11001111001100101010111111010111010100101110001110110111010110100111000001111001111001010111111110101111011010
11100111111111101101101111111101101100010110010111100010101101100001111110111010010101101111110000100111011101
11110011001011011000100100101111111101011100001111110111111111011100111111011110111110100110011111001011111101
11101111011110100101010000011001101111110100011110010011010101111111110011111110010111011100110101111111011100
01001000000101000011111110111101100110010110010111011110100111111110101110110010111111111101110000101111110101
10110011111111110011011101111001111100110110110101100111000110000110111001011101110001100001010110011010010111
10111001001100111010100001101110110001111110100110110010101100110100110101000101010101100101111100111011111010
11110011101101000101110100111111000110101111010101001110000110011101110001101001000110011101000001111011010001
11110010101011010101000111000101111101111111111000100101101100111000110011100101101111001011011001101011111010
11011101110011100111001010110101110000101001111010010100100110000001011101011010111000110101101001011110101101
01010101111111111010011000100011100111101011101110001011111110111111111111001111101101110010011110101101111011
01010101101001100111101111111011001111100011101010110110101110111111111000110001111110001011110110011110110001
10101011001111111111011111101001011111110110011111001110111111111101111111101001111110100100101110110110001101
01111110001110001100101111011110110110000111000111101111000111011001110100111011011110100101111010100101000010
10010111110010101111100011101010110111000000010111000101101001011000111001001010001011011011110111100110110101
00101010111011111100111011010010111011100100101110010111101110101101011111011111100110010001111010110001111110
11100101110010111110011101010111111011011001010011010101101111110001011011100000111100000101101100111101111111
11111000010001101100010111110110111011010100111000101110101111011100110111011111111001111110010110101111010110
01000100101111101111010111100111100101111111011111010110011101001110100000011100101001111001111011110000110111
01111101010110101101010010111010101010100011001110011011010101001101011111111111001101000111011110100101111001
01111011001000101111010011011000101010101110110001111000111011001011001010101111000011011011011010100110101111
01100101001101100100110101100101011001000111000111101100100010000001110100101011001111011111111011101110011000
01110011011010110101010111001011000011100011001011011000001001011100100110100001001011101100110011100011000001
00010100111101111100110101100101011111010010010110111010101010001111000101110011111101111010110111010010010111
11001110011111010110011100110011111111001101001101110011001010011100111111000100011001101010100111111111100001
01111100111100000110101111001000000100101101011111001011111001011011100111001001111001001111110011101101101000
11101010110001111111111110010001111100111011100111101111001000100011010000111000111110110110101110110110111001
00100100100011100001101010011000011101111001110110111111110110010110101110110101011111111011111101110100101110
01111101111110011100110101111111101001101101001010101111110101111101111111011010111100001100000100011101111010
10011011011110000011111001111001010110111111011011111111100111010101101011111111000110101110110100101101110010
10001110011101011011110011001110101100010101110001111001110110010100100101111111111100100111111111111101100111
10101111111010001110011101110110111010011001100001101100111101011001111110011111011010110100011111100111011101
00110101010001111101101101111000110111100110100010000101101011110011111111101100110010111110101011110000011100
11011011110110110010010101001110110001100110100100010110101010110110011110110011011001111101111010101111011011
00101000101111110111111111111010001111010100101101010011100100001000000000101000000111010110111101110110000100
01100110101101011100100001101110111111001111011110111111011101000011101100101011111000011110001000111010101100
01111101101101111101011001110100111010111111011111100110001111100011100000111100010001110101011010100101011001
11010110001101001100101111111111110010011010111011110111111000001100000001011111001110001111100011101110001110
01111101101111111011101001011011101010011111101111110110011101111110011111110011110110101001111101100111010111
10001110101010111010110011011000111011000001001110000110110010110101000111100111000110011001101101111011001111
11001111100111011101101101111010101011111100110101011011001100110101110110110001111111111111111001001101110001
00110101001001010111010111101001011101100100011111011010111011010010111000100111001011010111001111101100110000
01000110110011100111010011101001111110110111010010111001111010011000011000100011111111011100111111111110000101
01110110011100110101010110011101111101100001001111111101111110100011011011111110110110101010111111011011101000
10001101111011110010101111100111111000111011110010001001111101100111111011111110100111110110011010111001110111
01001011001100111111110100001110111001100111100110101111001011111010011111011010111100010111111100000111011111
01101000111110011111111011100111011000110101111110001100101011111111101111001100110001010101111110110101000010
01101001101011110111011010011011010001101010100011100100110100101000111111011111110100010110000101101111011111
11101111100101110010010000110101110111111100110000010000100111111101011000101110110010010010011100110110101110
11100000100011010011110011011111011010110111010111010101010001111000101001111111001100000111010000010001110111
11010111101100000010011010101001110001100001111100110011111111010001110111011111111110010011011011100100001001
11111000100110011010111010010111110010110101111111111011111110101111101110101010011101111010110111000011100101
11010111111101010011110010101001010011010011011100110111111000000000111111100001011000101100110111001100011010
11100010011110010100101111111011011100101101100110111010101101001110001010010101011110111100111001011111111011
11110101011010011111011111011100111001101110010110110011101011011101000101101111011111010010110000100111111010
11110000101101011111010100010001010101111010111101100111111100111101001110011010100111001001110101000100011110
01011110100011111101110111010001010011101111101101000111111011110001111011011010100111110000011101011000011111
00011110111101011111000100111011101011010001100111011101111001110110111111000100111110111110110110101110010001
11011011010110101011011101011101000000111000011101110010111000101010001011111001000110011110001111011001001101
11110111111111110011100010000011110001010001010010110101101111001010110110100111010110011111111011111000011010
160 159 146 85 85 98 39 46 