110
110
11111011111101111111111111110111111111111100011111111011111111111111111101111111111111111111111111111111111111
11111111111011111111011111111111110111101101111111111111111111111111011101101111111111110111001111111110111111
11100111111011111111111111111111101011111111100111111111111111111111111111111111111111111111111111111111110111
11111101111111111111111110111101111111111111111100110111111101110111111111111111111011101111110111111011111101
11111101111110111011101111111011101111111111111011111111111111111111101111111111111110011111111111111111110011
11110111011111111010111111111111101101111111101111111111111110101111110110111111101111111111111111111000111111
01111111111111011111111111111111001111101111101111110101111111111111111111111100110111111111110110111111111111
11111101111111111111111011101111111111111111111111111111110111111111111111011111111011111111111111011111111111
11110111110110111111110111101111111101111111001111111111011111111111101110111111111111111111111111111111111111
11111111110111111111101111111110111111111110111110111111101111111111110111111011110111111111111101111111011111
11111010111011011111111111111111011111111111111111111110011111111111111111011101111011111111111111111111101011
11111101111011111111111101111110111110111011111111111101111111101111111111111101011010111011111011111111111111
11111111111111111111101101011111111111111111111111111011111111111111111101101011111111001111111111111111111011
11111111111010101111011110111111111111111111011111010111111011101111101111111111111111101111110011111111111111
10111111111111111111101111111111111111110111111111110111111110111111110111111111011111111111101111111111111111
10111111100111111111110111111101011111101110111110111111111011111111111111111111011111111111111111111011111111
11111111111111111111111111111111111100111101111111110111111111111111111011111111111111111111110111111111101111
10011111111111011111111111111111111110111111111110111111101111111111110110110011111111111111111111111111011111
11111111101111111101111111011011011111111011111111111111010110111111111111111111111110011111111111101111111100
11111101111111111111110111111111111110111111011111111111101111111111111111111111111101110111111111111111111111
11111111011111111111111111111010111111101011111111110111110111101111111111111111101101010111110111111111011011
11001111111101111110111111111110111111111111111111111111011111111111111111111111011111111111111111111111111111
11111110101111111011111110111011101111101111011101111101111111111111111111011111111111111111111111111111111110
11101101111111111111111111101101110111111111111111111111111110001111111111110111110111111111110111110111111111
11110111010111111111010111111111111111111111111111101111011111101111111111110010001111111111111111111011111111
11111010111111011111111111111011111111011111111111111111111111111110101111101100000111111111111111111111110011
10111111111000111111101111111011110110111111011111111111111011111101111011101111111111111110111111111111101111
11011111111101111111111111101111101111111111101111111111111111110111011111110111110111110111111111111111111111
11111111111111011111111111111111111111111111011111111111000111111111111111010010101101111111111011111011111111
11111101101011011011111111101110111111101111111111111111111111111111101011111111010111111111110111111110111111
11110111111111111111110011111110111111111111111111111111111111111110111011111111111111111111111111110111111111
11110111111110111111111111111111111101111111111111111111011110111011111010111111011111111111111111111111111100
11100101111111111101111101111111111111110111101101111111111111111111111110101111111111111101111111111011111110
11111111111111011111110111101111111111111111101010101111111101111101111110111111110111111011111111101111111110
11111110111111111111111111111111111101111111111110111111011011111111111111011111111111111111111110011111111011
11111110111111111011111110110110111111111110111111111111111101111111111101111111001111111111111111111110111110
11111011011111110111111101111101111101111111110111111101111111111111011111111110111111111011111111111111111111
11111111111111111111111111111111111011110111111111101111011111111110111111010111111111111111111111110111111111
11111111111111111111111111111011111100111111101111111011111111111111111011111111111111111110101111111100111110
10111111111111011111101111111101111111111111111001111111110111111110111111101111111111111111101111111110111101
11101110101111011111111011111011111111110111111111111111111111111111001101111101111111111011111111110011111111
11110011110111100111111110111111111111111111111111111110111011111101111110111111111111111111111110111110011111
11111111111111111111111111101111111111111111101111111111111111111111111111111111111111111111111011111111111111
11111111101111111111111111111111110111001111111111111111111111111111111111111111011101111111111111111110111111
11011101001111111110101111111111110101111111110111110111011111111111110110111111111111111011111111111111111111
11011111111111111111111111011101111111110111111111111111101110111110111111111111011111111111111111111111111111
10111111111111111111111110010111101111111111111111101111011111111111110111111111111111111111111111111111111111
11111111111111011101110111111111011110111110111111111111111111111111111111111111110111111111111111111011110110
10111011111111101111111111101111111111111111111111111111111111111111110111111111111111111011110101110101110111
11111111111111011111111111111011101111111111111110111111111111111001111111111111111111111111111101111110111111
11101111111111111111111111111111111011111111101111111111111111111111111111111010111110111111111111101111111111
11111111110111111111111110111110111111111110111001111111111111111111111111111110111111111111111011111001111111
11111111011111111111111011111111111111111111111110111111111110101111111111111111101111111111111101111111111111
01011110101111111111111111011111111111011111101111101011111111111010111110111111111111011111111111111111011110
11111101111110111111011111111011111111111111111111110111111111111111111111111111110111111111111111111111111111
10101111111111111111111010001111111111111110111111110111011111111111111111101111101111111111111101111111011010
11111111111111111110111111111010111111111111111111111110111011011111111111111111111111111111100111111111111110
11111111111111111111111110111111111111111111111111111111111111011111111111110111111011110111111101111111101111
11111111110110111111111111111111111111110010010110111111101101110111110111111101111111111111111011111111011111
10111111111111111111111110111111110110111101011111111111111111111111111111111111111110111111111101101111111111
11110111111111101111111111111111111101101110101110010111111111111111111111101001111110111111111101101111111111
11111011011101111110111010111111111110111111111111111110011111101111110111111110111111111111011111111111111111
11111111111111111111110111111111111111111111111111111111111111111111111110101111101111111011111110111101111010
10101111111111101111111111111111011101111111101011101010111111111010111110111111111111111110111110111111101110
01111111110111111011111111100111111111001111111101111111111111101111111011110111111110010111111111111111111111
11111110110100111111111111111111111110011111111111111111111111111111111111111111111111111111111110111111111111
00111111111111111111110111111111111110101001111111011111111111111110011111111011111111011111011111111111111111
11101111111110111111111111110111011110111111111011101111011111111111111111111111011111111111101111101111111111
11111111110011101111111111111110011111111111111111111111101111101111111111111111111101110101111111111111111111
11111111111111111111111111111111110111111011111111111111111111111101111111111110111011111101111111101111110111
11111111111111111110011011111111111101011111111110011111111111111111111111011011010111111111111111101101111111
10101111110010101111111111111111111111111111111110111111111111111111100110111111111111111011101111101110111110
11111011011111111111111001101111011111111011011111101111111111110111101111011111111110101110111111111111111111
10011111011010110110111111111110111011111111111111111111110110011111111111111111110111111111111101111111101111
11111111110111111111111101110001011111111111110111111011010111111111101111111011111111101011011111110101111111
10111101111101111101111101011101111011011110111111111111111111111011111110010111111011111111110111111111111111
11110111111111110111111101111110101111111011111111111110111110111111111111011111111111111111110111110111111111
11101111111100111111111011110111111101111111111111111111110011111011111111111111111111111111111111101111111111
11011011111111111111111011111111010111111111110111111111111001110111111111111111111111111111111111111111111111
01111111111111111111111111111011011111111111111011111101111111101111111011111111101111111111111111111111111111
11010111111110111111101111111111111111111101111111111111111111111110111111111111111111111111111111111111111011
10111111111111111111111111111111011111111111001111111111111111111110111111111111111101111111111111011111111111
11111111111110111101111110111101111011111111101111111101111111111011111111111111111111111111011111111011111011
11111111111111110111101110111011111111101111110111111111111111111111011111111111111110111101110111111101111111
11111111111111101111111111110111111111111011111111111111111111111011111111111111111111101111111111111111111111
11111111110011011111111111011111111111011111111111111111111101111100111111111111111011111111111111011111101111
11111011111111111111111111010111111110111100011101111111111111101111111111011111111011111110111110111110111111
11110111111101110111111011111011111110111111111111111111111110111111101111101101111110101110111111111111100111
11111111111111111011111011111100111111100101111111111111111111110111111111111111111111111111111111110111101111
11011111011111111111110011101111111111111111111111011111111111011111111111111111111111111111111010011111111101
00111111111111011111111111011111111111111001111110111111111011111111011111011111111111110011011011111111111111
11111111101111011111110101111111111111110111110111111111110111111011111101111111101111011111111111111111011111
11111111111100111111111111111011111111110111101110111011101111111111111111011111101111111111111110111111111100
11111111111111111111110111111111111111111011111101111111111110111111111111001100111111111111111111111111111111
11111011111111111000111101111111111111011111110011111100101010101111111100101111111111111111111111111111111111
11011111111111111111110111111011111111111111111011011011111111111111111111111111111111111111111011111111111111
11111111111111101111111011101111111111111111111111111110011111111111111111110111111110111111111111111111111111
11111110111101111111111111111111111110111111111011111111111011111111011011111111111011111111111111111111111101
11011111111111111111111111111011101111011111111111110101101111111111011111111111111111111111111111111111101111
11111111111111111111111111111111111111111111101111111110010111111111111111100111011111111111111111111111111011
11101111111111111111111111110111110111111111111111111111111111111111011110111111101111111111011111111111111111
11011101111111101111111111111101011111111011111111110111101111111111111111111111111101110111111111110111111101
11111111111111110110111110101111111011110111111011111111111111101111111111111110111110111111111111111111111110
11111111011111111111101111111111111010111111111111111111111111111101111111110111111111111111110111101111111111
11111110111101011110011111111010110111110111111111111111111110101111111111111111011110011010100111111111110101
11101111111111111111111101111111111111101111111111110101111111111101111111110011111111111011110111111111111111
11111111111101111111111111111111111111111111111111111111101111111111111111111111101111111111111111111000110011
11011110111111110111111111111001111100111110111101111111111111111111111111111111101110001111110011111111110111
11111110111011111011011100111111111111111111110111111110111110101111101011111111111111001111011111111001111101
01111111111111111111111111111011101111111111111111111111111110111111111111111101111111111110111111111111111111
437 402 382 224 216 247 123 114 