60
50
01101111000001000111010101101100000000000001000001
01010000000101111010100100101110101101101100001100
00000001000010111100101100101101110100111110000011
01101010110010010100001110010001001000100001000111
00000100110101001111010001100100100000110101010011
00111110101000001010101110100000101000000010011010
10110100110001000111101010010000111000001110001011
10110000001111010010001010011011010000000001101011
10000111000001000100101011100000100110111010011110
10010001101011010000111110001000110001001011101111
01010010111100111000011011011101010000110101000001
00100000001001001000010001111010110000100000011100
11110001101001001000000000010000100000100010010011
00000100011110000010001011101110000011010100000000
00000000010000010000000111000001000100110000100000
00010101001110001101100110101101101000101111010010
01001010110101000100010110010011001010101101001100
01111010000000010000100000001000111000111110100000
00010010010110000110010100100010011010011100101100
10000010111000100111001110001001100110000000111100
01110011011100100010101110001011001100011001100001
00010000010011100101000011101100001100011000011001
10101111010000110110001010111001000110011010010001
00010111101011100000100110000000010000010000101010
01110110010100011100100100110000111001100101000100
10100000001000111000110000000111010011100010110110
00100001010100011100111010100001100110101011010110
00000000010110011001001000101001011101010110111000
01011101010100110100001001100010001101100100001010
00111011000000101001000100110001000010000110010010
00101000000110000110100010001000010000110110010000
10011111000101000101011000011001110110100000011110
01100000011110001010001111111000011111101110100100
00010001000111001011100000001101101110100000101101
01110110110100101101000110010111001110000101010001
00100110011111010001101000110010111111001111010001
01011100111000001001011010011100000001000100100000
10000101111000100000001111000011010100001010101000
00011100000001100000001100100110000011001001011000
00000000001101000000001010100000000000010001010011
01000100000000001111001001101000010110100001011000
00000000100101100000001010110111110000111100010010
01000000100011100100110101011101110001010000110100
01000010100000001101001000001000010011000000010000
11100000000111110101010101010000110100110001001010
00001101010100010000110100110000010000000001110100
00000010001100101000001011110001110000101110011000
11111001001100111001100111001011000001111010010010
10001001011000001110100010110000001000001011010101
11000100001100010001000000001001010010000011010011
01000010000010000100001101001010001011000000001100
00010011000001110010100000000001101000000100001100
01011000011000110001101001101010010001011110001111
10001001010010000000000001010010100100010000010110
10100010010000100010110100001000110100000010100111
00010000001010100101000000100001110110010001100001
01001001000001101101100110110100000100000011001011
10010011110000000110000011101001011001001110000101
11001101111100010000001001010000101100000010001001
00001111110000000110010001000001101011101011100001
39 173 35 15 6 2 0 0 