50
45
000011000100100001001001001000000101010011111
011010110100101111010100101111010001000001110
000000100110001000011010010001010100010001001
001011110111101000110011100010101001000110011
000010000001010100001000110011111100100101111
000000011110001010000000100010000111011111000
000000001000000001100000001010011001100001101
000000010101110010110110111010011100100101101
001100000000110111001001100110100100110100001
010000100000110001111000000100101010001000001
000010010001001010100100110111111010100011001
000110000100100011001100000100101100100010010
101011000100101100010000100001001110100011100
111101001100111111000001111000111000000101000
110001110001100100011010000010100000000111011
010001100100111101100110100010101111110001100
011011010110000110000001100100001100011001111
100010111000100111001001100000000110101111100
110001011010001110100111011010010011111011001
010011010011010100010000100101000010000000111
011110111100001010000001110011011000110001100
001001110101111111100001100010100001010000111
000000100111000101101010100100100010110010101
010110111110010000110000111001000000000100111
000100110000011000111010101100001111010100000
000010001101101111100011101001111111101011110
001001010000000011010010100110100000111100100
000000110111000010010011111101101001010000001
100011100011111100011001101001100101010100100
100101001001010000001010001110100101000010101
000010010010010000001001000101000001101001011
010110000100110111111010000000001000011000000
100000101110110000101010101000101010010100010
110111111100101110001000100010000100101101001
000101001010000101001100000001000000000000000
000001111001100100101100111000100000010000110
101100010010010010100001101001000010010001110
110010101000000010010111001001100100000001101
101001011010100000100011011001000001010000000
001010110000000000111000010011100000000010010
100000010010111110010010000000100000001000011
001011110011010010101001101011100000001011100
001000001000000001010001100000100111000111001
101101110010000010101010010001001111111001010
110110010011001110100001100111101101100010010
001010110010110000000000000100001010111000111
101110000100010000000110001110010001010110000
101101001111000100100011101111101000000001101
001100000000101101101111111000011000100110101
100010110010000111111000100100011101010001100
88 224 42 14 4 3 0 9 