50
40
0011100110000001000101000000100000101010
1000101100000011000011101001100010000001
0011010000000001001110011000000001011111
0100010100101100101000100100100000000110
0000001000001010001001000010010101010110
1101000010100000100101101100110000101001
1000010101000111100010100000110111011001
0001101100001100101100101101001000100000
1010001111010010000111100000000011000001
0010011001100100100000100000001000000000
1101010110100111001111001001000000100100
0111100100110110000001001010110001100011
1011111101001010001100000000000111111000
0000011100111111000001000101000000010100
0100100110000011000000011000010001101100
0101110110000011001110011100010000100000
1000110000110000101011000110001010000000
0100001100110010011001101100011000000100
0100111001110010011000010001010000000001
0111010000100011010000111001100001111110
0000110111010011100110100000110001000110
0011000111101000010101000100110101100110
0000010000101100101110110001100100010000
1010000100001100000010000011101001000001
0100010011111000100101100000000000111000
0000000111101100001010000111000010000100
0011000011100011101100101010000011010000
0011100011000110100011000001001100000000
0010010111100101100101101001011000100000
0000011100010100101011000000001111000010
1111011101001101000111111010100101100000
0100100001000011110000100000110100010000
1000010000011100000000001010111000111110
0001010000100010111111001100000010100001
1100000010111010010100100000010000001000
0000010110111110010111000010110101100000
1101011000001100110000010110001101011000
1011101000100110010000010001011100010010
1010000001101100000100100100011010000000
0000100000010000101101001011010011011010
0101010011100110111110000100010101010100
0100000000001000000100100000100011000100
0100100000110010011111010010010101101000
1111000001100110101001011001110101100100
0101011100011010101110000000100000011001
0101011100000100111000100001111101000000
1100110001101010001010110010010111100100
1001010001110010000011000010100000010000
1000000101010010110011111011111100010000
0011100001101001010110101100010000010110
21 68 11 4 1 3 0 0 