55
50
00000001010000010001011000000010001100000000100000
00000000000111010000010000000000111010000000000010
00000010100000000010001001000001100010000100000000
00010010000000110000001001000001000100100000000000
01000001111110101000100100010000000011001000100001
10000000000000000000000000001000000100000001011010
01000000001000001000100000000100000000000011010100
01000011011000000000000000010001000000000000010100
11000000000011000000001000110000001001001000010000
00000001000000000010000101000000100000010000001000
10001011000100010010000000100001000000010110010000
01100001000000000001000010001000000000100011001100
00001011100001000100001001000010010010000000000010
01100010001000000101000100000000001100010001010000
00100010001001001000000000000000000000000000000000
00000000000000001000000000000000001000000000000000
01000000011100100000001000000000000011000010000000
01001010111000000010000100000100000000010100000000
00000000100011000000000100001000000000101000000001
00010000101000000000000000000000010100000001011010
10010000100010000001111000000101000000010000000001
00000000011000000000000000100011010100010100000000
10001000000001001000000100100010000000010000010000
00010000001100001100100100000000000001000000000000
01000000010000110101010000000000000000000100010000
01000010000000001001010101000100100101010000000011
00110000010000100100101101000100000000110100010010
00100100100000000111000001000000110100100100001000
00010111000110000101000000000001000000000000000000
01010001000101000100000000101000000001000110000001
00000010001001010000000001010000100010010000001001
10000000000000010110000000100100011001001000000010
00011011000100011000010010000001010010000001100011
00010000010001011010010001000001100000000010000000
01000001000010011000011100101000100000000100000100
00000000000101100000000001000010000000000000000000
00000011100000000001001000000111100000000001100110
00000000001001000001010001000000100000000011000110
10000001000100000011010000000000000000000000000000
00101000011000000000000000000000000010000001100000
01001000000000010010010010110010010000000001011100
00011111000000000000000011001000000001110000000000
00010000000000010000010000001010000000000000010000
00110101100010000001111110100010100101010100000000
00001000000100101100010100000100000000110000100010
00010000000000000010000000000100000000000010010000
00010100010000010001110100010100010000000001000000
00100010000000000000010000011000101000000001000000
00000000010000010000100000000000000000000000000000
00100010010001100000000100000101000011010000000001
00010000001010001001001001000000000110000000000000
00001000000010000001000101000111100010100000100000
00000000001101001000001010011000010000000010000111
00001000100000000000000001000100100100000000000000
00010000110000110010000000000001010000000000000000
55 150 20 11 2 5 0 0 