34
50
10110110011010100001001000000001101111111110001000
01000100100000000101110110110011000001100000000110
10100000110101011100101110011100000011101010100111
10000010010000010010001111110100000101001110001100
01010100000100000000001001001000111000101010101110
01010001001110001100010010001101001001110011001100
00000000100100101110101011101100000011000111000000
10000010000001010010000110100010100010111010000110
01011011010111111111110100011101001001100000110110
01000000001110100010111101000010000000100010011001
00001100000000100010101001100110000110110000001000
00010000000100100110000001111001111111010011010111
11010011011000000101010100001101100000011011001100
11001100101100001001010101001010000001111001100010
01001001000000011111100101101011100110000010011100
01010000010100000100001001000010100001001000001001
10001100111100101010110010011001000101110101011001
00000101100001100001111010000100100010101001100100
00011101100010100100001101110110000101111001110110
10000111101000000111011100010011001000000111100010
01111111001101011000001010101111010100010100000110
01111011010110001100001100100100000000101010001100
01001111111010110010100100100011101111011001111001
01010000110010011000000001000000010111000101101000
01011000111000001010000111010011001110111101101011
11000010001110000000001101001000110001001010000000
01011000111001001010001011010111001101001100011001
00110100011111011010010001001110000001000111010000
01000010111001000100100010100010011100010011000100
00011000111010000000001110010101000001000111001101
01000010010000100101001001100000100111111000001011
00011000001100111000010001111011111011000111001011
00100011111111111000101101001000011000101111001000
00000100100010001010111110101110010110000100110000
35 81 15 8 4 1 0 7 