50
50
01000010000000001010000100011000100010000000000011
00000000000000000011001001100001000000010000000000
00110101000000010110000000000100000011000000000000
01000000000001000000000000100100100100010010100000
00000010000000001001001000000010100001010100010010
00001000000000000011000001010010000000000010010010
00000000000100000000000000001000001100001000001100
00000000000000000000000000000000011010000000101001
00000000010000100010010000000111010100000001001010
01100011100000100100001000010000001000000001001000
00000000000000100000000101100001000000000000100100
01000000000010001101100110000000010000110010100000
10000010001011010000110000000100000000000000001000
00100000000000010100010100000100010001000001100100
00110010000000100010001001000000011010100001000100
00001000100101001101000010010011000000000000000001
00001100001000000000001000101100100100010010101000
10010111000101010000001000101110000000100000100000
10100000000000000000000000010011000000010010000000
00010010000110111000001100010000001000000010000000
00000100001100000000100010000010001000100001110001
00000100000000100000110001001000000100011000000000
00110111010000000000010001000000000000001010000000
00100000000000000000001000010011000100000000100000
00000101100000000101100010000000000000001000000010
00000100010000000001000001000000000000000000000000
01011000000010000010100000001000100100000100010010
00000100100100011000000000000010010000000000001000
00100000000000100000000000110000010000010000000101
01000100001001000100000100001100001000000000010001
00011000000010000000000000001000001000000001100000
00100000000100001010000000010000001100000000110000
10111100010000000000100000100101000001000110000000
01010000010111100110010000100000000000000100010000
00010000001000000100000001000000101000000000000000
00000000101001100000000000000000100000000000000000
10000000001100100000101001000000010000010110000010
10001000001001101010001000000000000010000011000000
00010000010000000000000110000000001011001001100100
00001010111001000000000100001000001000100000110001
10000001000000001000010000100000111110010000000101
00010000000000000100000010000000000000001011000000
00100110000100001011001100011001000000100000000010
00001000100010000000100010000101000001101001000100
00010010010010100000100001010000000010000001001010
00011100010000011010000001000101000001000000010000
11110000000001000100000000000000000000000001000000
01010010100100000001010001010000000001010000001101
00000000011010010000000000000100000000100000000101
10010000000001000101000000000010000000110000000000
19 53 5 3 0 0 0 0 