20
40
1111111101101011110011111100001111111110
1111110111000110110011110111011111111010
1111111111111111110111111111111011111100
1111101011010011111111111111111011101111
1111101111101101111101111111110011111111
0101100101111101111111110111101101011111
1111111110001111111101111000111111111111
0111111111111110101101111100111110111011
1001110111110111111111011011101111111110
0111111100110110101111111101101001111110
1010101101010100010101011111100001111111
1011111111111110110011110111111111111111
0111110111101011110011110111001001111111
0011111111111111111011111111111111110111
1111101111111111110110100011100101111111
1111111011111011110111111110101010011111
1011100111111101111110011111111111111111
1100111111110110111111000111111011111111
0111111111000110111101111011111111110111
1111110101011110111111011111011111101101
56 156 18 14 4 3 0 7 