34
50
10011011001111111110011111111001101111101100001101
00111011111011011010111011111111101011111101101111
11101111101010011101111111111111011010110111111100
11111010111111111111111110111111101110100111111110
11111111011001111111001110111111010111111111110111
10101011111101101111111111110011110111111111111101
11111101111111111111101101110111111101111111111110
10011111110111111111101111101111111111010111111110
11111010111111111011011111011110010111101111111111
11111011011111001111011111110111110101111111111111
11111111101101011001111111111111111110111101111110
01111101111101111011111111101111111110110111111110
01001111110011111111100010111001111001111111110110
11111011101110101001110101101001011111111011100110
01111111101111111111000110101111001011111100011111
10110001111101011111011111011111111101101011101001
11101011101111110111111110111110011100001111011101
11111111111111111111111111111011111110111011111101
11100011111101011110111100111110011111101111111110
11001110111101111111111110111111101111111110101111
10001101100110111111110111000111111101111111100101
11101111111110111011111011110110110111111111101010
10101110111110011111111111111111110111101100111111
01110010111111110111111111100111111111111111111011
11110111111111101101111110111011110111111011111101
11011011110110111111001101111011111110000110010011
10100011010101011111011011011111101111110110111011
01111001111001111111111111111111111011111011011110
11111010110111111111110011111111101101110111111111
11011100111111111011111100101110111111011111001111
11111111101111111111101111101111111000011111111011
11011101101111111110111111111111100111111111111001
11111011111011111111011111111111111011111101101111
10111101111111011011111111111110111111101101111111
36 103 12 5 5 2 0 9 