50
38
00000000001000000010011000000000001000
00100101111000000000001000000010000000
00000010100110000100000000010000101010
10001000001000000000001100010001000100
10010010001000001000000000000000000001
11100000000001000000000100000010000000
00000100101011000000001000100000000000
00001000001100000000010001000100000000
00000001011000000101011000001000000000
00000010001000001010000010100000000110
01000000010000011001011010010000001001
10000000010000000000000001000111010000
00000000000000000000001000000000000000
00000000011000101000001000100000010000
00000000100000100000100000000110001001
01011000000000000110000100011000010000
00000001000000100000110010000100000000
00010000000000000100100000100001000100
00110010001000010010000000001000000000
10100000101100010000010001101000000000
10000001000000000010000001000010100011
00000001000100010000100100000000001000
00001000000100000011001100000001000000
00000000000000100000100000000000010000
00001000000000000001100000000000000010
01001010101000001000100000001001010000
00001010000001000000000010001000010001
01100110010010000000010000001000000010
01001000000011010000000010100011010111
00000000010110000010000000000000101001
00010000100100111000101001000000010000
01100000100010000000001000000000010000
10001001100010111000110000001011100000
01110000000100000000000000001000000000
00000000001010100000010000000000100101
01000000000010000001000000000001000110
00010101000100010001000000010001000000
00000000010011011000000001110001000100
00001000000000010110000000000010000001
00101000000000000101011001001000000000
00000000000011000001000000110110000000
00001100011000101000100000000001000100
01000101010001001101000000000000100100
01100000000000000000000000000000100110
00000000100000001010000000101101000000
00000000001001100000000000000000000000
01000000010001000000000000010000000000
10000001010100000000001000001000010100
00110100100010010010100000000001100000
10100000011010000000011000110100000010
35 111 19 5 0 0 0 0 