50
36
001011000101010011000011011110001001
000101100110101001000010001000111011
011101000010101100000100101110000101
010101101011110101001000000011111101
100000110111000100011101100001010100
011101100100000001010000101011000000
110111011101010001010000100110111000
000100000001100011000000101000010100
000010110010011100000011000001000010
000010010000110011100101011000000110
011100000101001001010000000000011100
100001010000000001011111101100000000
110000010010100101000001010100100101
001100010101101111000000001100111101
100010000100011000110011001000001011
001000001001010111011101010100000100
100011010001001010100000100011010010
110110100011101001100100101001000110
111000000010111001010001010101001001
010011101100001010101110000111100110
010010000000100000000110000000010100
000000010100011001101111101110100101
101000001001000110011110111011000001
111000010011110010010110100010000100
101110101110110100001101110110100010
101100001011011110001101000010110100
011010101100010110000010101001011100
001010100010010000001010110000010101
101011100110100000101111100010010000
100000010000100111000001001000111100
101100010010110110001000010010001110
111110000010010000100101100100011101
101001001101010000001001000001110010
010000000110011110111000101110100010
000000001000111111001000010100110100
000101000100010000110100100110000110
000000001001000001100101110011000011
101101001001011000010001010000001001
000001101010000101101000000100011000
100010110000100010111110010000101000
101110010000100000110010101001000110
000100101001110000110000010000100010
001010001101001100001111011111110111
001010000000001010101100110010100010
111101000101110101000011100100110111
110100100001111110011111011101111001
001010010010100100000111110010011010
111010101011000011100010000010011011
100011000001001001000100011111010110
000011011101001001101100000111000000
44 110 15 9 3 1 0 0 