32
50
01010100001000100011000111001011100000000010000000
10011000000000000010000001011100000000000000000000
00001000000000100000000010100111010000000000011010
00000011000010010000000000000100000000000000000000
01000100011000110001000001110001100000000100000100
00001010010000101100000000000110010000001011000001
10101100000011110110000000000010000000011000000010
10000000011000000000101000000001000000100000001000
01101001000000000000000000000001000000011100010000
00100000010000100000000010100000000010000000010000
11000001000000001100001000000010010000000000000101
00000000000001001000000100100000101000000000000000
10010001000001010000100000000010010000000000010000
00000000000000000000100000100010000001001000000000
00001100000010100000010011010000000000001000001000
00001000000000000000000000110000000000000101000001
10000000101001000100110000000110000101001000100000
10000100010011000101000000000101000000100001100101
00000100000000010001000100000100100011110000010000
00110100000000000000000011000001001000100000000000
01111110000010001000010000000000100110100010010000
01000001000101000001000010001000000111001000001000
10010100110100110000000000010010010011001000000100
00000100000000011000001100000000000000000100000010
00000000010000001010011000100000000000000000011000
00100000001010001000100000011000001000011001000000
11000010010010110000000000000000001100000000111000
00000000000000010000001100001000101000101000000100
00000010000000000100000100001000100000000011000000
00101001000000001000011000000000100000000000100101
00001001000001101000010100100000111000100100001000
00000100000000010000000000011001000100000000000000
25 33 11 7 2 0 0 0 