50
36
100010010000100100100101000100001000
101010101110100101110010110100010001
010010110000011100100000001011011111
000101000010010101011100100101001100
110011011100000001011010111110010111
010001011101001011110100001000100010
010000100001000110100101001001001100
001001000010000010001110101000010010
100100000000001001101001100010100001
011111111000001010000000100100000011
101010110010111000100100000101100011
110100000100010001000000110001101010
001000000010000111110000001001101000
100000000000000111111100000100100111
100000000110000001010000101010010101
001000010110100010001111011111110000
111001100010010010000111001101100000
000111101010000001101100000101010100
001111010011101001000000111000001010
000010000010011100101100100001100000
100001010100111000000001101110011010
100101001000000100001100001000011101
001100100000000000100000100100010001
111000000010100110000100011110010100
001001100001000100110010010001100000
010000001101100000000001010011010101
000000001000010001000110000011000110
011011001011101001110111010010111001
000110011100100010000011000101101010
000100101101001101001000110111000100
110100100011001000100010100100110110
001100101011101010100001000001010110
000011111100100111000000000000000010
011100001010000010000111000111100010
010010000101010011101000010001001000
000000010000000110111011100010111100
000101010001110101011101000100000001
110001110000001000010001110000010000
010100100010101001001010000110000000
110100001101010111010001001011111101
110000101000101010111000101000100000
000011100111000011001100000100110111
000110100011000101100110000010000100
000101000010110000110110010010100101
110100000011100010110000001000111011
001011110011000110100001000000000101
111000000100101010100010010011001010
111010111010101001001000110110000100
000000101001001010100010100001011111
001010110100110000110000110010000100
39 134 20 13 3 1 0 5 