50
40
1011011110111101111111111111111101100101
1111110011111110101111110111111111111111
1011110111000111111101111111111111111110
1001101011111111011101101111101011111111
1111111110110111101111111111011101010111
1101110011101110011111011011101111111111
1011101111111101111111111011100111111111
1111111011111011101011101101111111111110
0101111101111111100111111111000010111110
1111100111111111110111111111111111111101
1011011011111001101011111110111011100101
1111110111111111011101111111111100101111
1111111111101111011111111111110000111111
1111101101011111000011111001111111101111
1101111110111011011111111111101111111101
1111101111111110010011111111011111111111
0111111111111110111110101111110110111110
0111111111111111011111111111001001110101
1111011111110010111101110101001011110110
1111111100100111011111110111111111101101
1111111010001111111111011111011111111111
1001111111101111111111101101011101111111
0111010111111110111111111110101011111111
1011111111110101111111100111101111111011
1010111111110011111110110110101110111011
0011110101111101111110111111110110110111
1111111011110011111111111011111101001110
0111111101110101111011110011111111101011
1111111111111111111111101111110111111111
1110111001111111101111101011111100111111
1101111101101101111001111111111111111011
1111010111011010111101111101111111011110
1001111010011101111101111110111110111111
0111111111111111111110110111101111110000
1111111111110111111010110111111101111111
1100011000111011110011101010110111110111
1111001111011111111111111110011110010111
1111111111111111011111110101011110110011
1010111111111000111111111111111111101111
1010111110111011101011111111111001111001
0110110011110011101111111111110100111111
1011110110111011111111001111101111111111
1011101001111111111110101101111110111101
1111111010111100111111011001110101101111
1011111110111111111011101101111111111111
1011111111011110111111101111101101111011
1111111111111111100100111110111111010011
1111011011111111011111110011100111111110
1100111101111111011111111111111011110110
1111011110101111111011111111100111111011
91 290 46 22 11 11 0 14 