50
36
000101100011001001100101011001100010
001010111001100001011001111110110000
100101001111110001111011111001000100
111000000100101001000001110100100101
010011011001110000010101001110111001
101000100000000000011000110110111111
100111110000011111100011010111010000
000011110010111110001000001010101011
001100101100101110001001001101111000
001100000001111010001001100011001001
000100010010100011010111000011100010
000010000100001100010101100101001000
000100100010000000011101000000100101
000000110110001001001101001110000000
010111001000100010011010100011001100
100010111111010001011000011111000000
010010010110010010010001010101010110
011101000100010010000100001010000001
000110001011011001000010010001010001
101101011010100111101000010100010010
110010001000000000100101001101001110
110100010001000000000001101000011110
000000110000000110000111100100000110
010000001101001100000100010101110101
111000101101010101000101111000110101
101111000011101110100010010011111011
011101100000010001010010011011000100
010000000110000111000110001101000110
000001000011001100011011110000100001
101111100110111010010100100000100011
011110101010000000001000100011011001
000001011100001010100001101000100101
010001001100001000010001001110000011
000001010010110110011101000001110101
111100001100101010001010000010111101
101110100000000110011001010011000011
100100100000010011010001101011100111
010001100000011010001011000110111110
000101000010100000010100011010111000
000010000000001011011010000010001010
100000000111001001100010000000001001
001011000110101110000101001010100111
111011101100101101010010000100000100
101000110101000100000010110010111001
000000000010010110101000000100100000
011011001110000010000101001101000100
101000000111101110111101100010011110
101010110100001100000001011010100010
001100001010110001000100000001101011
000100011100011000011010000000000001
57 186 34 15 7 5 0 0 