50
45
111011010011101001100011110111111011011111011
011010011011101111110111111110111111110011011
011011110111010111101111111111110100100111111
011111111111111111101101101101101111111111111
111101111011111010011101111001111111011000111
111111101011110111011111111011111011111101110
111111111001110111111111111110111110101110111
110111101110110111111011111101111111111111101
101111111111001011111011001111011010101011111
101110111111111011100111000111111110011111011
111111111111111111111111111111100111111010111
101111111110111110111111111011111111111011110
101101100011110111111011101000111111111111101
111111111111111101111111011100111111101001111
111111111101111111111111011111011110110111011
001111111111111011111111111111111111111011110
111111111111101011111111110011100111111111101
111011111000011101011111011011111111010110111
111111101111101110101011011101011111111111111
111111111001111111111111111110111111111110110
110010111011111110010111110111011111111110111
011111100100011111001111011111110111101110010
111111110110011101111111101111111101011111000
101011111111111110111111110111111011111101001
101111101111111001110111111111101111111011101
111011010100011111110011111111011011111111110
111111111111111111011000111111110111011111010
101111111001110111110111011111101111111111110
111111101111111011101111111111111111111111111
101111111110111111001110101110111011111111110
110001101111111111011110011011111111111111111
111111101100111001111101111011101110110111111
101111111111110101110111111111110101111101111
011111111111111101110110110011110101111001101
101011111110111111111111101011111011111111111
111011111011101011011011111011111111111101111
111111101111111111010101111101011111101111111
111101010110111011011101011111111111001111011
101111111001111111111101110111011100111111101
011111111111101111111111110110101111111111111
101111011111110111111011110111111111100111111
111111111011101011110110110111111111011111110
111111111111011110110111111111111110111001111
011001111111101111011110111111110111110111111
111111111111110101011111111111011001101010111
111110111111011110100111110111111010111111111
101101101110111100111111101010101101111111111
001111111111111111011111011110111110111111011
101111110111111111011101111111111111110101111
111011011111111110101001011101101111101111111
119 361 62 20 9 4 0 13 