55
50
00001010110000000101010000000100110100000000000000
00000000000110100100001010100001000010001000010000
01000001000100100000000010000100000001000000000101
00000000000000000000000010000000000011000000000011
00100000010000010000100000011000000001100000000010
01000000000010000110000001110000000000100001000001
00000011000001000100000100000000000011100000001000
10010100000110100000000010010000010000011010000100
10100000001000100010110001100100011000000001001010
00000010000000000000000110010110000010000101000010
10010010001100001011010100100001000000000010000000
00000001001001000000000000000000010010000001000000
00000000000000010001001000010000101000100001000100
00001000010100110000011000000000000000000000001000
00011000001000000000000000000000001100000000000010
00100010010000000001000010000010000101010100010001
00100000011000010000000001000000000000011000100000
10000001100000001000000000001001001001000010000000
00000010000000000000010100101001000001000000100000
11011010100001010100000000001000000100000000100100
00000000000001100000001000000100011010000000100000
10001110011010000100000000000000010110000100001000
00000101111001000100000010000001010111110011011010
01001000100000000000000100000000000100000000000011
01000000001000000010011000000010000001010001110010
00000000000111010000011010000001000000001001000000
00001000111000001110001001100000000000000000001100
10000000100000110010000001011100000000010000100000
00000000000000001000011000000000001010001001000000
00111000010000111010010000100000001000000000000110
00001010000000000000100011000001010000000110110111
00100000000010000100100001000010001000001100000000
01110001000001000001000010010000000000001001000010
00001000100000100000000010000000011011000110000010
00000000001010000010000001000000000010110000000010
00000100001000000100000010001000000000010010100000
00100100000010000100010011001000100000000000000010
00100100010100011000000000000000000010010010001010
00000000000001100000000001101110100000000000000000
00110010101000000000100000110010000001010001000000
01000000000100100000110010010000100011011000000100
00101000000000000000100000000010000010000000000000
00001011000000100100100000100000000100000110000001
00000000000010001000000010100100001000000010000000
00000101001000000001000000000000010010100000100000
01010100000000010010000010000000000000000000000000
10001000000000010110000000000100101101000000011001
10000001010100000001001000010000000011000000010010
01100000000001000000001010000001000001100000000000
10001000001100100000001011000010000000100100010000
01010000011000000101001100000000000110010000001101
10010101001110010001100010000000001010000000000100
10000000100000010101000000001100000000000100100011
10000000000000000110000011001000000000001000110010
00010000000000000100001001010000000000000010000000
36 109 26 11 3 0 0 0 