60
50
10001001101011110110111111101010111000110110111010
10111001101111110110110111101100101110011111101101
11001111011100111111101111001110110110111111000000
11010001000100111110011110011101001110101100101101
11011010111010000001101000100011000111111111110001
01111111110110110000110011011101111101101111011000
11100010110101001000011111010000111110001110101111
10010101010001111111101101111001111110011100111010
10111101011011111111111101101101010111010101011011
01111110110111101111011110110101011101011100011101
11111111100011101011001010100100101011100100011011
10010010111111001011011011111000011011001110100010
11110000110110110000000001001011010111110101111100
10111111111100111100111011011111111100011010001101
00101101000010010100000011011110010101001101101011
11011011111110011111110101100011101010100111000110
10000110011111110000111101101110100111101111101011
00111001110110101101101011101010001110101101010110
01000111010101010000000011111010111111010011100101
00100000010111110100010111111010111111111100101010
01011101010000101100011110101110011100111101101001
11101111000111111101001101101110011100010010111110
01111111011001001110101011111001011101000111101000
10110000110110001101011101101011111001001001101010
00110011111010001100010001011111010110110010010110
11110111101111101011110011101110101111111010111111
11111010001011000101010110111111010111111111110010
11111111100011111010111011111100110011101010110001
01101101111111111111001010100101110001110110111101
10101110101001000111000110101000111101101100010111
11011010001000110100010111110010110111111001111011
10111001110000101110011001000001100111011101001001
11101000100111010111011111111011001101011011010100
01110111000001010110000011111110111100101101011111
11100000111000110111011101001111101111100100001011
00110111000011001000111111100110111111011111011110
10111110001110010101111010101100011100110101011010
11110100010111011111101100001010011101011001011101
11010110011010001110011000101011110010110010110111
01111101000100110101000011101111000011111011111111
11101110110111010011000101010110111111110010001100
00101011111010101011000100111011011011111111101100
11101001010101001001111101111010100000001001001111
01110111001101101011111100101110100110111111101011
01101011110111000111011011111111101111110101000101
00010110111101111111110001110000101110100101001111
10101100111000101011100111101111000010001110001110
11101101111011111111101110011011101000101010110101
11100011001011011111100100011111010101000110001110
11110010111011111011100011101110011111000010111000
01011110111001100111110111011001110011100110000101
11100111111111011110100001011000110001001111000011
11001100111011111000000001001110111001011010000011
11000111101011110111111111001000100101110100101111
11010101101110110111010111110111011110111010010010
11011111110111011101110110110011110111100100110100
00101100011111111111010010111101111101111011000111
11011011111001011010111100100101010011111001110101
01011110111111111101111111111010011111111011110111
10110110101000100110110111101111010011110110101110
150 462 63 36 15 10 0 14 