32
50
01000100000000001110100011110100000001110000010010
10000000010000110000000011000000001111001111001100
01001010010000100000011001100010010100100101000101
01001101101000111001110000000000000100000100110011
10101111001000000010100000010000010110011010001100
00100010101101100110010000001101001110101010000011
10000010111010100000011000110010001010010100000000
10010011001110001100111110000101010010000110111101
00000111000000011100100111100011101000001010100110
10000011100000000010100110010000010010001010110101
01000101111110000011000001001000010100110011001000
11010000001011101000100110101001100111101001001000
01000111001001001000101001010100000101101110100010
10100001000000100000010001000000000100001100110000
00000111000001000000111010100001100100001000110011
10111001100100100000011000010000000100010011100000
11101111100100100001000101010001010011001100010000
10100110110010100011010100010101010100111111100110
00001011010011000010010010110010101011110010010111
11110100101000001100101001000111001100000000100101
01000011101000100111101111111010010101000010111100
00100011001010000101010011100011101011000110001101
00000000000110101111100001110001010001110001100101
01000011000000101101010001001000000011111011100000
01111000000000000010001011001110010001011001110010
01110111101110000000011000001011001010000111010010
10010100001100011010100001001100001000000110101110
11110000000000001011010110100001001100000000101100
00010110001000100010111110100010000100010110000000
10010101001010011101000010110001101100011111100001
10000010001000010001110101010110100001000111010001
00100001101101111101000011111110001101000110100100
53 134 29 4 3 0 0 0 