50
36
110000100100001001011110010100001100
100100000000001001110000101100010010
100101110100001000000001101010001111
100100101001010101010000010100111100
101000101011011100001100000001010001
000100010011000111000000110011000100
001011111011001101100011000010110100
011110100001110000100000011011010001
001001110110010101000111000101000011
001010110000100100111011001001001111
001000011000000001010000101110111011
001100010011100101100000110000110100
010111110000011100000110110101100101
001000001000000000010011111101101001
001000000110100100001110001001001111
001101100100001101100000110010000001
000111001111001100111010101000001100
010011111101000000001000011000100100
011100000101000001001110001111101010
111010101010010101101001000100000000
111111001001110101100010100011110001
010010110110110100100001110000010011
000010111001101000000110100000000000
000101100111110110101010011000100001
001010100000000101100000000010001100
000100110101010010001011001000001001
100001000001010001011000110011000110
111001100101111101011001110001101100
010101001101000000000011110001100111
110010101010101010110001010000110101
111101000000011101100000011111100001
011000110011011111001001010001111000
000101100101010101010000000011000101
001000010011011011000111101101111110
000110011010100001110100000110001000
000000000010100001000100011010000000
100111010001001010001101000011010001
101100001101011100001011010100111110
111101110010100000110100100100011111
010111111111110000110110000001001100
011010000110001100010001000000001011
011101110100100000000100100100011111
010001100000001010101011000001100101
000000001111011011101111100001011000
000110101000101000100011010000010101
100000110010000000101110000111010001
000000110010010010100011001001001101
000000110000000111100110110100010010
101100100110101010001011011001111010
110000000000010110010010011101111010
39 108 15 7 2 0 0 5 