55
50
10001001100000001111110100100110000101001100000000
00110110011000000101010100101101110011000010010111
01101001010001011010000001101100101000011000000011
00000111000000100111100110100001111000110011101100
01100001101101100001011001001000000111000111100000
01101000011011100000110011001000110100000101000001
00001111100000000101110011001001001000000100110001
10101000001000010000100101001000010000100100110011
00100101010001000010100001110000001011000000010100
00111100000000011000010001010001100000000011100101
00000000000000101101000000001001110111111001000000
11010011010011100000000000111010010010000000100000
10101001100001000111101000001110000010011110010101
11000000110010110000001110001110000001111110000111
01011100010011011000110000101011110001111010100010
00000100011010111000101001010011010111011000010110
10001101000000001011010100001111001010000000000101
10101000100001001010110100000111110100000110001110
11001001000100001110111100010111000001010010000111
01010101000100100000000101000001100011010001011000
01000001100111110010001000100100011110101010011110
11100101101101110010111001010100010111000001010010
00011100011000110010000010000101100010100000110011
00010110001001000101000000110010000010000000111000
11011001011000110110001010011101001001000001101010
10000101000011001100001001000000000110001000000001
11010000100000101000000111100000110001001101101100
10010101110010011001110100101001000100100101000100
00000111110100100001000010100010010001001000110111
11100010110111100001101111000000000101100000001001
00010000001000010110000100011110010000010001010110
01001001110100111111001000101000110001001111000100
01010110001000100001110110001100011000010000111100
00010100001000001101010000000110000001101010011000
00010111110110101101010110101001010001111110010000
11101010101000001110000000001001110011100001101011
00110011101100110100000000001000000000000100001110
01010011000100100100000110100000100001000000000010
00000110000010000101000000101000100110001010100111
10100000000001000111010101110110001001010011100001
10000000010000010000001001100100111100100000101001
10010101100000100110000101001010001011110011101011
00101110010000111101001000100100001110111100010010
01001001110000000100100010110110100110000001110111
10110001011010001110001000110010000010111110101010
00000110100101001110011011110010001110001011010100
00010110000001000110001001100001001111010000110100
00100001000000100110000110010010100001111100100110
10010010101001111011000010101011000010000111011100
00000101100001000000010001001010010001111000110011
10010001001001100101100001100000000110000000100100
11010101110110111111101100001100101000010001101010
01101100001011010010010111110101100000000100000000
10000111101011010110011001001110001010100000001010
00110010000111010000000001101010000010000010000010
25 92 15 10 4 1 0 0 