55
50
00100001010000001001000100000010100100000000000000
00110010000001100000010000001000000100000000000011
01100101000001000100000000000000000000000111000001
10001000000000000001110000100010010001100000001001
10110100000100000100000000100000100000001000000101
00100101100101000001000000000011100000000000000001
10000110000100011101000000000000000000000000000001
00000000000100000000000000010000000001010000011010
00001100000000000010000101000000000001000010001001
00100000000011000000100000000000000100000000000100
00000100000000000000100000010001000101110001000100
00000000000000000000011000010000000000101001000110
00000000001000000001010010000000000000000000000000
00000000100000000000100000100001000010101000010001
00000000000110000000000000011100000000010110000000
10110100001001100100000000001100000000000100000000
00100110010010100010001100110000110001100100000000
10001110000000000001101000000000001000000100000000
10011001010001110000000000000100111001001110010000
10101001000101000001001000000000101000000000100000
00010010010100010110101000010000000000000001001000
00000000000000000001000001010110000100111000000000
00101000100100000010000010001000100000000010000000
11000001000100110101010001010001001000000000000100
10000111000100000010000000000000001000010010000001
00000010001100000001001000000000001001001011000001
00000000110000000100000000001000000001000000000100
10000000010100011000010001011001010010110110000000
10000010001000011001100000000000100000000000100100
00000001000000001010000000100000110001000000100000
00000001110010001000000000000110010101000000001010
00000000001100101000010000000100000010000000001100
01000000100000000000100100000001000001000000000100
01000000001010100000000000011010000100100000000000
01000011010000001000100000000000000101000000000000
00010001000000000010101000001010000000110000001100
00100000010000000001011100010000001010101010000000
10010100000100000000101000100000000000000100101000
10000100000000000001001000010000010000100010001001
00001010110000001000000000000001000011010100100000
00010110001000000000101000000000000110000001000000
01010000000010000000011000000000010001100100000110
00000000000000000000100100000000000001000000000100
10100001000011000001000100001000000000000000000001
01001011000000010001010000000000000000100000010001
01000100000001000010000000000000000000000001100001
00000010001010000010000101010000011000010000000001
00001001000010000000000001000000001100010000100001
00000100000000001000010010001000010001100001010000
00000000000000000100000000010101100000000010000101
01000000010100000001000010101000101100000100001001
11000000100100000010010001000001000000000000010000
00100000000001011001010110000001000000001010100000
10001010000000000111000010100000000000100001100000
00100010000000010000011000000010100001000000100100
49 177 29 0 0 0 0 0 