50
40
0001100101110100011010000011001100110000
0000001101101101010100000000010011011000
1010010111011010111000101011110001011100
1001000111111100001010111010000100000111
0011100000011000000000010101100010100001
0100100101011000100000001101110011000010
1010111100001010100010000111001100000000
1000011101100001110101001100100001001100
0010000000101000110011100101010111010010
0011011111001101000101010001011111101010
0110010100100110000110000001101110010011
0000110010000000100010110101001111000001
0010100100010111010100001011001010101100
0100110110110000000000101100000100010101
0000111000111100001111000011110101100101
0010100100111000011101111001000000100001
1000000010001000100110100001010100101100
1101010001000110111101100110100001110110
0000010000001011000000000111100110111111
1010000101100001100001100000001100011011
0101011000001000111111000010100100100110
1100010011000100001111001011011110010001
0010100000011011000100101001001111000110
0000001010000101010001101001010010001100
1001110000101100110110001001001100010010
0101000110001001010000100001001100000001
0111011111011101110000111100001000011111
1001101010100101000001000000001000101000
0000100000100010001011101000000101100100
0100000011101100000001101001000001011000
0000000111010100001111110001000001110100
0111101101100010000110010010001001110001
0110111001101000001100001001000001010001
0101110101010101100111011101111000001010
0101000110100011110000111010000000010001
0001011001100111111100011010000000010111
1111010001111000110100110101011000101010
0001111001000110001011010111100001001100
1100000001100010101100000101001001010001
1011001000001101001001010010100101100000
1011001101000100100011100110111101010101
1110000000111001000100101000011001100101
1101001001000010110101011111000001110000
1010000100010010000101110011101100001100
1101100010100100100000010110011001000000
0000101110100110101100000100010101011000
0111011100000001001001000000010101111001
1001011001101001001110110100101001000000
0001010001000001111010100000100111010000
1001100110010010011000111000100100001010
56 168 28 12 6 4 0 0 