50
40
0100011011011011101101000001000100001110
0010001001100000010101010001010100001101
1100011101101101110000000101000010101001
1100000010110111001111000011000111111000
1001001011010011111000110010010001101111
0110110110110000100000000101011001000000
0001000001001000000111111101011100010010
1111011101001110100000000000000000010110
0001101011000111110110010011111000010100
1011000100101100101001110110010100000101
0100110001000010011001001000000001001111
1000000000001101000101011000011011001001
0111111000011000001101001000110100101101
1011100110110011000000001110111000011000
0100011110101011000111010000101101001100
0010110010101010101011110000000011010011
0000010101111110110010010110000001000101
0010100100000001010010101010011000001110
0010100100011001000100001000000001000010
1110010101100001000100011000000010101001
0000011000110111100100000101011101001010
0100110000001100100000100001000101101001
0101111011011000000001111000110000001000
1000110000100000010101001000000111100100
1000000010000110101111110101100000100000
0011100000001001100101010001011000010100
1001100010010011000010010101000011010100
0110000000110110000010101010110110001010
0101101000100011000110100001000001010111
0110010101100011011011101000101100001010
0000111010000010000111001110000000110101
1110101110000010101010000100011110011001
0100100011101110110110001001010001001011
1010011101000011100001110000000001001000
1101000010000010001010111100010000001110
1111000001000001111000000001100101001110
0000000010000010110010110011000100000110
1011000001001010010110001010100000110000
0000001100000010111110001100011011010011
0010011000100100111111010000010001010100
1111101100011000000000101100000001100011
0010101101010100000101010001100000111000
0101100110100010100000010011011011000010
0110100110100010000001010011000010000100
1101110000010011000100001001001101010110
1110101010110110100001101100010001010100
1110111011100000010000010011100110011001
0100100101010010000010011001010010010100
1000001000000101111000100001000110000010
1011010011000101000101100010001000010100
76 221 36 12 8 1 0 0 