50
36
011101111110111111000101111111011111
111111111110111011001111011111011110
001111000111111111110111111111111101
010111111111111110111101011100111101
011011010111111111111110111100011111
011111111111111111101011011111110111
111111011011010111111111011101110101
111111110001111101111111110101011111
111111111111111111111010111111111111
111111111111111111011111110111110110
111111111111110111101010101111111101
110101011111101110111011110101011111
110111111111101111111111111111111111
111111101111111011100111111111111110
111111010111101011111110111001110101
111110011111111011111101011111111111
111111111111011011111111101111111111
001110111010011111110111111011011010
101111111111101111101011011111010101
011111101111110111101110111111111001
111111011001011111101011111101101111
111001111111100101111011001111111111
111101100111110001011010111111100010
111111110101111110111101111110111111
111110101111111111101011101111110101
111111110101111111111111111100111111
111011101111111111101101111111011110
111011101111111101111111110010110110
101111101111110101110011111111110111
110101000111111011111111111111111111
111011111111111011011111111111100111
011111100111111111111101111101111111
101111111111111111111111101011111111
111101111111000111111111111111111101
110001101111111010011110111111110111
101111111111111101111101111101001010
111111110011100100101111111101110011
011011001111101110011011111010111111
111110011110111111111101110011111111
111111111111100110011111111011101111
011011111101111010110111011111111101
111001110010111111111111111111110100
001111111111011111111111111111111101
111011010111111111111111111111110100
011110101111101011110111001111111111
111111101111111111111111101110111111
111111010011101010111111011011111111
110011011111010111101101111111111111
110111101011110111111110111110111000
001111101101110110001111111111011111
91 285 39 30 7 6 0 7 