20
40
0010000000001011000000010000001000001011
0000100000000001001000000100000100100100
0000010000000100000000000000101000000010
0111101100000011000000000010000011000010
0000001100001000000010000001100100010110
0000000001000100010000110000000010010000
0100010000111010010101100000000001100010
1001101100000000000010000000000101100000
0100000000010000000000000001100000100001
0000100000100110000000000000010000101001
1000100000000100000001100000000000000000
0001011110000000110110000000000110100000
0000000000000100000001000000100001000000
0010100000010100000001101100000000000000
0000011000011000001010000100000000110000
1010000010000000000000000000000100000000
0000010000001000000000000001000011000000
0001000000000000001110001000000011000000
0100010000110100000001101000100001100000
0010000010101000000010000100000000000110
16 47 5 5 0 0 0 0 