32
50
01000010010100000111010000110100010001011001010101
10001010001001110010010110001000010011000010111000
10000010001000010100010011100000110001000101000110
01011111001101001011000011001110010000000001000100
00011000011010100100000111110000000001101000010000
10010101000011000001000100100001010101100010101000
01101100000110010101100001000001010111101000010110
00001000011010111101000010000100101011010101110101
11010001001000010111010110001000010111101101010000
00000001001100100111000000110100101010000011010001
11101000010011001111100110001100101011010001000101
10001011010101011001000101001010110000011100001101
00011001010011001010000011010110110010100001111001
10111000100000000010110111001000111011101000010000
11110010100000000110111000011101000000100101010010
00100010001111100011100001110010000011111001101111
10000100001011000010100101001000010100101111111100
00101101011010100100100010000100100000100100001000
00001011100111001011011011010101010001110000100100
11100000100000000011001000110001010110010001001100
10000011000010100010110011000000000000110100100011
10100101000000010001111010100100101100000000000101
01100011000100000000110011001110110011011110101111
00000000000000010000000110001000110000010000110001
01111100011010011000101010000101011010010100100000
11101110010001101110011100000000100001110000000001
01101010011110000000011101101110101000000100001111
00111100110010010110010110111010101001011110000001
01100000100000000110001000000101110011111110001000
11101010100000111110110001010101001110100000000010
10111000111001000010001110100010010010101010000001
10101100010011110000111001000111000000110000100010
15 48 8 6 2 0 0 3 