32
50
00011000000000000010000001010000001100001000010001
00000000000001000010010000010000000000000110000011
00010000000000101000010000100001001000000000000100
10000000000111100100000000010100000000000001000001
00100000100000101011000000010000000111001100000000
00000100011010000000010001110010010000001110000011
00000100000000000000000000101001011010001001010000
00100000000000010100010010000000001000000000000000
00101000000000000000010000000000100010000000000000
00000001101010001000000000000001010000000101100000
00000010000100000000011000000000100011000001000100
00100000001110000000000000100110110000000000000000
01001010010000000010000110010010000001000000000101
01001000001001111110100101110000000100010010001000
00000001000010110010000000000010000010001000000000
01011001000010001001100001010000000000000110001101
00100000000001000000000000100100011100000010000010
00101100000001000000000000010000000000000000000001
00000000000110000000111001100000000000100111000000
00000010000100011001000000010000000000000000000100
00000010000000000110010010100000000000000001000000
00000000000001010100000000000000000010010001000010
00000101110100000000010100000000001000000110001000
01001000000000000010001000011001000100100010010000
00000000000100000100000000000000100000000000000010
00010001000010000000001001000000000001000000101000
10010000000001000000101001100000100000000101000011
10000000100000000000111100100000101000000100101101
01000010100000001100000001000000001000000011000000
00100011000001000000100000000000000000010001100001
01100000001001000001000000100110000000100100000100
00101000001000001000100000000010000000000001000000
19 46 10 2 1 0 0 0 