50
36
110000100001010001000100010001001000
110111011100000010000001001010100001
001001100011000100100000011000100100
100000000000000000011110001011001111
100000100000001110101101110100011010
010001000001110110100001010010000100
000001100111100100000110011000000000
000000000100100100110011000001000111
000000011011100010000001010100001100
010001000000101011000101010000000000
010001000100000000011010110110001000
111111011101000000001110000001000100
000000010100010011000000000000000001
001000010111101110011100010101000010
011010100000000011010000001101101000
001111000111001010111010100101011100
000001101010100111111000000100100001
110101001100011101101110101110000001
010110000111100000100001000001100001
100101110011100010000000010001000101
000000010011100000100011000001010010
011011010001010100000011011100000000
000011111000000101100101011011001000
001100000011000010110000010001100011
001100100111100110110110101000011010
111100101000000110100001100100000001
000101101110000101000111000100100111
010011001010011010011000101011110101
100000010100011010100010010100011000
010111110000100100010000001000010100
101000001111011011011000010000100000
110010100011100110100101010110000010
001000000000011001010001001000001110
000000000000000000010010001000100001
001010010110000101010011000001010110
100010011000010000000001000000011101
010000101000000000010101101100000001
011110101000000001000000110000101010
100000011110011010001011001000001100
100000000000001000011101101001000110
110100000011111100001111111100010000
101000100000011000101000100010100100
001100100001010011101000000000100000
010000101111000001010011010110100001
100000110110110101111100110001010000
101001010000110010100000111010110010
010100010000000111010110100100110100
010001010100000100000001100111111011
101010001010011000111100100010100111
101110111101101000100100001010000101
32 128 17 11 6 3 0 4 