50
38
01100001000010000000100000100001111001
00000000001000010100000100000010010000
01000100000101000010000011000000001000
00010000000000000000011000100010000010
00000000100000010001001110000100100001
00110000000010001000000101100000000011
10000000111010101010010000010001000100
00000010000001000001000011100000110010
01000000000110001000100000000000000010
00000000010000000101000000010100101000
00000010101000000000100100010000000010
00100010000100001011000111010010000100
00000100110100000000011001100000010011
01101000000000000000000000000000010100
01000001001000000100000000000010000100
11010101000000001000000000001010001000
01001001100000110000101000010000000000
00000110000000001000100000000000000001
00001010001100010000010000000000001000
00010000010001000000000001100000000100
10001000001100100010110000010000001000
00001100001000000000110000010011000100
00000100000100000000100000000100010000
00000100000001010100010001100000100000
00011000101100001000000000010100001000
00010101001000000010000000000000000000
00010000001100100001000000000000010000
00000101000100010001000010000010000010
01010100011100001010000000110000000000
00010101000100000100011000000101000000
00010000000001000000000000000100000000
00000100001100001010100000000000000100
00100010001000000000100010010000010001
10000000000000100000101000000011010111
10111000011000100000010101000000001000
00000000001000000000000000000000010000
01000100000001000010000000000010010010
10000100010001000000000001010100010000
00010100000100000100000000100000000100
00100100000010001101001010000100000000
00001000100100001001001000000101010000
01100011000100000010100010011000010001
00000000100001101000011000000001010100
00000000101000000100000000000000000010
00000101000010000010011100000110100000
00101000001000100010010000110010001000
10000001000000001000000000000010111010
00000101000000100000000100101000010010
00010000000010010000000000011000000000
00011000100110000100000000000100001010
36 83 13 9 0 0 0 0 