32
50
00010001000000000000010000000000000100000110100001
00000010000000000000101000000001101000000001000001
00001010000001001100010000000000000100000010000000
00101000010000000110010000100000000011010001010100
10000000000000011111000000100010010100000101000000
11000100001101000000100010000011000110000100101100
00100001000010000010000000010000010000010000001000
10100000000100000100100001010000000000000101001000
01010100000011000001011100000000000011000000000010
00011000010010000000010001000000001000000000000000
11000100000000001000010100110111110000100000000000
00000010000000000000011000001100000100101110010000
10000100000111000001000000000000010010000100010000
00100100011010100010000000100000001000000000000100
00000000010000001001000000101001000100011000000001
10001100000001001000011001010010001000001000000000
00000000000000001000100000000010100000000000010011
11000000010010011000000001101010000000100100000000
00110000000000010000011000000100000001010000000010
00100000010011010000000000000010100111000000010001
00001000000001000010000010100010000010000100100000
01101000001000000100000010100100000001000000100000
01010000000000000100011010000000100000010100100000
10000100001010011000001110010000000000000100000000
00010000000000001000000100000000110000011000000001
00111000000100000000000100000000100000000000001010
01000000000000111100000010000000110000000000010000
10001010000011000000010011000000000000000100010000
00000000001000000011000000000001000000000000000100
00000000001100000000000100000000100100000000010000
00000000001000001000001000100000001001100010000100
00000001000100000000000000110000000010001000000100
27 88 12 9 1 0 0 0 