50
40
1111111110110111110111111011001111101011
1101111111111100011111001111100111111111
0111101111110111001010101111111111011110
0111111111110111110111111000111110111011
1111111100110111110111111101011111110011
1110111011111111111111111110111101101110
0111111101111111101011100011001101111101
1111111011111111111100110101111111110011
0110111111011101011101100111000011111110
1110111111011111111111011111111111011011
0011111111000010011111101111111010111110
1111111111101111010011101111111011111111
1111111101111111111101001100101101111111
1111111111110111111111110010111100111111
1111111110111111011110110110001010111111
1110011101111101111110011101110111111011
1011111011101111011111111110101111111111
1111111111111111111111101111110111101011
1101010111001111100111111011101110111111
1111111011010111101101111111111011011101
1001110111001101111111111111001111111111
1011111111111110100101111100111111111111
0111001111111101101111111011111111111110
1110111111111011110111111110111111110010
1111011110000111111011110111011100110111
1100111111111110111111111111000110111111
1111111111111010111101111111010011010011
1001111000111111111001111110100111110110
0111111101110111110111111011101001111111
1111111111111111110111111111111111111100
1111011111110110111110101111111111111101
1011100111111111101101110111111101110100
1111101111011111011101101111111111010001
0001111011111101111101111111111111111110
0111011111111111110111111111011111111111
1110011111101010010111111111110111111111
1110111110111110101110111011100110011111
0101111110111111111111111010111001111011
1111111100011111111011100011111101111001
1111111000110010111110111111100011101111
1111111110111011111111111011101011111101
1101011111111111111101110011111101111111
1101110111101011101110111111111011111101
1110011001011011111011101111110111111111
1000111101111111000100010101111111101101
1111111100111101111111111111101111110111
1111110111011110111111111111111110101111
1110110010111010011111111011111110111100
1111110111101111111110110011100111111101
1110101111111111110111101100111110111110
135 385 68 33 14 5 0 12 