60
50
00000001000001000100100000010000000000010100010010
10001010000100000001000011001100000000000010000000
00010011100101100000100010100000000000000000000010
00000101010000011010000000100100110001000000000000
00000001001111011000001100000000010100000000000100
00000011000000000010000000101000000100001100100000
10001000011000100010010000000000000000000001000000
01000011100010000001000000100001000001001010000010
10110000111111000000010000001000111000000111000100
00001000000100000000000010000100000010100000100010
00000000000001000101000000010000000010001000001100
00110000000000000000000000000000001000000001010000
00000000100001000001001001010000000000000100000010
00001001000000000000000000100001001010101001001011
01000010110101000000100000001000000000000100000000
00000000100000000001100010001010010000001000100000
00000000000001000001010100010100000000000000000000
00000100100011000000000000000000000000001011000001
00010101000000000000100001111110100001000000000000
00000001010000110000000100001000010111010000100000
11000000010100101001010000000000001000000000010000
11000000000010000100010110000000000100000001010001
00000000011000000100010000001000000000100000000000
00000000000000000001000000010000000010001001000010
00000100000100001110100010101000000000010000000010
00010000000000000011010000000000000010000000001000
00100000001000000000000101001010001010000100010000
10010100000000000000000000000110000100000000000000
00010000000010000001000000100010000001000000000000
00001000010001010000000001001100000010010000001000
00100100000000001010000000000000010000000000001100
00000001100100000101100001100100011010000000000100
00000101000000000010000000100101000000000001011010
00000000000000100101000000000010000001100000000010
10000000010000010000101000110010100000100000100011
10010000100110110000000000000010110000110010000000
00100010011001000000000000000000010000111000001010
11010101000100000000000000001100001000000000100000
00000001000010010000100011001001001000000100000100
00000000000000100000011000000000000010100001000000
10001000010011101010010001100000001000010010100101
00000000000000000010100001110000101000000000100000
00100000001000111000100000000000000000000000000000
00010000000000000000010010000100100001000000001000
10000000000000010100010010000010001011000000110100
10001000011000000000110111101100010110000000100000
10000000000000000000000000001011111100001001010100
01000111000100010000000000000000011000101010000000
00000010000000000000010000000010000000010000000001
00000001011000000000011010000000100000101000010110
10011001010000000110000101000101010100111000010111
00000000000110000000100000100000000001110000000001
00010100000100100000000000000100100000010010000000
00101000000000000000100010001100100000000000000000
00000010000000100101100000111100001000101000001000
00001000001001011000000011000000001000000000101000
00001000001000100100000000010000000000000000000001
11100101000000001011100000000001010001100000000000
11001000000000000001110000000100000001000000000001
00110000000100010100000100010000000000100000010000
45 120 17 14 2 2 0 0 