60
50
11111011111111110010111111100110111101011110110111
11110111111111111111100101111110011111010111111111
10111111000011111111110001011111011011110111111111
11011111110111101111101111111101111111111111111011
11111111101111111011110001101101011111111011011111
11101111011110001110110111110111011111111001111111
11000111111111001011111001011101111111111101111111
11100011101101111111101111110111110001111111111110
11111111111011001111111111010111111011111001101111
11011010111111111011110111110111111111001101100111
01100111111110111111101011011111011110110111111111
11111001111111010111011110100111001111010111111011
11111011011111111110101111111111110111111111101110
11011111111011001111111111111011100111111001111111
11111111001111111111111111111111101101111101111111
11011101111111110100110011111111011110111111111110
10011111111110101111111101101111011101111001111111
11011111011111111110111111111111100111111111111111
11111111111110111111111111111011101111001101111111
11101111111001101111011101111111111101111101111110
11101111111111010011111001111111110011111111111111
00011111010111111111111011111111111101111011111011
11101111110111101111011111001111011111010001101110
01111101011101111000011011011111110001111101011111
11111101011100101110111111001011101101111110111101
00111001011110111011011101111110111111111011101111
11100011111111011111110111011110001110111111111111
11101111111101111111111111100111111111111110101110
11101110111111011111101111111011110111111111101110
11100011110101111011111011111110111111011111010100
11010111111111111111111010110110111111101101101111
10111011111101011001110011111111011011101111011111
11111111111111111111111111111110111111110111011111
11111111111111111111111111100011010101101110011011
10000110110101111110111111111111101111111110111111
10111111011111110101110111111001111111111111110100
01111110111111111111111110111111111101111011110001
10011011111111010111110111111111111011111011101111
11111111111001110111110111110001111001111111111111
11111110010110111101011011111111110111010111110011
11011101011111001111101011111011111110101111100111
11100001110101011111111111011011111011011110111111
10011011011111101101011011111110101110111101111111
11011010011111011111110111111100001111110110110011
10111111111111011110111101111101101001111101101011
11111110011110111101110111111101111101011011011111
11111111001101111111101111111101011111111111111111
11111101001101111111011001111111110110111111011111
10100101111111100111111111011111010111111111110110
11010111101111011101001111111111111101001111111111
11111101111101110011111111111111101001001011111110
01111111111101101111100101011111110111011110111111
11111011101101101111011111001111101101111111110110
11111111011101111011111011111111100001111111111111
01110111111111111010111111110111100111111111111110
10011111111011111101110101111101111011111111111111
11100011111011111110111100111110001101111111011111
10101110111111111101011111111101111111111111110011
11110111101111111111101101101101101001110101110110
01110110111111110101101111111011111000011011010110
185 579 114 48 21 5 0 19 