20
40
0010110011001111010011101001000001110101
1011001011101111000010010000011110001111
1000111001111101010110111010011010010110
1001100011111110010111111011000101000110
0000000011000111101110111111111111011010
1100110110011111011011101111111010111111
0001110111111010111101100101101011110111
1001110110110000111111011011001010001001
1001010100101011101111100010001101110111
0111101101111000110111111101111111101111
1111010011111111010111000100110100111011
1100111001000001100111110001111011001111
1111010010101001110011111111111111001011
0101001001010001110111111010010010011110
0011101111111101011110000011101010011111
1111110111001000110101011110000010111110
0111111000110111110111110011001011100111
1101111000111001110100011100111001001111
1101010110100100000101101100010011011001
0100100011110101111011010101101100101010
11 41 2 2 1 1 0 4 