20
40
0110000011001000100101011000000111011001
0000101000001000010101100000001000001110
1000101111000010110111011100010001100011
1100101101010010000010001110111100010101
0001011000101110000011001101001010010010
0000001001011001111001000000010000000000
1001100101100111010000110010010111011100
1011111001101111100011101011001000010011
0001000001100100000001111110101001010110
1010100100111010100010001001110011000010
1000000011101100000000000100001011100011
0011100100000001000111101010010100110010
1100000101000010100000001001001101110001
0000010000100011000110000101010110001010
1011000100100001000000110110000001110000
0010001001011010010011001000001000000100
0101110000011110000100000101111100010010
1010000100111000010001001100010100011000
0000100000001000010011010001101000100100
0001100001010000000100101000000000111010
34 69 19 8 1 1 0 0 