20
40
0011111011111001011110001100100111001101
0010110001101010111010111111000111111001
1110011011011011011111110001101101010110
1111000100101111001001101001011110101110
1101101111010101011111111101110010101101
1110110110111001000110100111000111000100
1000011111010101111110011111001110101110
1001010001000001100101000000111110010010
0110110111110110011001010011111011011000
1111011000111100111010111011110100111111
1111100110101111111011111010111111000011
0010111010111100111000001001011100101110
0100000110100111111011101010011110110111
0110010001110010011011111010110111110010
1011010110100110000111111010111001100100
1011111000111011110110100011010101011011
0000100110100110011001100011110110100101
1011101101011110110101010000111111000000
0010001001111010011101101111111011010010
1111111101001111000110100111001001111111
17 54 14 5 3 1 0 4 