50
40
1010010100000000000100000000100000000100
1010000101000000000110110000000100000000
0101100000000010000000010000010000000000
1000000000000000000011000000100000111100
0100100001000000000000000000001010001000
0000001001000001000001000000010100000000
0000010000011010000000000110000110100000
0000001000000000000000010000000011000000
0000000011000010100010101101010100100010
0000000001000000100010000000100000010000
0000011010100000000001100010000000001000
0100100011000000001010000000100000001000
0000000100000001000000000100000000010000
0000010010000000100100010010000000000001
0100010000000110001100000001011000000000
0000000000000110000000000000000000111110
0011100000000000000010000000000001000000
0100100000110000100110010001100000100101
1000101000000000000000000100000010100010
0001000000001101101000110000000010010010
0000000000010010001000000110000000001001
0100000001000000000000001000000010010010
0100011101000000000010101000000000000000
1110100101000110000000010000001000001000
1100000000000110000100000000001010010100
0000000010000000100001000010000100000000
0101000100010100100000100000001011010000
0000100010000000110110100000000100010000
0000010011000000000001010000010000000000
0000000000000000000000000000000001100000
0110001010001001000000010000000001000000
1100110000010000000100010000000100011000
0000001000000001000000001000000100101000
0000000000000000100000000000000100000000
0000000101000100000000001011001000100111
0000000000010000000100011100000000000000
0010000000010000010100000000010010001000
1100100010010010000001010110000100001100
0100110010000001001000110001110000110000
1010000000000000000101001010000100000001
0000000000000000100000000100000000100001
0000001110000010001001101000000010000000
1010010000000010000010101000000000100010
1001001011000010000100110000100010010001
0000100010000000110100000010000100001101
0000000000000000000000011110000100010000
0000000000100100100000010000110000000100
0000000110000001111010100000000000011000
1000000110000000000000001001100000100100
0000100000000100000000001010000000101100
7 41 4 2 2 0 0 0 