60
50
01000000000000010000010010000001000000000000100000
00000000000100000100000000010000000100000000000000
00110000000100000000000000010000010000000000000000
00000000110000000110000001000101001000000001000000
00000010000000000000001000000001110000000000011100
00000110000100000000010000000100001000100100100000
00000000000000010010000000000000000100000010011010
00000100000000100100110010000001000000011000011001
00000000100000011000000100100000000000000011100100
00000000000000101001000000000000000000000010000000
00001000000000100001000111000000000000010011001000
00000000001000110000001000000000100100010001000010
00110000111001001000000011001001000100110000110001
10000100000100000000000101100000010100000011000000
00100000000000001011100101000000000010101100000000
00011010000001000000001000000000000010000000000010
00010101000000000000000000010000000110000000001011
11000000000100000110000000100010111000100100100100
01000000000110010000010000000010000000000010000001
00001000001000000100110001011000001100000100100100
00110100010000001110000001000000000000010110000010
01000000000000000000010000001011010001000100100101
00000100000010010000001000100000001001000000011001
00110100000001001010000100000101010000000101100100
01001000000110000110000100000000000000100000010000
10111000000001100001000010000000000000000000000100
01101100000010111000000000000010000101100100000010
00000100001000000010100000001100010000000000010000
01000000000000001000000000110100100010010001100000
10000110110001000000110000000100100000101000000100
10100100000100110000010000010100100000000000001101
01000010000110100010010000000000100000000001110000
00000000000010001000001010011010000000000111000100
00100000110000000000100000000000100010001000000000
00011010000100010000001111000000110000000001000010
00011110001001010000000011000000100011010100010110
11010000000000110000000001101001100000000000000000
00010000000100000001000000000010000001000000000000
00000011000000001101100001000100000000000010001000
00000001000000100010100000010000100100101000001000
11100100000010001000000100000011010011100000000001
01000000100000001100011000000100010000000000000000
01000000000001000000000100000011000000000000100001
00001000010101100010000001000000000001001001000000
00000000001101000000001000101110101000000000000000
00100000000001000100000010000010000000000001010001
00000000000000100001000001001001001100000000010000
00000000000100000100000010000001000001000000000000
00000010000000100100000011000001010000000100000000
01000010111000001100100001000000010000010000000000
11010001001000000000100101001000000100000000000110
01000001001010100000100001000100000010000000000011
00000000100010000110000111000000000100000001000010
00001100100011000000101010000000000000010000001000
10000000000100000010011000010000000000000000000000
00000001001000000100000000001000001000100000010000
00000000010010100000010000010000000001001100001010
01000000000000000010000000100001000001000000000000
00010010101000010101000100000000000010000000010100
00010000001000001000110000000110000111000000100100
32 87 11 13 0 0 0 0 