32
50
10001111100100101111101011111101101001100111010011
10111111111101011000100111110111110101111101010011
01111101010011111111100001111101111101010111100111
10001111111010010001101111110101110100011100101011
11111110010101100110010011110011011011010101100101
00101101110111001011010110000001000111101001111000
01101110011110011001010101001100100111000111110011
10110001100110110110011110000000111101111111111010
11011111110011000111011000101011100001110110001110
00000011011110111100111011100100101011011011010101
10101000110100111101111101000011111101011111111011
11010110111001111101011111100101110111101101110100
01100011110010010001000100101010110110111111101110
01011110111001100111111010110100111101011110111111
00001000011101110011011011101011100001010111111111
01010101101001111110101000111111111010111100111110
01000100000101011001010101111001001101100111111110
11010110111111101100001000010101101100111101101111
10011010111100101001111111011101110110001110101001
11011010100001100111101101000100100000001100001010
01110111011111000110100100001001001110101110101101
01111111001110100111111011001101110011000100000100
11110011000101110111101010010111110100111100101011
10101101011111110011011010110110101101111111100110
01101110100100110011100010110011111111101111100001
01101111100010011110101011011001101101111110011101
11100101111110100110100111100101111101011011100010
10100111111111000111100101010000101011111111110011
11111100100011101011000111110111110100010010101111
01100111110100111011100011111011000111110111111001
01000011111010000110101000111101011100011111000000
10110011111011110011111110011101101110110111000011
67 198 24 15 8 2 0 4 