50
45
111000101010111010000101111100011011111000110
000100110110011000111001110111111111110001000
110111001001111001110011101110111101001010100
001000000110100101111100100110111111010001100
111110011011100100101101001111101111101011111
110111100001101011011000110000110001000101011
111001011011011110000100110100000001010011010
100110111001000010100101011111011101101100011
101111110100111110111001001110010000111110111
101111000010001010001100110011000110010101110
000111101011111111110110111011001100100110110
000111000110111011111011101010010001011111001
101111101011110101001111011000100111001101011
111111011001000001111101011100111011001010111
111011011010101001111101110011010001111010110
001001100011101010000111011100011101101000110
111110111011111011111110010111010001100100110
010111101101011101000010101110101010110100100
101001110111111000001011101101110001111111001
110111010001110010011010101100101010010111001
110010011101011001001111111111100101011110100
101010101011111100101100001101101000000101111
110011010111100111011010110010111101101001011
111100111110111101011000100000011111001111000
111100110011101001000000111110110001110111001
111000111110101101001110111101011010111010001
010100011101110101111100111101100110111110011
111010101111100011111111000110111010000100111
110110000111011011111111011111100011101101100
101100111111101101110010101011111100100111100
010110000011111111101000100111010100111101100
110101011011111011111010101011110111111101001
011011101101101101110111010111010111011110110
010101111010110000110111111101100010101011011
111010010100100100111101101110011110011000101
110101010111001101000111001101001111110101111
111111110100001111011001010111111001011101001
011111111101011101111110111110101100111111011
100101110111000101111001011111011111101101111
011001001000111011111011101110111110001100111
101101110011100111011111111110111111010100111
101001111111110001011111100010110111111111011
111001001111001010110110110111100110011101001
001111011000010110101101111110101001101011101
111101111011001001101111011001010110110000111
000111110110011000111010110101101101010011011
101101100110111011100111111100010100001011101
110110000011001110001011111100101010111101011
110111010010011001111010000000011100011101110
001100010010111111101110001110000001110001110
86 263 35 19 7 4 0 12 