50
38
00000001010001000110001000000001000001
00000000100001000100010100000001000000
00000100100010000010010110000000001000
00000000000100000000000100000000010000
00010000000010000001000001001000000001
00011000001010001010000000000000011010
00000001000000100100000110110011000000
10000000000000110011000000000110000000
00100000000000000000001010100001001000
00001000100010000000000000000001000000
01000000001000000000001101000100000000
10000010100001000010100010000000001000
00000000000000110100000010011001000000
00000100000001000000100001100100000100
00001100111001010000011000000001000000
00000001000000000010000000000000100010
00100001000000000011000001000000100000
00000000001010100011000001100110001000
00000000001000001000001010000000000000
00000010001000100100001100100000000000
00000010000010000000100000000000010100
00000010001000001001010100000000000000
00000110100000000010010000000011000000
00100000001000000001100000101010000010
00000000100000000000000100000001100010
11011000000000000000000000101000000000
00000000000000111000000000100100010000
00010001000000001000010000000010110001
00010010010000100110000000000010000000
00010000010000000000010100000000000100
11001000000001000000100000010001000111
10001000000000010100000100000110000001
00101100000000000010001000000000000001
10100011000000000000000001000101000000
01000001001100000010011001000000010010
00001010001000000000010100010000000011
10010110000000000000011000101100001010
00001000010000000001100100000000100000
01000000000010000001000010101000110000
00010100000001001000000010010110010000
00000010000100010001001000010000000000
10000101000010010000000000000000100000
01100000101001000100000001010101000000
00010000000000000001000100000000001101
10000010100000000000000001000000000000
00010000000110100000011010001000000110
01001100000101000000011000101100000100
10010000011000000000000000000000101000
00001000100100000001000000000100100000
00000100000000000101001000000000100000
13 41 4 0 0 0 0 0 