50
36
000111011111111110011111111111101011
111110101110010111111011111100011111
011100110111111110110101011111111111
111100010111111110011101011111101001
111111001101111101110111001111111011
111111110101110101111010110011111001
111101011111111011011111101011110101
111111011111010101111011011111111001
010111110111101111001111111110111110
110010011111111111111110101011011101
111111101010111110111110001111011011
111101011111110010111101101111101101
111111110110111011111111011100111011
110101001111111101010101101011011110
111111110111111101111111011111111101
011111011101010110111110110110111111
111111101111111111000111011111111111
110111111110111101101011111011111111
111111001100111110111110111111101101
111111101110011011110111111111100111
101111101100111101001111010101111111
000100110110011101111110011011111111
101111011111111110111111001111110111
110111111111011111011110110111110111
110111101111111111110101110111011111
111001011111101111110101111111111111
010110001101111111101101011101111110
111111111111100111110111111111110011
111011011011110011011111110101111011
101101011011101111111111111111111111
111111111111111111101111111110000011
010001110101111011111111111101110100
111110111111111111111111110111110111
101110111111111101111110111101111111
111111111111101111110111111001111011
101111111111100101111111111111011011
111111101011111111000000110011001111
111101111111111101101111011111111111
011111111100010110111111000110111111
111111011010101011110100100111100101
111111110110111011111111011110101111
111110111101111111011011101100100110
100011011011010101001111111111111111
111111011111101011001111111011111110
111011111011111111111111110011111001
111111111110111111111111111011111101
111111010111101101111110011111111101
111111101111010111110011111001110111
111111110011111111110011110111011111
010101011101111010111111111100011111
87 277 33 19 9 7 0 11 