50
40
0000000011100010010101001111010010011100
1010001110000011100010010100101100000010
0000110010110000110000111101001111110010
0100011000110001100011000000010010000011
1011011011010011100001100000000101010010
0000111000100011000010000110000010011010
1010011100010010111010011100101001011101
0111110101001000000100000101000001010101
0010110010100000111000000000100101000011
1000000100011000000010001011001110000001
1000000001010010011101000101000000011100
0000000101111011100011010100111000101101
1110011100011000001000110111100100000011
1000100110000010110111000111100001100000
0011100010010110110111100011101100110010
1100010110000100011001011011111100000100
0010000001011100000100000100010011000100
0101011110001001110010000000001000110101
1000101000001110000100001100100010000111
0000011100010111001101100101001010101000
0110010100010001101001100010011101000000
0000100100010010001001111111111101001001
0010001010110000110000101011100101110000
0000010001001110010111000000001110101100
0000010010001100111000101001011101100011
0010011000000100011000001001000010101101
1100111001100100000001111100100010010011
1101011110111110100000000000110111101100
0101011000010000010100000010100011101011
1001011110111101110101101010110101000011
0101010101001000110001011110101101001100
0101010011011010000011100011101001110010
0010010110100010110001100001001111100010
0001010000011011010001000010010110110100
0111010100011000100101001011001011000101
0000010000100110001000000100100010010000
0100101000000101001000000001000000010000
1010110010100000000100011000100001001100
0001000101010100011011000000001001001101
0110010100000001101000100010001000000100
1100001111001111000100101110111100011001
1101010001000111001101100101001110000001
0000010010000001010100000000110011000000
1001010011010100110110010101000111000010
0100001000000010100011101010010010001011
0011110101001100011011010100100000000000
1000010010100100100000001010011010001000
0000010101000011100011001100001001100101
0100010100000110101011000101001110001111
0101101000110010110000110000011000101010
71 186 37 21 9 2 0 2 