32
50
00001000100101111101100101110010111110101110001100
11101111011001101111111110001111110100010001101110
10111101000101101101101100100110011001010111101110
10011101001011111110111111000100111100111001100111
10111001011110001011100110101011010111001100110111
11110111101011110110011111001110111101011010001111
11001001011111110110111111101101111110010111111101
01000111110000111110101011101111111001011111010111
11000100111101001111010110010101011100111011010110
11100101001100101011011101001110010001111111110011
11001011010011111111000100100010111111101101010111
10100111101100001001111111000011111110101001011000
11101101111010001101000011111011000110001111011100
10101001110100001101100101011000100001100000110111
01110000111011110111110100001101110010011011111001
11111101100101000110010110111011101001000000011111
11001100011111101001101111110000100100110110100100
10100101100010010101100111111001010101101001111100
00111111000111001011101111010000011110011001101110
01111110101011101011011010100110110100101110110101
10100100010101011101011100100000011100111001111001
01011111111111111011100101000101110011110111011101
10010111001111011001100111011101010010111110111110
00101011011001011101011101010101110011000111010111
11111011111100110011100111111110011011011111011011
10111111011100010001010101100110010000110110011000
11101100001000100111011011101111011101101011110111
11000010111101100111010000001101101101011010110111
10001111111100000101110111011110010111111110001110
01010100001110111000001110111101111011111011100000
11000100010101111011100011001111011110100001111011
11111111111001111101001110111011101011111101101111
70 175 29 17 9 3 0 5 