50
45
001010001000000000000000000000100101100000000
000000000000010000000001000000000001010010100
000011110000100010010000001000100000001001100
000000100000011100100000000000001001000000100
000000010100000000000000000000000110011000000
010001010000100001001000101000000110001011001
011000011000010000001010000000000000000100000
000000000100010000001000100000000100100001010
001000000000100000000000010000100000100000100
000000000000000100101111000100010000000001000
100100010000100010000000010000001011000000010
010100000000000000000000000001000000010000000
000101000000000010101000010001000000001000010
111000000001000000001001000110000000000100001
010000100010010100000010000100000000010000000
000000000110100001100000000000001100001001000
000100001100110000000000000000001000010010000
000000000000000000010110100001100001100000000
000001010001011010000000101100000000010110000
000010000110100100000000011111000000000100000
100100100100010000000000001000100000100100000
000001011000000010000010000000000000000000000
001010101000001001100000100000010010000100011
000000100100000000000000100000010010000000010
000001000000000000101100000100000000000000010
000000011000000101000000000010100011010010100
100000011000000001101000010000000000000000000
010010000000000000100000000001011000100000000
001000100110000000010000000101000000010000000
000010001000100000000100000001000000000010000
001000010010100000000010000010000001001000000
000001010000101000000010000000000001000000000
100010001010001100001000000101010010000000000
100011000000000000000000100010100000001001001
000000001010110000100001100001001000000000001
100000100000000011101000010100001011000001100
000000000001001000000000010000000000000000001
000000000000000000001001010010011100101010000
100000101000000000000000001000010001000000000
000000100000110000000000101100000000101000000
000011001010100100000100110100000000000000101
010010000001010000001110000000000000001000000
000000000101000001000000000000000000000000000
000001100001010000010100000100001010100010000
000010101000100000000000010000100111100000000
001000000010000000000000100010000110001001000
000101000010100010000001000001000000000011010
001000000101010100000000000000000000000000000
001110000100100010000000110100000010100010010
000101110100000000000000000000110010101001000
23 119 15 14 5 0 0 0 