50
40
0000100100010000001000100100001000000100
0000000000000011110100000000101010001000
1010110010000000000001011000010000100000
0010000001110100001000110001000001000000
1000010101000000000000000000000001000001
0000000100000000000100001000001000000000
0000001100010010100000000001000000000000
0100110100000000000001110100001001000001
0000000000000010010000010000100001100000
1000010000010000100010001001100010000010
0010000001000001000000000101001010100000
0100100000110001000000000011111100000101
0000001000000000001100000000100001001000
1000000000000000000010000001101001000110
1000000000000000000000101010000010000011
0001000000000000010110000001000010010010
0010001000000000000100010011000100000000
0000000001000100000101001000010000001110
0000000001000000000001000000000000010101
1000100100001000000000000010011000000100
0001000000000000011000100000000000000001
0000001010000000000000000001000001000001
0001000110100000000000000010000000000100
0001100001000101000000010010011000001010
0001010000000010001100010001010000000010
0000100010000010000110100011000000101010
0000010000010011001000000000000000000000
0011100100001000100000101010000000000010
0000000101000000011000100000000010000000
1000000000011100000000000011101010100000
0000000000000001100010001000100001100001
0000100110000000000000000000000100000000
0101000001001000100010100001010000100000
0001000000010001010010100000010100101100
0100100000100000000000000100001001010100
0001001000000010001000000000011001011000
0000000100000100110100100100001000001000
0101000000010010010000100000000010000110
0000000000100000000001000010000001000000
0010010000000000000000100000010001101010
0000001000000010000000000000000000010000
0100010001101100000011100000000000010000
1000000011010110100001000110010010010000
1101001000100100000010000011000000000000
1000000000000000000001001000000010010100
1000001000001001100010010011011000010000
1000010000010010100010000000010000010001
0010000000000000010000010100100000100100
0100100000000100010001000000100100000000
0000000000001100001000000000000110000001
39 80 12 7 1 2 0 0 