32
50
10100000000000010000000000010000010000010000000001
00001010100001010011000010011000010000010000100011
01000100000100000000000000000001000010100000000100
00100000000000000110000000100000100100010000010000
00001110000010000000000000010010011000000000101000
00000010000000110000000011000000101000000000011100
00000000000001000001000100001110011000000011010000
00010000000000000000010000100100100001001001000010
00000101000000000000100000000001100000000000010000
10100010000000001001000101101001000000000100000000
00100000011001000100000001000000000000001000000000
00100010000001100100100010000000000000000010000001
00000000000001000000000000100001000010010000000000
00011000101000110100000000000100000010000100000010
00011000000001001000010010000000101001000100101101
00000000000000001010000110000100000000000001000000
00000000110101000000100010100010000001110000100000
00000000001000010000101010011000100001000001000010
00010010000000000000000000000000100000000000010000
00100110001000110000000000000000110000010000100000
10000000100000000000000000001000000000000000010000
01000111010100001000000000010010001000110000000010
10100000000000000100001100000001000001010001100100
00000000100000001000010101110111101000010101000000
00001110001000000001000100010010000001000100000000
00000000000000000100000000100001000000000010000011
00101011000100000000000001000000100101000000000000
00000000100001000010000000000001000000000110000000
00000000010000010000100000000000000001000000000000
00110001010010001000000000101001110010001110000100
00110100000000110000010010001000000000000000001000
00010000000101000000000000000000000000101100000000
14 43 10 4 0 0 0 0 