60
50
10000000000010010000000110010110000111010000000000
00011000000000000000000010010000000000000000110000
00001000001000000000000010101011000000001100000000
00000000000100000011100000100000000000000000000000
00010000000000010010000100000110000000110000000001
00011100110100000101000000100000000000000001000000
00010100100000000000101000000000000000000000000000
10000000101000000000110100000000000000000000100111
10000000000000000000000100000000110001000000000000
10000100000000000000001001101000111100010001100000
00100010001100000000000010000001000000010110110000
00000000000000000001001000001000100001000000000000
00000000000011000000100000100100000000000000101000
00000001010000011011001100011000100010000010000100
10000000110001100000010000000100000011100010000000
10110000001110100010000000000000000101110100000110
00011011001010000010000000000000001000110000010010
00000011000100000000000011000010001001000000110000
10000010001110101000000100001000000000100011100000
00100001010000100000000101010000100100100000000000
10000100010000010000000001010100000001100000000000
00001000011010001011110000000000000011100100001000
00110001001010000001000010001000001100100011000000
00100000000000001010000001001100000000001010110000
10101010010101000010100101000001010000000000011001
10101000000000001010000100000101000000010000000010
00101000101001001010000011000000100000000000000000
00000000110000001000000000010100010001010000000001
00010000100010000010001001000000000110000001100111
00101011100001000001000011000000000010000000110101
00000000111000000000110000000000100000001101010000
10000001000001000010010001100000000000000000000100
01000000100001100100010011000000110100010001000000
01010000000000011100000001001010000100010010000000
11001000000100000000000100010000010000000100000000
00000000001010000000000001001000000001000000001001
00110001000010000000000001000100100000000100101000
11000010000010000000010001000000001000000001010000
00100000010000000010000000000000110100000001000000
00000000000001000010000000100101010010000101000100
00000000100100000000000100000000100000000001110000
11000000011000000011000010011000010000100000100000
00001000000000000000110100010000000001010000001000
00111000110000000000000000010000000111001000010010
00011100100001001000000010010100010100000000100000
00000010000000010001010100000000000000100000000001
00001001000011100110000000000010000000010000000000
00100001010011001000000010000000100000000100010000
00000001010000101000000000000000100000101010000000
00000000000000000000000000000000000000110000001010
00001101101000000000000000000101000001001000110011
01000000101000100100001000010000000001000000001000
00101001000010000000000000000100000100000010000001
00100000010000000000000100000101000000100000010011
00000000001001010011100100000000000000000000000000
00100000000010000100011000000000000001000100000110
00010101010001100001000000100000000000000000000000
00000000000010000010000000001000010101100111000010
00000011100100110000000000010010010000110000000001
00000100000000000000000110000000000011100000010000
64 165 25 15 0 0 0 0 