34
50
01111111100111111111111101111001001011001011011000
10001101011101001000110111010110110011011111100101
10000110101000010111111100111010010100001110011011
11111010111111011011011000110000101101110111001100
10111010010001100000111000000101100110010100101111
10110011111001111111101010100101110010011101011111
11000011000000111100010111101110111101010110011000
11111111110011001100100101100001111101111110110111
01000010100101011101110110100110010111011100101001
01110101111111000110010011010100101110111011111110
01110011000111011111011010110011110000111010001110
10111001001100111011111000000110110110101010010101
00111101101100010100001111100001011001111100111101
00111001100000111010000010101111101100010111011110
01111110111101010101111011010011111111101011010011
01101101010010011001101111001010010100100100111110
11000111111010001100110010101101100000001110111011
11011001111011011010101101001110011001111100110111
01111111101011111000111011110110110101011000110111
01110111011110111011100101111011111001011100000111
00100100111001001101111010101011110110111010001101
10100110011011011100011111011010011011011110010010
01010110001011010100100110010011011000001111011010
01100111001001011101111110010001101111111110111111
00100101100000110100101011000101110111111011110011
01101001111011111111011000110111010000000110101110
01001110111111001111101111001011101110001111110010
11011000111011010111011111011111101011011110101010
10010010011010010111000111111100111011101001110000
10111111101011011010010100111111101011111101111000
10011111010111101100101110010111100101100101110110
11111100111000010011011010011101010000001011101011
11010000100110001000110100010011011100101111000011
01110101111010110010010111111111110111011011011110
26 69 18 9 3 2 0 3 