34
50
00001100011111100001010010110000100011111100001000
01000110101110100100100100111100010010100110011110
01001101000010000011101000000001010100111110100000
00011010110010100110000000000000111110000001001100
01110011110000110000000100011000110111000000011010
01101001101010110000100100010001010000000011110001
01000010111000011000111100011000001011011111101111
11101010001010110011000001100011011010010001000101
11010000011000000111011101011010001000010100011010
00111001100101011000000011111001000110101001011000
01011000101000001101111011011101011011000100100001
00100010010001010000010010001101010000001010101110
11000001010000011000001100011010000101000011000110
00100001100100011110000010101100010001001100000010
10001001011001100111000001100001000000000100001000
11010100001010000010111111100000110111011100000100
10001000101001001110100110100101000011100000001000
00000010000110000000110001101001000110110001101110
10010001101100011110000000001010100000011110001101
11111101000101000101000111001100000100001011000000
10000000100101100010001100000010000100000000101010
00001111001100000001000101110100001011100100011110
00001100000101010001110000011000111100111010110101
10011001101000101010011010000100110110101101000001
10001100101010100111011001010111100110001110011101
01000001111000000100001101101000101001000011101100
11001011000000010000001001000001100011100000001001
00011000000000101110101000001000111001110000000011
10001010001000111001011111101001110010100000001001
00010111000011000101110000010010011010011010011010
11001110101111110111100010110110011010001001001010
10000000101110000100000001011010000010000100010001
00101100110101010010011001100100001001100000000111
11000001110000011000011011000000110110100001010001
25 50 5 5 3 5 0 0 