50
38
11101001010011110111110011111010101110
01011111001111111101111011111010011001
01111110110110111111111101000111101110
01010111110000100101101100110100111101
11110011001111010010111111110011010000
10111100100000111110011011001111100101
01010111111101110010001100101111111011
10001110101111110001101010010111101011
00100111011111111110010100111111100110
11110101001101111000110111001111001000
10001010001101110110000010110010111010
10100101000101111010110101100000011111
11010101110111001111001101000011111011
00000010111110111111110111101110101110
10101101010011011011111110000110100001
11011100100111111011111101011110010101
01001001101001010111100011101010111000
01110000001011010001111011001011011101
11110101011110011111101101101111101111
00111111110111101010101011100101010111
10111110100000110110101100101011100011
00000110011110010110111011001111011100
00010110101111111101100111110110001101
01110110010101100101100001101100101001
00000110110101101111010100111011001111
01110100101010001100101101111111010111
10110110111110100101001110010001111010
11011101100110001110111110100010111000
00111100000101111100010111100001110101
01011101101011111100111010110100111100
11101001010011001110100101001100010001
00100011010110100111110100110100111010
01111101110000111110011100100110000110
01110101011111101110100100001110010110
11011111010010111110100000111101100001
10100110101110101111010110101110011011
11100010001111111111100000110110010001
11101101101001110111111101101100010101
11001111001101011111100111111101010110
11110001011100011101010000111100111100
10111111111010011010011111110011001110
10101100111110101010010111101111001011
00001011100111010001111110101000011100
00001111011001110010010011011101111011
10111110111110011100111111111011010010
10000001111101000110100011011001001110
11010110110010010010111100100111010000
11000101111111011101010000011100110010
11101100000011010111101001111001010110
00011001000000010011111010111000011111
32 99 11 9 3 0 0 3 