50
50
00111110110100001010010001000000010110101010001011
10001000011011100110100100100110001010000110101110
01001000101101101001000001001000011110011001101011
10010111100101110000100000110101111001000010011110
10001000101111100000110010000111011101010011100101
00100011101110010000001101011010001001011010110001
11001010010000000001100010011101010000000000000000
01101001101110100000001110010010000101101000000011
11110101001110011100000000001000010101010101100010
11100011000010111000110100010010001010111011110010
11100010010101011011101100110101100010110011001110
10100111010000000111010010100000011000011101101010
10000001100000110110000100010000010010011001101010
10100011011110000010000000001100010000100000110001
11000001010000011010001100000001000100101100011011
00001111010000001010101001011000100000100100000100
01110110010101000001110001001001110110000000011101
00011110000011011001010010100010001000010010101000
01001110101010101101101100110110010000001110100101
00100101000100000110001110110100010000011010100011
01100110000110110101001100011100100111000100011010
10100000011100000000011000000000110101101110000001
01101000000000000100100101011001000100110100010101
01101100110001011001000011111100000001010110100000
00000001010010100001010100000100001000101000101100
00001111100000111101100000001001011001000010010100
10101001110100110000010010001000111011010101000001
00000001001110001001010000000100000000100001111000
01001110010000011111000101011001111010010000000110
10000110001000101011111011011001100000101000010111
00000001100010010010010000010010011011010101110000
11010111011110000100011110110001010010100101000001
01010010010010001001100011110000110110000111011010
01001110010100010011000100010010010000011000010001
01000000110000000000011000000010101010100111100101
01010110010110110000011111000000001001111010100101
10100110110010000101011000010001100001000001010011
00011000111001010110101101000100111101110000001011
00100011000100001000010000010001010100010001011100
11000100011100100011100111001001001010101001111110
00010111111110100001000111010010011110011101111110
10000010100010010000111111100000111001010010000001
00010101000000000001000010000111000101100011010011
01101000111100000101000011010000100110000000101111
10000000000010010101111010000011000010001110110011
01010001000001111001001000101110000111001001100000
00111111100001011011111010100000100001110000001011
01001000100100000011100011000100111111100110001001
10010111001011000010100100011100111010010011000100
11111001001101001100110000000010111001101110011110
78 224 39 22 14 6 0 10 