50
40
0001000000000000001110010010000000010000
1000000010010010000000011000010010000011
0000010010011010000000000000000001000000
0000010001000000010001000000100101000000
0010000100010000000100000000000100011000
0000010100100001010100100000000000110010
0000000101100000010000010010000000000000
0000000000010000010010000000000100010000
0000001101000000001000000000000100001001
0100000000010011000001000000000010100000
0000000101001000000100000000000100010100
0010100000000000000010100100110000010000
0000010000010100010010010010000000000000
1000010101101010000000010000100000000100
1100000010000110000000011111001000000000
0001000010100000011000001000110000100001
0000000100000000010100001000000000101000
0000001000100000001000000010100000000101
0010000010000000000100000000011001110000
0000001000010000000010000100000010110000
0000000001010000000010000000000000000001
0000000010001001000100000110011001001000
0010101000100010000000000010010001110000
0000000000000100110000010100100000001100
0000000000000101000010000000000000000100
0001010100100000011001000000100000000000
1010000000001000010010100000010010000100
0000000001100010000001101000000000110000
0000000000101000010011100000001100000000
0000000100100000000100100000010100010001
0000101110000000001101000000000000000000
0101000000000000000000001000000100000010
1000001010000000111000000001000000011010
0001010000000010011001000000100100000000
1101001000000000000010001000011000101100
1010000000000110000000000001001100010000
0110100001000101000000000000010001000000
0100000100010000010000000001000000010000
1000111000010000100100001000110001000000
0000000000000111000000000000000100010010
1000010110010100010100010000000000011110
0100000000000100000101000000100110010001
0100100000100000000000000000100001001000
0000011000000001101000000010000100000001
1001001000001000001000000010000000000000
1100110000000100110001000110000100000000
0000000000000010100000010001101000111100
0000010000001100001000000100000011110000
1000100000101000000100000100001000001000
0100000010001000000000000010000000000000
31 102 22 5 7 0 0 0 