50
45
010111101011110110100101011101011010010011111
110110111000001100111111100100111010111111101
111001001101011010111101111100010100101011011
111100101011111100111101011011110101111010010
110100100100111101110011111110000101011011111
011000001001101010101011111110100111010011011
110010000110100101101011011100011110111110110
100111110111110101000111011001111011110111010
001010101011100011010111000010111100010101011
111011000111011100101101111011011000000111110
101001101011010101011011110010010101010100110
110111011101011100010001101010101001001011111
010101101011010101110000111001000001110010011
111101110001101011011011010010010011000111100
011101101001111111101110010010011111110101101
111001110110111011011111000010010000011000100
111101110101010111111101010110110111010011100
110100011001100000001100011100110111101101011
010111111111101111111001111110111101011110111
110101110110110010010101101110010010100011111
011110010101101100100000100010011000111000011
011010001100101010101101110100111010110101011
001011011110110010111101111111010011010100100
011110000001101011011011100010010000010001111
101101110011001111110001001100111100011110111
100011101011110001110111111011001011100110110
110001100110101111011111110101001011101011000
011001011001111111110101011101011111011110101
011101100000111101110100111110110101101100001
111110011110010111111101000000011100111101101
001100000111101111001111011001100111111111001
011100001111100111111001010011011010010010101
111110101010111010011111011111001100000111100
001100100101001011010100111100010110100010100
000111010111100111111101011111001100000000101
001111110101110111111010011000011111111011101
010111001101010111101010101001010101110011111
111110001101101101000110111101110101011000111
010100111111111110110110010100111101001011000
011011100011101010101101011111001111001110001
001111111101111000011000000100001111000111110
010110111100111001101011101111010000101110100
010110111110100000101001100111001010101011110
001111000100011100101001111011011101000100111
110010111110011011000111011010111101111111100
111101000010100101100011010111011101110111111
010110011001001011111010101011101101010011010
010100011110011111001110111111100011101100010
110001000011110011001100111110001111000111111
111111010010111111000111100100110001111110101
52 166 28 16 8 2 0 10 