60
50
10110001110011011101101001010001010110101000101100
01011100110111101100011111001100011100001110101111
10011101110000000011100111111111100110111100010111
11010011101000110010010011010110100100111110011011
10000111110111111111111101101101110100011000111111
11100000110111111110011110111111011011011010010100
11011111010110111010111100011110001111000011100010
01111100011101101111011101110110011010010111000001
11110011111001001101101001101011111110010010010111
11010011111110111111111110111111011111111101101100
11010110111000000100011000101010101010111011100111
01100110011111110010110001111101000110110111010101
11111111000011110011111001010010000011101010101011
11011111011000010111010111110110101011100001111110
10110100101100110010111101110000110110111101011010
11111010001111100011101110010111101101110010001011
11010100011100111100011101010111111101011110010110
01110101100001111100000100111110111101011000011110
11100101011111111000011111000101111001110110111111
10010100011011100101001011111001101111011101110101
11111100110010110110100011111010100100100111000111
01110010110110100110111111011101010101101111111110
11100101100011010101111111010111100000010011111011
11010011111010101111111010100101110111100111101001
10100010000111011001011111101010101000001010010001
11010110101110111101001011101011100111001110010011
00101000001011110110110010110100110010111111011011
10100001011111010110101110010101010111110010010001
11111111110010111010101111000100101111000100110100
10100001110111110111010010110111110111011111000011
10111010111111011110001111101111000011011001011110
11010010110010110011111111101011000110101110110100
10110111000111011101110000100010100111101111100001
11011100101111111111011100111010111010011111001111
11011001111111111101010011110111100110010011110101
10000101101111111100110110111000010101111111110010
10011110110011011110111110001111011111111000011000
00111100110110100111111110110010111001001101110101
11010111111010110110001110010010101110001010011111
10011101011110001011001001000010011011011110110101
10010001011101011100011111111111101010000000010001
01001101110100111101001111010011001101111111011111
11011111100001000011111001001111101010110001000001
00110010111010111100111010101011011010110110011010
01011110010111101001100111101001111100100101111010
11111111001000101111111101101001010000100111101111
10101110011011110110111101110010001001011010100100
01111011011111010101100110011110101111111010110111
10111111111001011110110111110101000010011110011001
10101110110111111110111111010000101100100111101000
01000000111011010000110000011100011110100111100011
10111101111110000110101100100100011111101011111011
10000101001110000111001000110111111000010101001111
00111101001011110001110110101011001011110100100111
00101000011110101110011100111001110100111101001101
01010001001111111101000100000101101010001111111111
01101011101100011111110111111011001101110010010011
11101010100011001011010011111101010101111110101001
11000111001010000011111111101001000011111110110101
11100101111111101111100101000110011111111001011010
149 418 80 41 14 6 0 17 