32
50
11111111011111111111111011110011001111111011101101
01110011110111111101111111101110101111110110101110
01111011101111011110110001011111111011110111111111
10111011111010011011111111111011111011011111010001
11111111110111111111011101101111111111011101111111
00100101111111111111111111111101111100111111111111
00111111110111110111111111110110011111111000000111
10101111111111011111111101110011111111111111011101
11111110111111011111111111100111101100111001111110
00101011111111011110111101111111100111101111111011
10111111011001111111011111010001111111111111110110
01100010110111111110111110011111111111111101011100
11101011000111100011111101100101111110110111111111
11111111111111111001110110111111111111111110100111
11111011110001101110011111101010101001100010110101
11011110110111110111111011111001011111111000110111
11101111111111111111101101111011111011111011111111
10111011111000111111110111011111111011111101110111
11011110111100110111111101011010010111111111111011
11001010111111110101111100111101111001011110111111
01111111111101110111011111111011101110010111101111
11111011111010101111111001011111011110111111111101
11111111110111101111111010011111111111010110111111
11100110101101111011001111111101111111111110110101
11001011111111011101111111111111110110110101111001
11111111111111101110100111011011111001111110111011
11110011111110111111111111111101111111111111111000
11011101111111111111110111110111111111101110111111
11011100011101110011011101011101110111111111101101
10101101111110111110010010111111101111101001111101
11110111101001111011101111100100011001111111111001
01011111101111110101111111011101011111011111101111
31 75 19 6 4 3 0 10 