60
50
10011110100100011111101010010101100000000000101000
01101100000011001111000010000010101010101100110010
01001000100101001001110011000000001100010011101000
00100100000101001001101011011011000000101110000111
01010000010000101111101010110110010010000100100000
01011000100101100000000001010001100100010010111000
10111011000101000100110100110001011001101000000110
10011100101100110100000010000001011101000100111100
00111000001101010000010100010000100100000101101000
10100100000001100000010110001000010010000100010000
00000100101100000110110111000111100100100011000101
01100001000110000100010100101000111101000000111011
00100001001110101110001011001101111000000011010000
00011110010100000101100000001001110000100000001100
00101110100001000000101010000100000101111010000111
00000011001101010011110001001010010110000011001101
01000100000011100010111100000010101010110110001010
01000001000011010000100001101100001100010010010010
00100001101011011001010000101110010100000100101100
10000101101001010110110100001010100010101011110001
10011000101001000110000001101100010011010000000000
00100001000101101010111101000100011000010000010011
01001111001100001100001100000101000000010010001011
11100001010110001100101010100100100010001110110101
01101010000101010111100011011100111010000000101100
11000101001000011001011001011111001001101101001000
01011100000001111010010011100011101010000100100000
00001000010001000010001011000101111100011101001010
01101111110011001011001011011101100001011101000001
00000100001011010011000000010101001010001100100010
11000100100001011010100100000010110001000000001000
10101100000010000000010100000110001110011010100001
00001101110011011101011000110001010101001001000001
10110001100100001111000001010010010111000001110010
01110000111001011011110101010111100010101110100000
00010011010111100010100010100001100111001001001100
10101000111000011000001110011101010011010110010000
00001100111000001111000100010000001100100000110001
10000100110110100000101100111000110110101101001111
10010000001011010011000010000111110101000001000010
01101000101100011111000010000100110100010011100110
01000110000110011010100010001000001000001100000110
10011100101000000010110110000110000010000111101000
11100111100010100110000000011001101010000001000110
01000001100101000001000001000011110101100100011110
01000100000001110001010111000010000101011000001010
10000010011000010110110110001100000110001100101101
11111000000101100011111111100110000011001100100000
00110010101110010001000010000010011101010010101101
10010110000100110100111000010001100110000011000110
00010001100100001110000110000000100101100001010011
00011100000001110010100000100001110100010001000110
01011000001001100001000100111001111001000111110100
00001010100000011111100101100001000000001000001100
11000000100100100010000100000000110010111001101001
11000011001010100110100000001011001010000101110101
00101000101101101010101110000010100010111001010000
11000110000100010101010011001110000010010000010000
10000101001000110001010000000100111100110011011000
01001100100000100000110110011101011110110110010111
60 139 34 11 9 4 0 5 