20
40
0010100110010000010001000100000000000000
0010001110010100000010000000001001001000
0010010001100000001000010000001100011010
1000000000000000000110001010000000000000
0101100000000001000100000010010010100001
0000011000000001000001000010001001000001
0000000001000000001010100100100001101010
0000000101110100001001100000001001000000
0000000010000000011000001001000110000011
0001000000100001000000000010000010000000
0010000011001101010010011000000000010000
0000001001000000000000000000000001010000
1100101000100100101100100000010001000000
0100000001000100010000010000000000100000
0000001000000010100000001000000000000010
0010110000011100001010100000000000000000
0000000000100000000100000100100000000001
1000000000000000000001100101100010100000
1101010000000100001010000100000001100100
0000100010000001000000000100100000100010
4 33 4 0 0 0 0 0 