55
50
01000111110110101000110011011101100011111111110101
01101000110000111000110001010010111000110011011101
11111101001101111011000001101000010110000110111111
10011111101001101001101110111010111010101111111011
11000011011001001011101110001111111101000101011011
01100111010111010111111101110010011101010001101010
11011001011011011110101111001010101111011111111011
10110011011011111010010011110111111101110110001011
01011001111111110111101110011101111101001010011011
11100100101111100000000101111011011010011010010011
10111011101101001011010011111111110110001111111001
01101101101000001111000101011000001011100100010101
01100011011010001000101010110001111101111111101110
00001111000110000111001111110100011111011111001010
01011011111011101100111111110001000010000110100110
10001000100110011101101111011001111010101101001011
10010111011000101111101010110100101100101010110100
11100111011011110110010010010010101000110101010010
11001111111111101011011111011011101111011011100111
00010111111110011010011111000110011011000011011111
11010101101001011110101011011111100110111010111111
01101001001111011101100000001111011101110010110110
01111100111000100011101110101011111101111100111001
11001001011000111101111100100110111001011010100100
11111111011011010111010111110110110101101110001111
00100011011011111101110000111111111011111000110111
01010000010110111000011101111011010111111111111111
00001010110010011110110011110101111000101110011000
11010011011110101101001111011110110011010111110011
00011010010001101101001101111100010100111010011001
10110111001100101111011111000001011110110100101111
10110100011110011111101111110110011110011001110100
01001101111010101111011101000011000101011110110111
10010110110111100111110111000010010000111011000111
01100110101111001111010101000111001111101011100111
11111101100011111011010100001110101010100010101110
01011100000011000100111011110100011011010001111111
10111100000110011101101100011000011111100110101100
00111110000010010111111011101101101000110100111101
11011011100010011111101101110011111011110101011111
01001110111101101010111101110111110110010110101100
10000110001010100111001110001101101111000010010110
11110101101010111110001110101111111101010001011111
00111111110111111111001001111011001111010111100011
00110111111011010110011111110111110101011001111110
10111111101001100110111000101011110111010011010101
11000011010111001101001110011010111011111111010110
01001010111011001101100111010111011110001001001111
01110101100111010101010111111000101111011111010110
00101001010101111100010111011101110011101001011011
10010011100111010011101001010011101010001100110111
10100111100010101101111110010100101110111001110111
01011101001001011011110111110011111011111001010111
10000100010011110100101111000010110111101110111000
11100100101001111110011110001111100111100100111011
112 400 75 37 10 7 0 15 