32
50
11111011111111011000011000110110011101101110111010
10111110011010110000011010101101111001111001100100
11101111011101111101111101111100010110011101101000
11001011101101010101111101001010011010011100110010
10110110110101100111101100011011010001001010001010
10100111111101111000001011101010111110100100100001
11111101011110001010011010101001011011110001010110
01111111100100110000101111111101000101110101001100
10001111110101111101101110011111110100111111011110
11010110001010100001111100111111111111110001001000
11101010110101010110111110110000100011111010110111
10011100101111111111001111110011001101010001101100
11001110110111101100101100011010111110100111110110
00110011011111100111101011000100101010001110111011
01111110110011110111110011001111101011111101101110
10001011011111101011100110111000011001111111101111
10111111111001010101100100001111111111101001000011
00100100101100000011011101100011101101100010010010
11011111101001111111100110111001010110110111011111
01110100110111010101010010101101101010101111100110
11101111011011101000110101011101101110001101011101
01011010000111011001011011011110000010111111111110
11001110000001011000100010100101110001101111110101
10010011001111111110101111011011011000111100100110
01111111101110011000001111100111001110011110101011
11011001111101101111001011111101011101000011000011
10000111111101100111100111101111101011000101111001
10111001111001100111111111111001110011000100010101
00100010101011111101000000111111100001100010100111
01010111111101100111110011100101001111111101110011
10110000111111111010111001011111110011111111111100
10011101111011010000111111101101011011111110111111
49 132 21 15 4 1 0 4 