50
38
00110000101000000110110000010000000100
00001000000011000000000000000000001000
00000001100000001001101010110000000001
00000000000010111101001100000001001101
10001000000111000000011100101000000100
10010000000000001001000010000000001010
10000001100011000000101010000000000000
00100100000000010001100000000100101100
00000000000001000000100000000001000001
00000100000010000000000100000000001001
01000001100011000000000100011100100000
10011001001000000000000000000010010000
01000000000000000000000100100110000010
10000100100000100010000000001000000001
00000011100000000000001001100010000000
00100001000010000001000000000000110000
10000001010011100100010001000000101000
00000100010011011000110000011110010111
01000010000110000101100100000000010000
00010000110000000001001000001001001000
00100100101000100100010010000010100111
00000100000010011001010010000000100001
00100000000000001000000000010001000001
00000100010000000000101000001001110001
00000000001000000000011110000010001000
00000000000110010000000000001001000000
00000000100100000000010001100100010100
01000000000000000001001000010000001000
00100110000010001010000000000000001001
00010001001001001000000000110110011010
00000001000001110000000000000000010000
00010001100000001000000000000000001010
00000000000000011001000100000000000100
00000010000000100000100010000010100000
01001000000100011011010001000000000010
01000000001000100000100100000101000000
00011100110000000000000000001001100001
10010001000000100100110110010000100000
00100000000111000010010010000100010000
01000010001100011000000100000000000000
00010000000010000001010010001010010000
00010000000000100000000000010000100000
00100010100000000000000100000001000000
00000000000010010100000000101100000000
10000011000111001000000010010001011001
00100000100000001000001000000000000000
00111000000111010001000000000010000000
10001000000010000000010101000000000101
01011000011000110110101100010000010010
00010000001000000010000000100100000001
10 36 9 3 0 0 0 0 