20
40
1101101001110101111111101111101111011101
1111001111011101111111111101111111001111
1111110011101111011100110101111111111111
1111111111110101010001110111111110111111
0011111111111111110110100111111111110111
1111111111011111111110110101101101101111
0111111111111010110111100001011111111111
1111010110111111101111101010110011111110
1011011110111101101011111111001111111110
0111111111011111110111111111111110110110
1111111010111111111111110111011111111111
1111101011101111111100100111111111111111
0111111111111111101111111100111111111011
1100111111100110111101110111111010111111
1111100100101111111111111011011111111110
1100101111111111111111111111111111111010
0011011111011101111111111111101111111110
1011101011111101111111111111010000111100
1011101011110111101101111111011011111111
1111110111111101111010111111111110111011
31 98 16 5 2 1 0 2 