50
38
11000011000000010100010001000000100000
00000000000111000000000100100001000000
00101000000000000001100010010000110100
01010100000001110000000101100000010010
10001010001010001000100000000100000000
00011100010100001010000000010000001000
00100001010011000010011100010001000000
00000000001001100000000010000000100000
00010000010001000000000000010000000000
10001000000001100000000000100000001101
10001000000010000100000000101000000000
10001011000001010111001000100001000000
00000000100000001000000001000010000000
10010100011000000000000000000000000001
00010000000001000000110001010000000000
10000000000000001000000000001000000000
10100110000100001010000011100010000100
10000110001001001000101110011000010000
00101100000000000010100001000110000000
01001000000000000100000011010000101000
00000010000000000001100000000000000100
00011000000001000000000000100000000000
00000000011111000000001000000000000000
11000010101000011010001100000000000000
00000011010000000001010000000000000000
01001000001000110000000010000100000100
10000010000100100100010000000001001001
00100000100000000001001000000000100100
00001010000111000000001000000011000000
01010100010000100100001010011000000000
00000000000100001000010000010000010000
00111001000100000010100001000000001000
01000000000000000000001100000000100110
00100000010010000110000000001010000000
00000000000000000000010000100110011100
00101000000000000000100001000000001110
00001000000001010000000010010000001000
01000000111011001000000010001000001000
00100000000010100001001001011110000011
00000000101000010010001000000000100000
00110000000001001000101001000100010000
00000010000000000000001000000100001000
00000101000000001100000001001000011100
00100110000000010011100011010000100000
00100101000000100001100000000100000010
00011000000000000000101000000111000110
00000100000010001100101000000001010100
00100001010000100001101101000000000000
00000101100000000010010100100000101101
00000100001000000001000000001010000000
41 107 14 7 5 0 0 0 