32
50
10001100001110000010011001011101011001011010101010
10100100100110101011000111011000001100001100000111
01100000100001000010110110001000000000010100101001
00000111000000000011000010010101111000100011000110
00101000100000001001100100011110101100000001000010
00011101011001000000001010001001001111010000010001
11001110100011000000000011011101010110001010101000
00110110001000000010101000001111001001101110011010
01100110010100000000000010110100101001110000000000
01000000010011001011001100100000000100010001111100
10001000011011001110001000001011111010100010000110
01001101001101010100010100000110111011110010111000
00001001110110001101100001011100110000101110011101
00001000000100100010010000001000100010010100110111
10010111110100110000010100100100100100000010101010
10001011110100000000000010100100001011000000011010
00010100010101100001001100010101000000000000010010
00000010000011110110100010010010111011000100001010
00000110000100001101101010100101011000100000010000
01000100000011011000010111101011100000110010100000
00101001111001001101000110101101110110001101101001
00101010010000101001001000010010101000011001110000
10001001111000001101100000011000111010011001011000
11101100000101101000100110100010000010011001011010
10011000000101010000001010101001111001000001100000
11010000001100010100010110100100100010100001010011
10011101010101000000101110110101010010110000111101
00000110010000000111101000000001011001100000010100
00101011010100110111110000101001001101000100100100
10100001100000000001001100010010100011010000000000
11110110111100111000001010010101011010000101101100
11101011101001111010000000000111000111110000000001
36 88 15 8 4 0 0 0 