50
36
110000100100010010000011000000010011
000000100100000000000011000101001001
011011011001000000010100000000010000
101000000000000100000010100000000010
000000000000100010000000000101000000
000101000001001001000000010010001010
111000010000101100101000110000100000
010000000110000001000000000100100100
001000000000000000001000010100000010
000000000010001000100000010001000100
100000001000000000001000100000010100
101010100001100000010000000010000000
100000000001000000000000001110000100
000000000000000000000010011110100000
000101000001000011101000001000000010
000100100100110000001100010100000000
100100001000101000001000001001000000
000000001000001000001111000100000000
101000000000001111100100000110000000
110011000000000010000000010001000000
000010000100000000001010000010000000
111100000010001010000000000000100110
001000110010100000000111000000001111
100000000000011000000000000000000000
101000000000000000010000000001001000
001000000001100000100000010001000001
000001000100100010000000010000000000
010000000100010000100000000100011000
100000100100000000000100000000100000
000000000000000000011000000001000000
000000100100000100010100110010100000
100000000010100110000000000000011100
010000001001000000100100001100010000
001010000100000000000000000000010100
000000010010010100000000000001000111
000000000000000100100000100000000010
000001000000001010000110000101000010
000001000000100000100110000000010000
000100001000010000000001000110110100
000000000010000010000101001011000000
000000010000000000000000110000100000
000011110000010000110000110010000110
000100000100010000000001100011000100
000000000011000101011100000000000000
010101100000000011000000000000100100
000001110100000001111100001000000000
000000100010010000010000001000000000
000001001100000100001011000010000100
000001000000000100110110010000000001
010010100110000000001001000010010100
23 75 19 5 2 0 0 0 