50
38
11011110110111101011001111110101111011
10011110110011111101111011010010111101
11101110100111111111011111111101101111
11111011111111011001111101111010111111
11101101111011011111110111111111111111
00011111101110101111110011111110111111
11110111101111111111111111110111111011
00111110111111010111011111111101111100
11101111101111011000111101111111011011
11111111111111100111111111111111110010
10111111110101111111111111011111011101
10011111010011101110101111111111011111
11011110011011111111101111111001111111
10111011101111111100011101111111101111
11011110011111010110110111011101111111
11111110011011010111111101001111010111
10111101111111111111101111110111111110
11111001110111111110101110111111111111
01110111111111011011010111111101100111
01110111101111100111101111111011111010
00111110111111011101011111111111111111
11111111110010011011110111111110110011
11101110111111111111111110111111111111
01101011111110111111001111100011110111
10111111011111111111101111010111101111
01111110110101010111101110111101101101
11110110111010101101111111110011111101
10111111011111111101111101111111110111
11111101101110111111110101011111110110
11111111111101111111111111011110010110
10110110111101001101111110111111101111
11111111101111110110111101111111101111
10101111001111111110101011110111111101
01111110111111111000111111011101101100
11111011111111111111111101100110111111
10111111111111111110110111110101111111
01011011111110111001011110110011011111
11111111111111110111111111100110111011
11111110111110110011111111111001111110
11111101111111111111111111010101111001
01111000011111001111111111011110111111
01111111011101111101111110111001011111
11001111111111111101111111101111110001
11101111011111111111111111101111110100
11111111111101011111111011111111111010
11111011111111111111111111111110111111
11011110111100111011101111111101111111
01111111111111111111101001110110111111
11100110111111011111111101111111110101
11111101111110010111111111110111111111
44 135 15 8 3 3 0 5 