34
50
11111111111101111111011111101011111101011110111101
11111110111101101101111011101101001111111101100111
10111100011111111101101011100111010111011100101111
11110110111000011111110011101111100011111100111011
11111111111001111000111101111111010110111011111011
01100111111101111110101111111111110000101011111000
01101011110100001111111100111111111110011111101100
11110111110100111111011111111111111111111111111110
11111111111101111111101111111111111110111010111111
11110111000111011111111101011111100111101101111111
00101111111111110100101101111111111111110111100001
01111111111111010110010101011111010110111101111101
01011111111111111101010111111111011101111111111011
11001111111111100101111111111011111111111010111111
10111010111011111011101100011111110101111010101100
11100111111110111101101111011011010011000111000111
01010101011011011011111011011111011010111111010111
01111101111011111111110100110101111111111111111111
11111111111101111111011111111111011111101111111101
01110101111110111111111101111111110110111101111110
11111111111111111001111100101111101111101101100011
01111110011111101111011010111011101110111101111111
11110111110101011001111111111111111111011111111110
11101110011011011111111111110111101111111111111011
11111111111110010101111010111111101100110101111011
11010111111011110110111111111110101011011101101111
11011101111110111111111111001001011111011111111111
11110111110111111101101111111101101011111101011101
00011111001100101011011110101110000111111111111011
11110010101011101101011101110111110111111101110111
01100110111111011111101111101101101100101011011110
11111111101101011111111110001111011110001110111110
11111110111111111011110011111110101111111011111001
11111111111111111101111101111111111011111111100111
104 303 61 34 10 7 0 9 