50
45
111101011110110100110110110011011101101111111
010111001111111111101011011111111111010011111
011111111111111111111100111111011110101001110
101110111111111011111111111011111101110111111
111110111101010111001111100010111111111111011
111111111110111110111111001110111111111111111
101010110101111101101111111111000111001010101
110101110111110111111111111011110111111111111
111101110111010111111111111110110110010111000
111111101010110111111101111111111111111111100
111011011111011111101101011111111111110111101
111110101111101111111001111011101111111000101
010011110010101101111111111111111111110110101
111111011111101101110011101110111111011111101
111111111111111010111111111001111111101111111
011011011101101011111110111111111101001111101
111111111101110110111101110111111111101101111
110111111110101111111111101111101111011111110
111111111100101111111101111111111110111111001
101111110111111111110011111111111011110111111
011110111111101111000110111111001110101111101
111010110111111111111010110111011101111111111
111111101110110101111101110111011111111111111
111111011111111101101111001101001100111000011
011110011110101110101111111110111111111000111
111010111011110111111111110101011011010110101
111111111111011110111101111011111010110111111
111111111110111111111110100111101110101111111
011111100110111111101110101011110010111011101
111101101111101111110111111111011111011111111
011011110111111110111110101111011110011111111
111010110110111001011111111011111111011111111
101110110111110111110010111111111101001111011
011111111111111111111111111111111111111111011
110101111101111011111111111110011111111010111
111110101110110111110111110010101111111111111
111011111011110111110010111111111111111011111
011011111111110110111111011111111010100110011
111101011111111111011110111111101110110011110
111011111001111110101111111111111101011111111
111111011100011111110110111111110001111111101
010011001110101111011001111111111110101111011
111111110110010111011111011110101111111110010
011110100110001111111111111011011111111111111
111010001111111110011101001111111110011101111
111111111010101111101111111111011111111101111
100111101011111111101111111111111101001011111
001111110111111111101111101111111110111101100
111101111011111101110111101101011111111111111
010101111010011110111111110011111100111111111
120 343 52 26 12 5 0 13 