50
50
01000100010011100100000010101000000101000000100100
01000000010000010000000000100000000000000000101000
11010101000010000000000000111010010000101001010110
00100001000100000000000010000000010110000100000001
00000000000110101000010000100001100000100001111000
00100001111000000101000000000100100000110000000110
10000000000000000000000010100000000110000101000100
10011100100000011000010000000010000001000100000011
01001000001000000000000010000000001000000001000110
00000010010000001000000010111000000100011000000000
00100100010010001000000100100000000000011000000000
01001000101000100000000000000001010000000010000000
00000010011000010000000000000010100010100000000001
00001000110001100110101001000111000000000110000010
01000000000000000010000000000100001000010000100000
01100100000010000001000000110000000000000000010100
10000010010000000000101000011000000000010000001000
01011010010000001100011000001000000100000000000000
00000000001000000101100000001000001001011000000101
10000001011100001100000000000000001000001000100010
10000010101001000000010000000100100100000000000100
00000000010100011001011000000000000010101000000000
00000000000100000101100010100000110100000000000000
00100000001000000100000100000010110100100000000000
00000000000010110010000100000000000000100000000010
00000100100010101000010010000000010000010100000000
00000000000000001011000000000010010001000000000000
00100000010000100001000100000010000100010000000011
01000000110000000010000011000000100000100001000110
11001000010001010010000001010000000000010000101000
01001000000010010000000001000000001010000000010000
00000001000101001010000001010001100010000000000110
00100100001010000000000100001000000100100010010000
10010000011011000001110110000000001010001100001011
01001100000010000000001000010000100100000100100100
01100000010000000010000000000000000010000101000000
11000000000100000000001000001000000100001000000010
00000100000000000000000100000100011010001101000000
00010101010000000000110100001010000111001001000000
10010001000001100000000000010000000000100000010100
00000001010001000000000010000000100000000000100000
00000000010000000000100000000110000000100000010000
10000000001100111000010010100110100010010001100010
00111000010000000000000001000000010000101000000000
00000000000000000100000010101110000000000000001001
01100000100000000010100010100000000001000000000000
10000010010000000000001000000100000000010001000000
10000000000100010000000000000001010100000010000101
00000000000001101100100001100000001000110000000100
10000000000000000000010100011000000100101000100001
19 71 14 12 0 0 0 0 