50
38
00101101000010101011100111000100000110
01100110000101001011001110010110100001
01110101100010010000010100000111010000
11001000000001101100010100100110100011
11110010000100000110110111000001000010
01000111011000110001010000010010000001
01000001110011010001001100101011100001
11100010100000110011110101000110011010
00000001101100100000000001111100001111
00001000001011001110000001000000100010
00001100101010000100101100000010111010
01000110000001100010101100000000010000
10101011110000000000001101001101011010
01001011111100001110000001011001110100
00000001100010001000011001011000010001
01111000001000100000001100001000000111
00011100101000001010110000101011100010
11010111010110001100110000111001000110
00011001010011100001010011000011001000
00010101100011000011010010100010011011
00100110110001100101011010001010100101
00000000100100010000000000010001000100
10101111000011001001000111111000010100
00101010001011000100001111010000011111
01010101111101001010110000110001000110
00010100111110000110101101100100001110
00110101010111001111110010001110010011
10000010100000000100001000011010111110
00000001001100000010000011111111001000
10111111010111111000100101011101100010
00011001100100011000101100001111101110
01010000010011000000010001001000001000
00000001100110011100000010011001100000
11010001000110110001110001100010011001
11011010011001001000110111111000100010
01100011010011000000100000100011000001
01000001101100010010100110101101100010
00111001000100000110111111010001000100
01110000110001000011010010011010000100
10100000010100000100000000100010110101
11000000010010010100011010000100110001
01000100000001100000001000000100101100
00000001111100000100010001100000000001
10110101100011110000110010010000001000
01100011111000001101000111110000011000
01111101100010111100010101101100111111
00111100011100101110000011000111110000
10110001100100001000000000010001110111
01101111111100010100101011001011111001
00011000101100110100011110010110100000
48 147 29 15 0 2 0 4 