50
38
11111111111111111111111111111111111111
11111111111111111111111111111111111111
11111111111111111111111111111111111111
11111111111111111111111111111111111111
11111111111111111111111111111111111111
11111111111111111111111111111111111111
11111111111111111111111111111111111111
11111111111111111111111111111111111111
11111111111111111111111111111111111111
11111111111111111111111111111111111111
11111111111111111111111111111111111111
11111111111111111111111111111111111111
11111111111111111111111111111111111111
11111111111111111111111111111111111111
11111111111111111111111111111111111111
11111111111111111111111111111111111111
11111111111111111111111111111111111111
11111111111111111111111111111111111111
11111111111111111111111111111111111111
11111111111111111111111111111111111111
11111111111111111111111111111111111111
11111111111111111111111111111111111111
11111111111111111111111111111111111111
11111111111111111111111111111111111111
11111111111111111111111111111111111111
11111111111111111111111111111111111111
11111111111111111111111111111111111111
11111111111111111111111111111111111111
11111111111111111111111111111111111111
11111111111111111111111111111111111111
11111111111111111111111111111111111111
11111111111111111111111111111111111111
11111111111111111111111111111111111111
11111111111111111111111111111111111111
11111111111111111111111111111111111111
11111111111111111111111111111111111111
11111111111111111111111111111111111111
11111111111111111111111111111111111111
11111111111111111111111111111111111111
11111111111111111111111111111111111111
11111111111111111111111111111111111111
11111111111111111111111111111111111111
11111111111111111111111111111111111111
11111111111111111111111111111111111111
11111111111111111111111111111111111111
11111111111111111111111111111111111111
11111111111111111111111111111111111111
11111111111111111111111111111111111111
11111111111111111111111111111111111111
11111111111111111111111111111111111111
57 155 37 10 2 3 0 3 