50
45
100111010100110011010101010111101110100111110
011100110101110110101101101010111111001010000
111111000111110110110100100110001110001111110
011000000111011111010010010001011011100010110
100110111011010010111110011011101111010010010
011111000110100001000111101100011000111111110
000111001110110111101101111101111010001001011
010101011111111010100110101011101100111000000
100110111001101101110001110110011000100100111
101111111101011110101111101111101111111111111
111011110001001011000010111100010100010011010
111001101101101111110111011101110111100010101
010110111110111101000011011110011000111101110
111100101110110010011001011001001011111111110
001010111011111110010010011110110010000111001
111001111101010101101100000110101011100010001
001000101101111111010001101110001111111110111
110101111100110010111111001011111110101111011
111101100101010010010101111110100111110110101
010110110000001100110100010110000010010010101
111111011110010010100000111111001010010111111
101001010111001101010101001110011010100111101
101101001011011101011100100111110000101101011
001001011011101111110111101101010010111111101
111111001101110111011111010001001110011001101
101000111111101011111001111000101111100111111
101111111101110111100000010010011111110111111
001100011010111100111100101100100010111101101
111111101000011101011011101111010100101110111
001100001110111101000111001011100110101001011
010111000111100111000011101101000011101101111
101011100110011110101110110011111110000011110
011101100100101111001110111111011101000011101
100011011010111100101001010101110101011010100
011111100110100111111111101110110001111111001
111110000111001111111001100100001011010111110
110101000111101101011111001011010010111101110
101010011010011110101110110111100111011101111
001011000000110110011110111111011011100110011
001110110111110101110110011010111110110101101
001111111001101011111110000111010101111110110
111110010000001100100001111001111000010110111
011010101110110111101111111111111010101110001
110001011100101100111010110010110101111001001
010010111010101111010101111111000111010100011
110001111011001101101111001100101001011010110
101011111011111110010110011101111011001111111
010111011101100001111010111001111110111101111
111111011100011001101110010100010110101101010
011111110101101110111100101010101110000110111
52 202 26 20 5 3 0 4 