60
50
01001111101100010110011100111111110100011010001101
10011010001001110001011110111111100011101110111111
01111101011101011011101101010010101011101110011111
01011111111011110110100111011111100111101111001010
11110100101111010001100001101111111110101101101011
01111011100101111110100011111101111100111110010011
11111110100001010111110011011000111110101001111011
11111110001000011011010111001011101110110111101001
10111110000101101011100101110111111010100110101110
11000111010011111011101010010101111000101111110111
11001011001101101111011111010110000111011111111010
01011101111011100111111101100010111111110111111110
00011101001001111100010011100110101100001000110111
11110100111001111111011001111110001000111000110110
01011010110101110101011001111010101110101100101001
00101101000110000111110011010100111011011101111100
10001001111101111111010110011111101100101111010010
10011011010011101111111011111101111111011111010111
00010011100001111101101011110110101001111011101100
10011101011111011101110110111101100011101010001001
01010111011011110101111011111110011001101001101100
11111001100011011001110000011011111101011100111111
00001110010010111110101111101111111100101000011111
01101101110100101100111111101100111011011101101111
10000111011111111110001010111010010110100101100110
11011101111110000111010110100101000101111110101101
01000000000000101011001001110100001101111111100101
01001110110101111001001011111101101010101001100011
00110100010101010111011011110110100111001111010101
11101011001111101110001100011101110101110101101001
11110011111001101111111111011110111101111100000111
11110100110101001111011111001101010110110111110001
11011111110001111000001101110101110010001011001111
11101100101011011010101101111111100110111011000010
10101110100101001110100111111111101101010010011100
11100011111010001100100101011011111101111010110101
10011101101001110000110111111101110111101111011010
01100100111101011100110001011100101011101010111000
00010110111111110100110111000111101010110011010101
00111110011100111101100011111111001011100100110110
11101111110100000101111111011001000110011110001101
01100001101101101111110100101010110111010101000101
10111101101001100101010100111100011001001000101111
11111100011111010001011001111101111001000110100011
01001011101001110111011111010100111111101101100001
11111100111011011110010001110111011101111110011010
01110100110111110001111101101111000010111011111101
11110111110010111001100110110110101110000101011111
00001111011011000000101011101111111101101001111111
11110010101110111100101100011110011111111110100111
00111101110001110111111001001011101001011111101100
10101110111111011111101111111101001111100100100110
11111001001111011111111001100110101110111000101011
00111001110011011000111101111001010101100111100101
01110111001101011110100011011011100001011011101010
11100000110001111110001011100111100110001011111101
01110111010011110111001111110100011001011010010010
11111101110000100001011001101011111100110111100101
11100001010110011111101111010110110111011111001110
11100110111011100010111111101010010000011100010111
131 347 58 30 12 5 0 12 