50
38
01000011011001001100001001101011010100
10001100100101110101011011000001011010
10000010011011010001101100101010100010
00111100101110101000100111001100110110
00000001000100010111100011001101011010
11010110011111010100001001000010100001
00011110100110100010110111101111000010
00000011100011000010100000001000010010
01011010010000010110100010100100111001
01100010100100000100000001000100110010
00000000010110011010100000100010000010
01000010001000000011000001011100110001
00111110001001000001001011100101110010
00110100000001001010110100011001010100
01001010100100000001000100000110001100
00010001010010101001011100000110000000
11100101010101000011000101111010001001
01101111011011010011100000111011000000
10000101001010001011001010000000110010
11010111100111101010000101000000000011
10011110100000000001011011010000001101
01111100011101110101100001101110001100
11010111011100011101000110101001110111
01011000000100001101100000010000101111
00100110111001000100001001000011000011
11010110010110000000001010111101001010
10110001001110000010111100011000000010
10110110000100110100001100011101000011
00110110001010100011100110101001011111
01001010110111100100010100000001010111
00000001101000100100100001010000000000
10101111100101010110010111000001100100
00100111000111010101101010010100111110
00101010101010010000010001101000000000
00000000100000010000110010001001100000
00100001010101001000000010010000111100
00010111001101010101001011110010011101
11010011000011000000001011110000100101
00000001000010001000011010100001100001
10110010101000100111110101101101000001
10101000100000010100110001001000100011
10011101000001101100110100010101010000
01110101101111011011011000110110110011
00011000001000001010101001101001110010
00011000100011100000011101000100111010
00010100101000001000001100000000010101
01100010011111000100110100000101000001
11011000000100100101010001101000000001
01111011111000110000010101100011101101
10011110100001110000001000000010100001
35 124 17 11 2 0 0 0 