50
38
11111111111111111111111111111111111111
11111111111111111111111111111111111111
11111111111111111111111111111111111111
11111111111111111111111111111111111111
11111111111111111111111111111111111111
11111111111111111111111111111111111111
11111111111111111111111111111111111111
11111111111111111111111111111111111111
11111111111111111111111111111111111111
11111111111111111111111111111111111111
11111111111111111111111111111111111111
11111111111111111111111111111111111111
11111111111111111111111111111111111111
11111111111111111111111111111111111111
11111111111111111111111111111111111111
11111111111111111111111111111111111111
11111111111111111111111111111111111111
11111111111111111111111111111111111111
11111111111111111111111111111111111111
11111111111111111111111111111111111111
11111111111111111111111111111111111111
11111111111111111111111111111111111111
11111111111111111111111111111111111111
11111111111111111111111111111111111111
11111111111111111111111111111111111111
11111111111111111111111111111111111111
11111111111111111111111111111111111111
11111111111111111111111111111111111111
11111111111111111111111111111111111111
11111111111111111111111111111111111111
11111111111111111111111111111111111111
11111111111111111111111111111111111111
11111111111111111111111111111111111111
11111111111111111111111111111111111111
11111111111111111111111111111111111111
11111111111111111111111111111111111111
11111111111111111111111111111111111111
11111111111111111111111111111111111111
11111111111111111111111111111111111111
11111111111111111111111111111111111111
11111111111111111111111111111111111111
11111111111111111111111111111111111111
11111111111111111111111111111111111111
11111111111111111111111111111111111111
11111111111111111111111111111111111111
11111111111111111111111111111111111111
11111111111111111111111111111111111111
11111111111111111111111111111111111111
11111111111111111111111111111111111111
11111111111111111111111111111111111111
125 362 57 24 18 10 0 8 