50
50
00000001010000011000010000001000000000100100100000
00000010000000010000000001000000000000001110000000
00010100000110000001010011010010100100010000010000
00000000000000000000101000000000100000000001000000
01000000011000000010000001000000001010000100110000
00000011000000100100000000000010001010000010000000
00100000000000000001000101100100000000010000000000
01000100001000100001100010100000000000000001011000
00100000000000010101110000110110000101000000000000
00000100000100011000000100100101100110100000100001
00010001101000000000100100000000000000111100000000
00001100010000100010000001000010000000000101100000
11010000000100000000100001100010000010000100100000
10000011100100000001100100000101001000100100000110
00000100000000000011000000000001100000010000110011
00000000011000000000001000001010000010010000000010
00100000000000000000110000000000000000000000000100
10010010001100001000000000011100110100000000101010
00000100001000000000000101000011000001000000010110
00000011001011010001000001001000000110111001000000
01000000001100001001000000010000011000110100000010
01000010000000000000000000000010000000100000000000
00000000000000010100001000000111100101000000000110
10011010010001000000010001011001000000010000000000
10100000001000000100001000000000100010001000000100
00000011100000000001000010101010000000011000000010
01010000000000000000100001000101100100011000001010
00000000000010010000000010000000000001100001110001
00000000000000010000011000100000100000010100000010
00000000001000000000011110010000001100000110000000
00010001000000001000000010010101000000100001000110
01101000000000010000001000000101000100111100001010
00000001011001000001010010000110001000000000011000
00100100010010001001010000100011000100000000001110
00100000001000100001100010010010100010000010000110
10001000000000011001101000000110000000010010000101
00001000000010000000000001000101010010000000101000
00010000000000100000000000010010000000001000000000
01000011000000001000000100000010000000000101001000
00000010000000000000000000000000000000000000001010
00110010010101001100010000100010001000100000000000
00000011010011010000000000001001000101010100000000
00000010000010000100000011000000000001011000000100
00010010000000000110000000000010000010010000000000
00000000000001000000100000001010001100000000000001
00000000000000000000000001001000011001001000000001
00000000000001000000110001000000000000011011000000
10000001000111000000010000000010000000010001100011
11000001001000000000011000000010000101001001010100
11000010001000001001000000000001000000000110000010
25 81 12 7 0 0 0 0 