50
50
11111111111111101011101110101101011101111101111111
11111111111111111110111011101111111111110011110111
01111100110111111111111111110111110111111111111111
01111111101110111011111111011111010111101011111111
11111111111111111101100111111111111010111101011101
11011000011111101101100011111111110110111111111111
11111011111011111111110111110010101111011111111011
11110100101111011011111011101101011111111001110111
11111111111111110101111101101111111111111110111111
10011111111010111101111011111101000011101111110011
11011011111110111110111101111011111101111111111100
01111111110111011101010011011011111011011111111111
01100000110111111011111010111110111111111111001101
00111110011111111110111101111101111111111111110000
11111110101111101100111101000111110111111110111001
11111101101111111111110111001111110001001111111011
11011101011110110110101111011111111111101101011111
11011111111111100111100110110111110110110111111110
11101111010111111110111110100000101100111101100111
11101111111111101001110111110110100111110110010110
11111111010111111111111011001110111011011110001100
01111001010111111001111110111111101111111011111001
10111111111010111111111011011111100111111011111111
11111101111011111111110011111011110111111011011001
11110001110111111111011010011011111111011101111111
11110100011101101111111111111111110011110011111011
10111111111111111101110111111111110100011100111111
11111011111011101111110111011111011111011111111111
11111101110001111111111111111011111011111101110111
11111111111101111111111111011011011111011110111111
11111111110111111001101110000111111101011111111100
00111111001001110101110011110111011101111101011111
11111111111110111110111011111010111010111111111111
11111011111101111101111111110111111100110001111111
11111110101111101111101111111110011001110111111010
10111111111100011111011101001100011010011111111101
10110111100111001110110011111101111110111110011001
11111111111111011011111111110111110111111111111011
00111111111011101111101011001101111110111011111110
11111011111011111110111011100101111101111001111101
11111110111111111011011101011111011110010111111111
10111111101101101011111100111111101110111100111111
10101111110011111110111111001111110011111110101111
00100111111111111111011111110101111101001111110111
10111110101111111110111101110011111111101011111010
11111110111001111101011111011011011011101111011011
11101101111011110111111111111111110111111111110111
11101101011001111101111111111111111011111111110111
11101111111011111111111111111111111111111111111110
11110111011111101111101111111100111011111111111101
114 361 74 35 9 4 0 16 