50
45
000000100010000001000001000001000000001000000
100000000100000000001001000001000010000011100
100100110010000100000010000000000000000000000
110000000010000000101000000000001000110000001
000000000000010000000000011000000000000100000
100000000010010010010100000010100000001000100
101010001001000000000100100100000001100000010
001000000001010001001100000010000010000000000
100000000000000000000000000100011000110010000
011011000000000000001010100000000000000000000
000000010001100000001000000000100001000000000
000001000010100000001000000000100000000000010
010001000000011010100000010001000010000100000
000110011000100010100000000001000101000111100
000010000000001000000000000101010000001000100
000000011000001000000010000000000010100010000
010000100011000000001010000010000001100001010
010000010100001001000010101000100000000011000
000001000000000000000000000000000000100000010
000000010000011011000100100001000000000000010
001000001101000100000001100000100011000000000
010101000000000001000110000100000010001010001
000000100001000000000101000000000000000000000
100101000010000100001010000010000100010101000
000010101010000000100000001001010000000001110
000000000000001000000001001110101000100000010
100000010100000100100100000100010010000000100
000000000100101000001000000110001000011001000
010000000010000100000000010000000010100100000
100000100001110011000111000010101001000101000
001000000000000101000000100100100000000000100
000100000010001100100100000001000100010001000
010001000000000000010000001010000100001100000
000000000001000010010000100000000001001000000
100001000000000101100010000000100010010000000
000001110110101101000000000001000100000000001
000000000000001100000000000000000000000000000
000000001000000000000000000100000000010000001
000101100000100000000000111000010001100001000
100100010000000001100000000010000000000000000
000101000010101010000000010001010000001001011
101000001010001001000001010000011010010000001
000100000001001010000010010100000010001000001
001000000000100010000001000101110000010000000
100001001010000000000010001010000000101000000
000011000000000001101000100000101101000000000
000011010000100000000010010100000000000000001
000000100000001010010000010100001000000100000
000000000010001001001100010000000000001010000
100000100000101000001000000001010010000010100
14 62 16 8 0 0 0 0 