50
38
11110111111110101111111010100000000110
01111111011010101111001010111111011101
11110111110111010011011110001100110101
10111101110111001010011001111101001010
01000010000000111010010100010101011110
10100011110010010110110011011010100111
11100011101111111111110100011110010010
10010110110101000111110011111101000101
01101011011110011101011001110100101011
11111111101100011110101110111111110101
00111011011101110001001111110101111100
11011010111010100101100100110010110011
11001101101001110100110011101011010011
11010110111011010110000100111110010010
11101111100101101101100010111111011111
11100010001101010100101111111001000000
10111011011010011111110110101000111000
01101010111010111100110010111101101101
11011110110111111100001101101101011011
11111001111000101100001111101100101011
11101011110111110001111100101101001011
10110001101110110111101000011001011110
10101011111110011000010111000001011001
01010100011111011110110111100100101000
11000010111101010010101101100101111010
11000110010111100110111111001110101111
10111111010011011100001000100110111110
11101111011111011011100111010001101101
11100010110000111101011010010100110010
10110011111100101000010111111011111010
01101010011110011101001111001100101000
01100101111111001001111010001100100011
00110111111110001101110111111000111011
11110110111001101111111101101110101100
01100111111000001101110101100111011111
01111100101111011110011000110110111111
00101111001011111011110011011001100100
10100100101100000110111011111011101101
11011000111001100101011111110111101101
10110010011100101101101111100000011101
11111110111100110110111100111111101011
10101111100101101101110000110010011111
11110111110011001010010000110001010100
11011111100100101101101010110001111001
00011111111101010111001111110111011001
10110001010110110111101010001000101010
11100000100011110011011001111100101111
00011111111101110011011011001011011111
01111011111010110101100001011111011000
10101101101111010001111111111110111100
100 274 40 26 11 5 0 11 