55
50
11111101111111111101111111111111111111111111111111
11100111111011111001110110111111010001111101011111
10111101111010111110110111111110111011110111111110
11111110110110111111011111111011111111111111101111
01111111011111011111111111111100011110011101111111
11110111010111111110011110011111110111111111011111
11110111011111011111011111111011011111111111111011
11111111111110111111011111111111111011011111111111
01110111111111101111111101110111110111111011111110
01011001111111101110111111010111111011011111111011
00110110111110111111111111111110111000101011111101
11011111100001111011111101110110101010101101011111
11011100110111111101101111111110011111111111001101
11111110111111111111111010011111011111111110111101
01101111110111111001011111111111111110111111110101
11100111111111111111011110111111111111111110011111
11110111011111111111110111111101001111110101111110
11111111111111111111010111110001100110011100110111
10111110011111111011111111111111111111111111110101
11101111111111111111111111110000010111001111101111
01111111111111011110111001111111010101111111010111
11101111111111110101111010111111110111111101111011
01111111110001111010111111110101111111001011111011
10111011011110111111111010101111111011011101010111
11111000111110011101111111111011111100100111110000
11011010011110111001110110111111111111101111011111
11111111010111110111111110111101110111010111111001
11111111111011011001101011111111111111001110110110
11111010011111111110101111111110111111101011111100
11111011101111111111010001001111100101111011111100
01011101111111111011110111110101110111110000111111
01011111101101111111111111100111111111011111111111
01110111111011100111111111101110111111110111111111
11111111111011111110111011101111111101110100110111
11111111111111101111111110111110111111010001110111
11111111101101111101101010111111101011111100011111
11101101110011111111111110111111111111010111010111
10011111111111010111101100111111101011111111011011
10101111110111111011110111111111101101111111111111
11100001111101001111010110111111111011110010010011
11111111000111111110001101111101110111011011011111
11101111101110011110111111111111111101011011101101
01111110101111111011111111101111011011111011111111
01111111111001011110111011111111101111111101111101
10011110111111111100111111010101011111011011010010
11111111111111110100011101110111111111111010111111
01011111110010111111111111110011011110101111110111
11111100111111111110111101111011111111111011110011
11111011101111111110111111111101111111010101010101
11110110110111110111111111110001111111010111110111
11011111101111101111111111110001110101111111111101
11011111111111110111110111110111111101111101111111
11011101110111111111011111101110111101101111111111
01111011110001111111111111110101111010111111111111
10011111111111111111111110111111111111010111111111
110 270 61 27 11 6 0 10 