50
40
1111111111110111111011111101111111011110
1110111111110111101111111011110111110111
1101110011011110111111011111110001110101
1111111111111101111111011010111111011111
1111011111001111011111111111101110101000
1111111010011111000100111101111111001111
1101111111010101101101101000111111110101
1001101000111111101111011110111011111111
1011111111101101111101111110011111110111
1011111110111011111101111111111011111110
1101011111110111111111111111110111111110
1111111111111101111110111101001111011011
1001111111010001011011111011101010101110
1111111111111111111111111111111111110111
1110000111101111011111111111111111111111
1111110111101100111101111111111111111111
1101111111011110111111111110100111111110
1111101111111111011111111001101100111011
1101110111110111111111111111010101011101
0110111111111100111111111111011011101111
1110010111111111111111111101110010000111
1111111111011111111111111110001111100101
1111111011111110101000110011010101110100
0111001111100111101111100110111111111110
1100101111111011111111111011111100110011
1111110101111111111101101001111011110111
1111111101110110111011011111111110011101
0111001000011101111110110111111011110110
1111011011011111111111101101110111101101
1111001111111111111111011111111101101111
0111010111111000101111101111111101111011
1101011011100101110011110111111111111100
1011111111011101111011001011111111111111
1111101111011110101111110111111111110100
1111111111111011100111011011111111011110
1110111111111111111011110011111100000111
1111011111110100110001100111110111001101
1111101110111111111101110011111111111111
1111111011111110110011101100011101011111
1111101110111111111111111111111111110111
1101111111111111110111011111101111111101
1011111011101011110111110111110111110100
1011111011111111010011011110011011110001
1011111111111010111101110111010001011111
1011101111110111101111111101111111111110
1101111111111011101111111111111111111110
1111110110111111110111011111111011111111
1011111011011111011101110110110011111101
1101111111111111101110101111110110101111
0101100101111110001101101101111011111011
110 303 50 27 8 5 0 9 