50
45
111011000111110000000110100100001001001010100
001010000100110000010001011001000101001110011
101111011001010100100001001100100100010101000
101001100100000101111010111101000100000000101
000110000110110010000000000000000001011101001
010001000100011100000010100110011011000011111
100000100011010000010110001110000111100001001
000000010110000000101000111010000001101000010
100010000100110011001011100100110111000000000
110011011011100100100001010001001110001000110
000011100011001100011000000111101010101101101
000100010010000111001000111100101001001001000
101100001101100101001100001110000111100000000
000100101001011101100011110001010110000010110
010110011000011000001110000110100000001101010
100110000100011100101000001011101000001101000
011101010111100111010011110011000000100001011
101110010000110101100101010000001001100000110
000010000011100100110000111101011010001011100
101100000001000011101001111110001000101011110
010001100111010111010010000001011010110000000
000101000001001110001010111100010111010111000
010000010000100000011001001101101001011010111
110010101000101100100000010001111110110010100
101101100101110010000100101101010000100000000
010000000011101000100010110101010000000011111
000001001110111110110011100101011000001001000
001100101010011000010110001100010100010011010
011000000011110000010000111011101010111000110
011110011000011010000000100011000100000010000
110100110000110001000110000010100100101011110
100000010010110110010000000000001101001101000
001010000111101001000100001101001010011010000
000100101111001000001010111001111111000001010
010000101110001000111100001000011010001000100
010100000000111010101110010000000101101001000
011110001001110000000000010100110101010111000
110111100110100011110110110100001010000100010
001010111100001001110001000111110100001000010
011111100001000100101011000110110000000011100
000110001000010100000111110101001011000011100
100011010000001110010111111001100000000001100
000010011100111011110100100011011101000000010
011000001110101110110110100010000100000110100
101111111110011001010000011100001110010000001
000001001010111011001110100011010010010001000
111100000111010010000001001110110000011001101
000101000001001100001010000011110010000000011
011010100100110110100110011010001100011010000
111101010010000110001110010010010000110010101
62 184 27 13 7 1 0 5 