50
50
00000100001110000001000101100000100000000000000100
00000010000100000000001010000000100000010000000000
01000001000101100010000001010000000000001000011000
10001000001001000000001100000000000110010000000000
00001000000101101000000000000001000010010000010000
10110000000111000001100101010001000100000000100110
00000101000000100000000000000011000001010001010000
00000000101000000110000001000000001000000100000000
10000100101010001010000010000000000000000000000000
00000000011000101000010011001000110100100100001010
00000000000000010000000000010011000101001100100100
00000000000011000010001000000001000000000010001000
00010000100101000110100011000001010000001101000100
00000010001001011000000110000000000000100011100000
00001000101000000101000000000010011011000000010100
00001110010000100000010000100010000010000011101000
01010000011000000001000000000000000100000000100000
00010000000000010101010000100000000000000000100000
00000000000010000001000010011000000001001000000000
00010000100000000010000001010000000000000010011000
00000000000000000000100010110000010001000100000010
00010000010000000010001001100000000000000010000011
01000000000000000000100100001010000101000000010000
00000000101000001100000000000000000111010001010110
00000010000000110010011000100101001010001010000100
00010000100010000100100001100010000000010010011000
00001100000000000001001000000010100001011001000000
10000100000100000101000010000001100000100000001100
00101010000000000011001000000000000100001000000100
01100000001001000001000000100000010000100000100000
00000110010010100000100000101110010000001000000000
00110000010001000100011000110000000110000100000000
00000001100010000000101010000000010000000000001101
00000000001100000000000000000000100000000000000010
00000100001000000000000000000100000010000010000000
00000000011001100001101001110001100000001000000000
11000010000001000001100110000100100000000000001011
10001100000001000000100000100000000000100110000100
00101000000010100000100000100000011000001110001000
10010000000000000000100011001000000010100000001001
10000000000000101101000000001000110000000000000000
10000000100000000100000000000100100001000000010100
00000000000000100000000000010010010001001001101000
00100000001000000000010000100000111000000000010000
10001000001100010100010001110000000000100000001000
10001000010000000100001010010000001011000000000001
01000000000000100110000010000001011010000001001001
00000001010101100000000000001000100000000000110110
10000000000000000000000110000000011100110010100101
01000001000010100000101001000000110000000000000000
15 54 9 0 0 0 0 0 