55
50
11101111111111101111011111111101011011110111111111
11111100111111110111110011111011110111111111010111
11101111111111101111110110001100111110111111111110
01110111100110110111111101111100111111111111111111
11110110011101111111101111111111011011111110101110
11111101110110101111111111011111010111111111011111
11111111111101111011101111111111011111111111001111
01111010111001111111011111111100001011111110111111
10110101011110110011011111111110011101011101101110
11111010101111111101110111110111010111110011101111
11111101110101111111011111111101110101011111110101
11111011011111111101110111111111111111100111111111
01110111101111111011100111111111101010101011000011
11111001111100011111110011111011110000011111100111
01111111011111110111111111010110101011110111011110
11111111110111111111011101111010111111111111101101
10111011111011111111101111011110110111110010101101
10110111111110101001111111111100001110110111111011
10111111011011110111111111000111110001101011111011
01111011101110111011111011111111101001011110101111
01110010011111111011110001011001111111010110010111
10111101101111101111111100111110110001111111011111
00101111110011111110011111111011011110101111111111
10110010101111010101111111111111110111011011111011
11110110111111110111111110111111101011101110111111
10101011111100111111111101111111111111111000101110
10111101111111111110111111111110111001101110111011
11111110111110011111111111100111111011010011111111
11111010111001111111101111101001111111110101111111
11010110111110111111111111111110011110011111111111
11111101111111100110111101010011111111111101011101
11111111101111111111011110110111111101111101011111
11111111101101011111111111111111111111101111001010
11111111101110111110101011101111110111111110111111
11111011111111111111111111111111001001111100111111
11101111111110111010100111010110111111111111000111
01111110101111000111101110110101111101111111111111
11010111001111110011100111110110010010011111000110
10111111111011101001101111111111101111011111001111
10110111111011101111111111110111111011111100110100
11111110111110100111111100110011111101011011011111
01111111111111111111111110101110111011111110101101
01111110101001111110110111111111100110101111101011
11110111111111110111111111111110011111111111110010
10111011101111111111111110110111111111111100011111
01111111111111111011011011111101111011100111111111
11011110110110100011101011111111101111111111111101
11111111110111110111011111101111001111111111111011
11111111111011011111111010100110110111111111111111
00111011101111111110110011110111100111110111111111
11110011101101011111011111011111101111111111101011
11111011111101101111011001100111111110100010111111
11110011111011111111111111110111111011111101111110
10111111101111111111011011110011010111111111111111
01101111111111001100011111111111111111111101101001
53 177 37 13 6 3 0 5 