50
45
110010000001000010100101110001100101011100101
110100010001011011101011001111100100000001100
101001001010100101010000010100111101000100000
101111001010100100010100000010111000101100001
000101101100101101000101100011010010100001101
010000001000001000001011111010010100011000101
010100010000000100010100010001111000000110000
110000010001000011000001000100000011110100101
101000010100010010010010101100011000100010001
000101000001100111100001001000101101010100000
000010111100101111000010100000001011011111011
110001011110010000100000010101101011000100000
110100101111011000000010001010111110101011001
111010101000101010001110100000110010100000011
111001100001000100011010010010110100100111110
010001000000000110011010010010111011000000000
100100111011111100001001111001000011010000011
111110011100000000001000010010110000000101001
100000100100011011010010001000000100001100011
000001111000101011010100001000010010001111010
011101000111001000001101000001110110001000110
100010000101100100101010001001001000010110001
110011001000011010000011000011011001100010011
000000001100100000011100010101010001100101010
010110000011110001110111000000010010110101001
100001000110110101100000000011111101010010001
011100001100100010100110000000000100111101001
000001011101010000000001001000000001010110100
100000010010100000011000011011010110010000100
001011000011001101010101010000101000110000100
010011000001100000010101101010011011000101000
000110010100010010111101100000100010000001110
111000001110000000101101011001000101000100010
011001001010110011011000100010000011001000100
011100010111100010000110000010011010101110010
110011111000000100010000011000110010011000100
001101011000010100111010000010100001010100111
100001011010011100000101000001010101010000111
110001101001100011110011111010101010100100000
001111010010100110010010000001001110111111101
010010101100010000000010100001011000100001010
001110010110011110010010100011010100110010010
000100000110100001010001110000111111010110001
101000101010000111101100011111100010000101011
010010101000010000000011011011101000101100110
100110101000101111011001000000011111100011000
111010011010100000101100000010111001001000000
101001101000000100000000100110000100000011000
000011110110010101110101011001100001101011000
011000000100011110000001101100000110010011000
31 83 8 7 1 3 0 0 