55
50
11110101111111111110110101101101111111110001110011
11111111111111010111111101110011111111111111111111
11110111111111110110001111111111101111011111011101
11101111111110101110111101111011111111111100010111
11111101111011111010011011111111011110011111011001
11111101010110101111111001001111011111111010111111
11001111111011111101111111011111111111111110111111
11111100111101101111101111111101111111111101011100
11111111111111111111111011011101101101111101100111
10111111111111111110111011111111110101111111011100
11110111011010111111101111101111110011110111011101
11011111111111011110011111100111110101011100111011
11111010111110111011110101000111101101111100101101
00101101111010101001111011111111110010111111111111
11111110101001111111011110110111011101110111010111
11111111111001111111111111100011111101101110111011
11101111011010111111111101011111111111110101011001
10110111011101000111101110111111111101011011111001
01111111111110111011111111111111101110111111111111
11011011101111101001011011111110100111111111010111
01111111110111111100101111011101110111111010111111
11111111011101110111111100110111111110111110111111
10111111111011111101111111111111101010110111111111
11111111111111111011111110111111110011110100111111
11111101111001110000111111111011101011000111011011
11111011111111111111100111011111111111111111111111
11101111010011110101111111111111110110011111111110
11110011111101101111101111111111111111001110111111
11011111111111111111111101111011100111111111011101
11111111111111101111101111111111111011111011100111
01110101111011110011111011111111110111010001101111
11111011111010111100111101111100111011010111101111
11111101011111001110011111010111111111111011111100
11111101111110011111111111110111111101111111100011
11011111111101111111110111111111110111111111111111
10111111111111111110101111111111100110111011011111
11111111111111111010111111111111011011111111111001
01011111100111011101111100111101010111001111011011
11010111110111111110011011011110100110011111110010
11011111111110111111110111101111111110111111111011
11000111111100011111111101111111111101010111001011
11110100111111011111110110111111100101111111111010
11100111111101111111111111111111111011110111111011
11111011101111111011010111111111101111111101111111
11111100011001110111111111110011110110111110111100
11111111111001111111111111111111110101011101101111
11111010111010111011111111011110101110011011111111
11110111111111111001111111011110111111111110111100
11111111111011111101111111111111111111101110111111
11111110110111011011111011110110011111110110111111
10111111111111011111101111110111111111110111011011
11111111111001110101101111110011111111111110111111
11101011011111101111010111111110011010100011111111
01100111110101011111101110011011011111110111101100
11010101011011110111111111111111111111110111110111
57 191 25 15 8 5 0 3 