32
50
11010111101110111011111110111111111001101111111110
10110110110111111111111111111111111111111111111011
10110111111111100101011001111011111110101111111011
11111101101111111111111111100011111111110111111111
11111000110111101111111011111011100001110011110111
11111111111111111111011111111101110110101101111111
11111101010011111101111010110011010111111011001010
01011101111111011110101111111111101110111111001110
10101011100111111111100111001111110111011111111001
11111111111001001111110011010111111111111111110111
11110111010011101110111111111101011110101111111111
11111111111100110100110101111001111011011111111011
01011111011101111111001111111111111111011111111111
01111011111111111110111111111100111111111101011101
11111001111111111100111111111111110010111111011100
10111110111110111110111111110011010110110101111111
11011011111111111111001111101110001111111001111111
11111111111111101111111111111110111100111011111011
11111010111011111111111011101111010101111101101111
11111100111110101101110111011110111101111111101011
11110110011111011111111111110111111111101110101000
11101110001111111101111011111111011110111011111100
11011111111111111111101111001011111101011111011111
01111111111110101011011110101101100111110111011111
10111111110110111101001111111100111111111011111110
11110110101010111111111111010000010111111011110111
11111101011111111100111110111101111011111111101101
11111110111111111011110111111110110111101111101101
01011101111111111111101111111111110001111111110111
11111110001111111111011101111111011100111101110101
10111110111110111111111000111111111101110111111110
11111101111111111111011101011111111111111101111111
100 259 27 21 7 6 0 6 