20
40
0000100000100000010001100000000000010000
0001000010010000100100010010000010001000
0110000000100000000010100010000100010001
1000000110001100000100010001000001000001
0100000000000000000000000000000100111000
1001001101110000001010011000000110011000
0000010000010000000100000000000010010111
0000000000000010001000000000100000011001
0001001011000100000100000000001100010100
0010101000001100010000010000010010000000
0000000000100000001000000001001000000000
0001000001000000010000100000101100001010
1001100001111111000001100110000001000000
0110010010100000000001000101000000000000
0000010000010000010000000010010000010000
0100000000000101000100011000011001000001
0001100010000000000000000000000000000000
0010101000000000010010100001010000000000
0001000010000010010000000000001000100000
0001011000000110100000000000000001000000
5 46 2 2 0 1 0 0 