50
45
010000001100011010000000000000000010000000000
100000000011001101000000000000000000000000001
001000100100000010000000001000000000010000011
111010100000010100100111100100001000110110000
010000100010001000001000100000100100000000001
100000000011000010100010000000010001001000000
001100000000001000000001010010101111000100000
000000101100001010000001001000000010000100100
000011000100110000001000001000010000000000001
000001000001101001100000000000100000001100000
000001000000110000000010000000100000100000010
000100010000001010000000110111010000010110101
000011001010000010100001011000011001001001000
100000011000000000100100100000000000000001000
000010010010000101110000000000000100000101010
000000000001000100010000100100000010100000010
000100001010000010010010100000010000000010000
000000011010011000001000000100100010001000100
000110010001000000100011001000001100000000010
010001001110000010010000000100000000110000101
100010100000000000010000000000010000100001010
000000010001101101000011000100000000000000010
000000011100000000101001000000010100000010010
000001000001000010000010000001100000011110000
100000011000100000000000000100000000100000100
000010001110000001001011010001000000000101000
011000001000000010000000110001010001000000011
000101000001000001000010100000000000100000000
110000000010000101000001100000110000001000000
000000101000011011000000001010100001100000000
010000001001000010000000100000000000000000000
001100000011000011001010101000010000000000010
001000000000010010010000000000100110001011010
000000000100000000000000000100000001110010001
000010000000000000011000000011100000110000000
000000110010100010000000100001001100000000000
010000100010100000010010000001001001000010000
000111000010000000101000000000000100000001000
000001000000001001001000100000100000000000000
000110000101010001000010100010110000000010011
010000000000100001010001000000100011000100000
010000010001100000000000100100000000001010010
100000111000101000001000001011010001000001000
000010000000000000100000001000011100100000000
010001000100001010000100000011101000010000010
000000000011100000000100111010000101010000100
000000010000001000110000000100000001011000010
000100000000010100001000010010001000001010000
000000100001000000010000000000010010000000000
001001000000101011110000100110000000010100100
59 134 19 14 0 0 0 0 