50
38
11111011011110010000111011000101111101
01111000011110101001101011111101101000
01000111111011010001100101100101111111
00110010110101100111011101101100111100
10101111111011100101011011001101101100
01011011011111111010001110111011011101
11100000101101000011101110111100010011
10100001000111111110001010111111011011
10001101111111100111111111110111011101
10110101000010100011000101101110111001
10100110010110011111111001110100000100
10101001101001010011111110011000010100
11101111001110110111011011101000000110
00111101010000111000100010000011011101
11111101000000001101111111001011110111
11010010110111011001100110111011001111
11000111011010011111011001110001000111
11110100110101101001111101110110010111
00011011101111111110111110111001000011
00001111100110110111011001100101111001
11101111010111111010011101111100011001
01001101101010000000101011001001111010
11111111111110001010100010010111101011
01111101011001011110100101100110010111
10101111111000111010010010011011101100
11101010110100101110111000110111010101
00010111101110000111100111101111111111
11110011111100011011011011001100111111
11110010000111011111101000111101111101
11000000000011111110100101001110101011
10010111011001011011010111011011011100
00111100010100010111101101111010111010
11110101100111001110010001110010011010
10000110000011011000001011111100101010
01101111000000010100111111001110111000
01101101000110110110010010111111011101
11011000110011100011011001011110010011
11001100100010110110101111111100100001
11101001010101101101111111110111111101
01101011011001110100101100101100100010
11110001010110101110110000111011010101
01101011101110111101110111111111001110
01101101101111001000100111100010110111
11010001110000010110001000011110101011
11111111011101011101101000010011101001
01001010100111110010001111101110001010
10111110111110001110111100110111110110
00101101111011100110000011001100011110
10001111101111000110011101010001101011
00001101101101011110111101101110010111
96 296 47 22 4 1 0 9 