50
45
010111110110111111111111010111111111111011000
001111111111110100111011111111111111101111001
111111101011110011010111111110100011001101101
111011110110111111111011111111111110111011011
111011111110101110010111001101101100111111111
111110111111101110101111100111111100101111100
111111111111011100001111101011011110111110111
100111111110111101111111111110011110111111011
111111110101110111011101101101111111111011111
111011100111111101110111111101111111111111110
011011111101111111011111101110111101111111111
111111101011110110111110101001100011011111011
110011010111011010111111111111101011101111101
011111111111011111101011101111111110011111111
110111000001011101011111011010100111100110111
111111111111011111111111011011111111101101010
110111111111111111001101111101011010111111111
111111001101111111101101111011111000111101111
011111101111111001010111111111111111111111111
011011111111111010111111111000011001101011011
011111011011111101111110110111111110111111111
111110010111111110111011111100111101001111111
110111111101101011011110111101101111011111111
011111111111110101111111111111110111001111110
111110111101111101111101111001101110111111100
100111101101001110111111111111011011111111011
111011111111101111110101011111011111101110111
001110111111111111111111111111111111110101011
111011100110111111111111111010011111011111101
111111111111111111111010111111101101101010111
111111111111011111111111101101111011111110111
111110111011011100110111111100111111111110110
011111011011111111010011010101111111111111101
101110101110010101111011111101001111111111111
010111011101111011101011111101011111001111111
111111111100111111010011111011011111111011111
111111111111111110111111101110111110111101101
111111011111111111101111110110111111111011111
101111110111111011111111110110111111111110111
110111111111011100110111100011110110111111101
111111111011111111110101011011111001011111111
111110011111110110111011111111111100110111111
101111111111100100101001101001111110111111110
111111111111111010111110010111101011111110111
011011111111111100011110111011111111111111101
110111110001101111011101111101110111111111110
111101101110111111101110111111111111111111110
111100011111110111111111111110111110111111110
111111111011110111110111111011011110111111110
111111111111001111111111111111111011110111101
120 344 51 28 10 7 0 13 