60
50
00000000000010000000000010000010101000000000000000
10000000000010001100000000000100010001010000000110
01000000110000000000000000000001100000000000001001
10000000000110000000000001000100000110010100001000
00001010001010100001001010001001000001000111001000
00011000000000010100000010100101000111000001000000
00000100100000010001010111000100011000101000010000
00000000100110000010000000000010100000100000000000
00100000000000000000011000010000000000010100100000
00000000000000001101010000001011000110101000000000
00000000000000000000010100100001001001100000010000
10110000000000000000100010111000000000010000001000
10000000000100001010010111000011000000000100010100
00010000000000000010000000000000000100110100100010
00010100100000010001000000000001001000001000000101
00000000010110100000000000000000001100001000001000
01000000000000000100000000011100000000100001000000
00100100000000110011010100000000000000000010100010
00000011000000011000101111100000000000000011001000
00000000100000001100100001100010100000010000000000
11000001010000010000000000100001011010001100000000
00000000010000000000000000000000000100000000000010
01000010110010010000101100000110100100010000011000
01001000010101100000000010010001000000010001100010
10011000000000000000001000001010001000000000001010
00100000000101000010000100100001000010001010000000
00100000001000100000100000000000000000001100011000
10011000100100000001000100010000000000000111000001
00001010000010010010000000010100001001010001000100
00010000010000001100000001000000000000010000000011
10000000100000101000010011010000001000000000000010
11000000000000010001000010000101000001011000100100
00011000000000001000110000110010010001110010000110
00101000001000100001001000000100000110000000111001
00010000000011011000001000000000000000000001000001
10010100000001000000000001001000000100000000001000
10011010000000000100000010000101000000000010010100
01000101010011000000000111010000010000000110001010
01010000100000010000000001100010001010001000100000
01000000000001001000100000001010010101000000010000
00001100000010000000000100000011000101100000000100
00101010000000100000000000000100001010010100010000
10100000001001110100000100000000000001000000000000
00100000000100001010010000000110110000000000010000
10010000001001100000000100000000101001000010000000
10000000000101000100100001111010111000000100100000
00000011100001000110000010000000000100000000000000
00010000101010000001100000001001010100110000000000
00000000000001001000001000101010100000000000010000
00110100100000010000000001000000000000010000110010
00000000000010000010000000010001001000101110110000
11000001100000000000010000010000100011100100000000
00000000101000010100000000010000010000110001001000
00000100010000100000010011010010000100000000001011
10000000101001001010000000100000100010100001001000
00101011000100001000010011100110011000101000000110
01000110000001000100000010000100010000000000100100
00000000000100100000000000100000000000010010000000
00010000000010000000000100000000000000000000010001
10000000100000000000000000000000000000001010000100
27 91 17 8 3 0 0 0 