50
50
00010110010001110000100110001110000000001111001001
00000010000011010011001110001100100100000110100010
00000010011110000010001101101010000101110000111100
00101101100001001011100000001111101000101100110001
00000000101000000000000010001000100001001110111100
10011001001100100101110100011010000010001001000101
00000010010010000011001010000001110101001011101000
10001011001001110010000100001001000110001010000000
01110000011110100110111100101000110000001100100011
01001010000001101100011000010010100010000111101110
11010011110111010000001100000111000011001111001011
00100101000101100001001001011001110010000100100100
10111111001100000011000001000010010001110011101101
10100111011111100110000001010111111110111010010000
10001101010101010011100010000001010100000000111000
00110001000111000101001110110111000101101001001000
00100100101000011111001100001000000000100000100000
10110010010011110001000000001001100000111101100001
00000100000001011010001001111010001100011111001101
01000010011010010000000001011100011111001000000011
00000001100111100110000011100010000010001110011010
00010111100110101011000001000000010110000000101010
01000011001010111011000011010001000000000110001001
01001010000010001101001001100000010100011110000000
11101001100010101111000010000101001101100011100000
00010000001000001011001111000100101000000010010001
00101111001000101001110010010000000001010100011111
00010001001011111001100100011010100101011010000000
01001100010010101101000011000001001000100100010100
00100000111010101100010100101100110001100000100000
00110100000000010100000001000100111001110011010001
01001100011000010011001001011000110011010101100011
00010100010100000100110011001001011110001100000101
00010000000000001100010001100100101100000110101101
00000011001111000010110000011010001000001011010000
00000101011100011000010000100000100011000111000000
11100000000101001001011010000001111110000000111011
01110000001100100110001110100110111001000011110000
01100000100011110101011110110011001011111111000100
01100100001101100001111001010000010110101110101011
10010100100010001000000101100000011010001000111101
00101001100100101000101101111110011000001111010000
00000000000111111010101100101101111011100111010000
10100010000110010100010001100110100110000100100110
10000011110101011000000100101001010100101110000001
10110010111000010111100010100000001111100000101101
11001100000100101100110111110101010110010101010110
10000000110001001011100101111101001101001000001011
00101111000000010111010010010101011000011010101100
10100111011001100110010000110010111101000001001000
74 257 36 23 9 3 0 6 