20
40
0100000000011000100100011101100010010000
1000111001001000011001010111110000111001
0010001100000010001010100111000010000100
0101011000100101110101110011100110100000
0110001010000110110101101011010001100001
0000110100111010001000011100111101011100
0101110110100001110011100100100100100101
0011010010111110100100000101001010000000
1011000110000010100000011000001010110000
0101100110000101001011000100100010111000
0001011100100001100101110000010010110001
1001000000001000001001000001111010110111
1110010000000101000010010011010011010101
0110000010111011011011001000111011000000
0010000001100011010010001101000000100100
0101100001000001000101000000000000100110
0000001010000101100110100010101101110001
1101001000001010000101010011100010010110
0000001000101001000011000010101010110000
0111100001100101000001101000010101000000
28 71 24 5 3 0 0 0 