32
50
01111101001010100110001101010100110000010011110001
10100010111100100100100000100010001110100101000000
01010000111010110011010011010001011110001010001010
10000001100101101100111111001000010001000000000111
00010100011100000011000010001110011110100110001011
01100100101001010001010010110100110100000000000100
00011100001000111100111110011000000101010010110101
01001010011011010001011100001001111000111110000101
10001011011010101110111010010011001000101110111010
01000100110010000100110101101110010101010011110011
00100010101101011001000100000010110001000101000110
10110001100001001011001110110011010001000000001110
00010111000000001101011000000011010001000001011010
10000000010100000000101001011111101110100010101000
01110101100101000010001100100101001001110110001111
01100000011100010001001100000101001010101110011011
00010110111011101110011101101101000100100110110000
01000110011001011000001010111000000001010000000100
01010000010011000001110011010000010001001101001011
01110010100001100111110100101000010011110011111010
00100100011001010100001010001000010101110001101000
11011000000001001001111010000101000010110100100001
10000100101000001001110111010010101000000010011010
00101000010110101001000010101001110100100011001000
01010100010000000000000010001010010000110001001000
11110000010111111001000111100011110010001000110000
00100000000101010100110000101101010000010101000011
11011000010111010111000100111110000101101100000001
00000101100000011011100000100011100000010011001110
10111000010010010000000100101011001101111001000001
00101111110100011011100000111000010101110111000100
10100101110101000000001100011110100011100101011000
18 56 8 5 4 1 0 0 