60
50
11010111011010111111110111111111000001101110001111
10100010000110001001010001010001010111100011000111
01000100101111011100111111110110100000011111011001
01100101001000100110010111111001010011011011110101
01011100110010101111011001101001000110101011111010
01101011011111110101001011100011011110100111110000
11101001000101001000100100010111001111001101011011
10110111111110010111100010011111011010110000001000
11010111011110010111011101111110110111101011111011
00011010100111101110100100111111010101111100110111
10001110011111011011111001011001011011010011011011
11111001100101110110010111101010110111111110100111
10011110110110010110000110111111011001000011001100
11101111111001100011110110111101111110110001111110
11111101110001010100111111010101001110010000101001
00101101101110101011110110001100101001111111000111
01011101111101100111011100001111011010101000110011
11001010011010110101001010110111011111111011010000
10011001101111011011101101101011101010101001000011
00100110001110011011111110011110011000011110000111
11010110010110111101010011100011011101000101101011
01101001111011000000011110101011101111101001011101
01010001110110010111101011101001101000111010111101
11101001101000101111010111111011001011000111011011
11011001110010100010010110100111001101101010000100
10101101010010100010111010100111011101111101010011
11111011111101011111101111111001111101010001110001
11001011101110000101001100111111111111101000001101
11101001000111111001001111101010001101111110111101
00101011111101111111110110111111100100111001001111
11100010111101110011000111110100010000100111010101
11111001110000010111011010111111001110111111000001
10011001111011111110011111110110111111100100111101
11010011000101000000110111111111110101011110001100
11011011111011111101011111110011011101001101111111
11101100110110111101100011110001110011111111010011
01111010001011111100101010010100101011101010011001
10110001000000100001110101001110111011111110110010
10111101001010110010011110101101011000111111010000
00010111011110111110011110011000001001111111011010
11011101111010111011111110111110101110100110100011
01011111001011100111101111101101011001111111011101
10001111011011110011101011111110011111000011100011
11110101001001000000111111110011000001110000001011
00101010000100101110101111001111001010111011110111
01101100010111101101100110101101101110101010111111
10001010011000101101000000010010011110000110101111
11101110101101010100011101110001011000110111110001
11101101100110001111111110110101100000111001001011
11000100110100110111001010001010111011100111111011
00110011111010100101110010101110111111110000101011
11010011111111101011011101100111001011011100111011
01110001001111110100110111010011100001111001101110
00111110111001001111111111101110011111111000011101
10011011100111011101011111101010111010001110011010
10101101111100100011001100011011101010010111111111
01100010110111100111110111110111000011111111111011
10011101011001001001100011011000111011000101101110
01011101101111010111101101010101111011001001111011
01001011111100001111100001110110110011101111110110
133 440 77 45 14 6 0 13 