50
38
00000011000000101000010000001000000000
01000100010011000000010000000000001000
10111000010010000000010000000000000011
00010000000010000010001000001000010000
00111000101000101000100000010100000001
00100100000110001000101101000000010000
00101100000000100000000010000001100000
00000011001001000001000000011001010101
00000000001110000001001001010000010101
10000101010000000000011001010000100000
10000000000001001101000010000000000001
01000110000100000000000001000100001001
11000001010001000000000000001000001001
00100000000000000001010100000100011010
00000010101000000001000000000000000100
00000100000100000100000000100100000000
11100000000000010100100100011110000101
00000000000010010000000101010000001000
00000000000000001111000000001110010000
00001000001100000100000110100010000000
00000000000001001000011000000001100000
00001000000000101101000010010000000100
10000000000111001000000000000000001001
01000100001100101000101000110000100011
01000000000100000000000100000001000000
00010000000000000000110011000001000000
01000000000000110100010001000100000000
00110010000100000010000000100000000000
10000000110000000010000111100110000000
10000000101001000000000001000000110000
00001001100000010100001000000100000000
00000011010010100110000001101000000000
10000011011010000000000010110000110000
00000001010000100000000000000100000000
10000000000000100101000100000000000001
00001000000111000100000010000000001000
00000000011010100010110001000001001000
00000000000010000000000000000001001101
00000000000000000000100100000100110011
00000100000000000100000000101010000001
01000000000000000001100100100100000000
10010000000000100000010100000100001000
00100010010010000000000001000000000001
00000011000000000010000001000000000000
00010000000000000000011001001000011100
00000011010000010010011010000100010010
01000000000000000000010000010000100001
01000010000000000100000100000101010101
00000011000100000000000000000001010001
10010100000000010000000000000100000000
17 47 18 6 0 0 0 0 