20
40
1111111111111111111011100101011111110111
1111111101111111111101111111011100100101
1111111111011110111011101101101101111111
1000011110101111100111111111111111111111
1111011101111101001011110111111111100101
1111111111011111111111111111010111111101
1111111011001111111011011111110111101111
1110011111010110111110101001100011111111
1110110101111111110111111011111110111100
1111111111111010101011011110111101011110
1111011111110111011100111011011110111111
1111111011111111111111111111111111111111
1111011011110011111111111111101111111111
1111111111110111111111111111010110110111
1110111110110101111111011111110101111011
1111111111101111101111111111111101100111
1011110011101111011111111111011110111111
1111110111111111111111011110100110111111
1111110111111110011111111001111111111100
1111110101111011101111101111111111010111
46 121 27 6 5 1 0 5 