50
36
111111111010111111111111011101011111
011111111100101111101110111111111000
011111001110111110110110110110111111
010111010000101110111111011111111101
111101111011111101111111110111101111
011111111100111110101101111101111111
111100111111011111011111101111111111
111011111011111111111011111111101110
110001110011011111011111100101101111
111101111010111111010111111111101111
110101110001111011011110111011101110
101111111111111011111111111111111011
001011101001101101111111111111111111
110111110101110101111101111101011111
111001111010111000111111111110111011
101111101111111111111111111111011101
111010001111110101110110101111111100
111101111101101011001110110100111011
101111111101111111111100101111110110
001110111111101101111010111111101110
110101111000111101101111011110101011
111111011101110111011011110111111111
111111100111010111111101101111111111
011111111111110111111111011110111101
101111111101111110111111111111111111
111110111111011111011011011111011111
110111011010000101011111110111101111
001111111111100111111111110111111111
111111111111111111101100011011001011
011111111011110110111111110111111011
111111111111111110010110111110110111
110111010111100101010010111111111110
111001011101111111111110111111010101
111100111111111111110111111110011111
111011111111111111011110111111011111
111101111111110111101101111111110011
011111111011101011011110101001111101
110011111111111001110101111101101010
111111010111011111110011111111111111
111110011001101111111100111000111011
111111101010111000111111111111111110
101111110111110010111111111111110111
110111111111111110010111010110101111
111101011010111111111100111111111111
111101010101111110111111111110111111
111111011111111111011111111010111111
011111111110010111111101010011101111
011110011101011010111111111111011111
111100101010101101011111101110111001
100111111100001111111100100111110011
60 188 32 14 6 8 0 6 