50
45
110001111101000101111100000111111011001000110
011000000110010100111110101100011100110100001
100000110001011000110100011010111010010100111
110011110101101110101110011011001000011001011
010100000100011100000010101010001110011100000
100011110010111111001001101010010011110100110
001110000000111000000111001111111001001111100
111110101110010100001101111101011011111110111
010010001011111111111111101010000001010010011
010110101110100101000001110111011010101000101
111010110000110110111010110110111010011010111
110101110011111000110011101110001011001101011
111111111001011111011101011010010010101110111
111011111011100110110111001111111010101001000
011111010101011001111001111110001011110110001
010110101111111001110101110110011111000111110
010001111100111110111100010001100101011100110
111010111111000101101010110110111100100111010
101100010110100100110010000110111111001111111
111010011011111101011110100111111111001111000
011101111011001101010101000100110001110101101
110010001110100001001011110000111111110011011
001100000111011111111000110000111110111111101
101111111101101110110101110101101111101010010
101101110011111100011100111111000010011101111
011110110001010011010111010101001110011001101
111111001001001101111100111001010001011111111
111011010111101110001111100110111101011101011
000110111001010001001110010101111001111100100
011100110011110001111110011111100110101111000
001111001101110101111001111111111110100111001
011001100101111101110100111001111110100011101
011011111110010101110100101110010111001011100
000001111000010110110111111001101001111111110
110000111000101011001111100111111101011111111
001111111011001110000011101001101110100001011
011111100110011011000001101101111111110011111
110001111111011100111100100110111000111011101
001011110100000011101000111010111111111111110
111001101001011011111101011111111000011011100
111101100000011110111110111001101100011111110
001110101111011110011001100011111111011111101
000111101000111011101011011000010110110101001
101011111001110001111001000011111111000111011
111111111001101010110101011001011111100000011
110111001100111000001001110100101100100100111
111101111001111011000000010110000011111111110
110000101110101011001110101111010011010111010
000001110000011111010100101000101110110010101
111111110101101011011101101011010101101101111
37 108 20 8 1 5 0 3 