50
40
0001000000000100001010010010000001001001
0000101000101000000000000000000000110000
0000101000000100000000000000011001000000
0011000000100100010001010000010101000100
0000110110000010000100100000000000100101
0110001110000000000100001011000000000001
1011000000000011000000001110010001001110
0000000010000000100001110000000011100000
0010010000000010011101010000000000000001
0100001100000101010100001101001100110000
0000000000001000000111100000000000001000
0000000000000000000000000010000000001100
0001000000100000000001100001000101010001
0010100110000000100000001000011010000000
0000000101000000100000000000001001000100
0000100000000000000010000000000000000000
0100000000000010000010000000000101010010
0001000000000000010000000010010001010000
0100100000111010101010111000001001001000
0000000000000110000000000000010100001011
0001000000000000110011011001000001001001
0010001100010000000000001011000001000010
0000000011011000100100000000000000010000
0000000000000010010000001000110010001000
1000000000000101000010110001000010000011
1010101000100010010000000000000000000000
0100000000000001000101100000000000001000
0000000000001000011000010000100000000011
0000000000101000000010101000100001000000
0000010000000000000000000000001001000000
0000001000100000000000000000000000010010
0000000000000100000011110010001000000101
0000000110000000000110010000000001000101
0010000000000001010001000001000010001000
0111000000101000000000000000000000000100
0000000001010100000000000000001100010000
0100000001000010100001001010011000100001
0001000000000100000001000100000100001100
1001100000010000000101001000000000000001
0000011100010001000100011000000000110000
1100000100000000000010011000001010000000
0000000000010000010000000110100010001001
1000100001101100100001000010000000000000
0000000000000011010101100000100010000000
0000001000000010000010000000000000110000
0010000011001100100000000010000011000001
0001110001000000000000001001000000110000
1100000000001001100001000000000000000100
0010100001100001000000110000000000010000
0000100000010000100110000000101010100000
6 35 9 4 0 0 0 0 