50
50
10010000110000001000000000100101110000000000010100
10000100000100010000001000000000001000000001110100
00000011100100100001101100100000001101110010000001
00000100001000100101000000000000100001000000110010
00000010000000010110000000000000010000000100010000
10100101101001000011010000001100000000101000100010
10010000000000000010000110000010000000100000101001
00100000001010001100010011100000000000000001011000
01000010001000000010011000101000010000010000010101
00001001000011001000000001001000000010000000000010
00001010010001100000100101000000001000011000000000
00001010001001011010000000100000001000010000001000
00010000000100011000000000100110101000001110000000
00010100001000101000000000001000000000000000000000
01001110000101110100000110100000000000000001100000
00000000000100000000100110101000000001100000011000
00000010000100011010000000000000100011000000000000
01010000001001000101000010000000100101001000000000
00100000000000010010100000100000100001010111101000
00001100000100000000011000000000000010000101010010
00000000010001000000001000010000000000100000000000
11000100101000100001000011010010000100100000001010
00000000000101010000000000000100000000000000110000
00000100010000000000000000000100010100000100010100
10110000001000000001000000001010000000001000011000
00100000000100010000100001100110100110000000000000
01000000010000000001000011001000000010000010000000
00000000010000000000001001000110000100011000000000
00010000010100000010000010000010000000010000000101
00000100010011000000100000001001100000010000000100
00010000000010000100000100100100001001000101000001
00110000100000010010010010000000000000101000000000
01000000000010000000000000000000100000000010000000
10000011001000000011110010010001000000100100000000
01000001100101000001000000000001000100001000110001
00000010000101100101000000000000010010000110000010
00100010000000000000010000010000100000000000000100
00000001000010001000000000000100001000101000100010
00001000000000010010000000000000000001000000001001
01001011000000100000000010000000000000000000000010
00000001000000111000000000001101011000001000000100
00100000000101101100101001000000000001000000000000
00001100101001000111001100100000010000000000000001
00000001000000000100000010000101000010000000000000
10101100010011001000000000000101000001000000000100
00000000000010001000010000100001010000000010000000
00010000000000000000110001000001100000000000001010
11011100000000000000000001001000100000000000100000
00000100110000100000001010000000110001000000000000
00000100000000000010100101001000000011100000001000
49 101 19 10 0 0 0 0 