50
50
01001000100010010000010000001010000000000000010000
00000011100010000000110001010000110000100001010000
01000000010010000000010010001001000110000010000000
00001001100010000000000000110011010100010101000000
00010000001000100000000010000000100001000001010000
00000000000001000000000010000000100000000000001000
01000101000000010000001010000000010010001000000000
00110000100000101000100100001110000000000000011001
00000000000000101011000010000000100101000000000010
10000001000000000001000110000000000000100000010100
01011001000000000000100100000000000000000000011111
01000000000010110000011010000010000001000000000101
00000000100100000000001000000000100001001110110100
00010010100010000010100001101001000010000000000000
00000001000100000010110100000011000100000100010000
00000001000010001010100110101110000101000000001000
00000000001000000100001100000100100000001000000010
00000000000000000000000000101010101100000000000010
00010000111100100010001000000010001001010000000000
01000000010000001010100000000110000010000001000000
00111000100101000001100000000001000000000000000010
00000100000010000010000011000010000001101010010010
10000000000001000000000101001000000010011010000100
00000000000000000000000100011100000000000001010000
00000010001010000100001000000000000000000000000011
00010001000000101000101000000001010000000010000100
00010000101000010010000000001000100010000001000110
00001000000100010000001100001000000010010000000000
00000001000100001000000011000000011000000000011001
00000001000000011000010000000000100000000010000000
00000000010100001100001110000000000100000000000000
00000000000100100001100001000000000001101001001000
00110000000000010010001001000011001000100000001000
01100001000000000000000000000010000000010000000000
01010001000010000110001000110000000000100000000000
10000000001000100100100000100100000000001101101000
00001010010001000000000000000001000000001000000001
00000000000011000001001100000110001001000000010000
00001000000000100000010100000001101000000000101000
00100001000000000100000000000000100000110000001000
10000101000000110001010000100001000000000100000000
00010110001011000000000001000010000000000101000100
00100000000000001000001000100000001101100101001010
10000000101010100000000011000111000010000000000001
01100000111001000000100000011010000000000000001000
00010000100100100001100000111010100010010000010000
10000000010001000100000001100000000000000010110100
00100000000001000010000000000011010110100010000010
00000010001001000000100000110110000100001000010000
00001100000000000010000000000010000001011110111100
60 115 27 15 3 0 0 0 