50
50
10000100000000000010000000110111000010000000001001
00110000000000000001111000001010011100000000001000
00001100000000000000000011000100000000010000000000
00000000001001011000000001000001110000010111010100
01000100110000000000000000010010000100000100000000
00001000000000010100111010000001000000000000010100
00000011000000100100000000000010001101000010000000
00000100000000000000010010000010000001101000001100
00110010000001000000110001010000000000100001001100
01000001111011000000010011000001000010000100000000
00000000000000000000110000001001000110000101111000
00010001000001000010010010000100010010000100000100
01100011100001001010001101100000101010000010000010
10010100000101101000000000000010010000000101100000
01000000000000010000001010000000011100000000100000
00000000000000100000100000100000010000000000000001
11000000000100100110100010000111110000000000000000
00011000100100010000000000001100101000000110000000
10100100001000000000000000100100100000000000000001
01000000001000100001000000010100000000011001100000
10000000000001010100000001100110110011100001100000
00101100100000000000010000101000000011011001010000
00100011000100000100000000000000000000001000000000
00100000000000010001010100100000000000101000000011
00001001000100100000001000000000000001000001000011
00101100000100100000000000000000100011001010000000
00000011100101011000010000001000100000000000010010
00100000000000011000010010010000000000110000000000
00000000000011000000001001010011000010010010100001
00000001000000101000000010100100101001000010000000
00100000000010000100010000000000001100000000000100
00000000100010100011010010010000000001000110011011
01001000000000010100000000000000100010000000000000
00000010001000000000000000001000000111100000000000
10000000000010000000000101000000001000001100100000
00100010000000001100000001100010001000001001110011
00100010000000000000000010001000010010000010001000
01001010000101000101000010101000000000000000000001
00000000010010000000000000000000000110000000000000
10000000000000010001000001000001100000100000000000
00001010101001000000100001001101000000001010001000
10001000010100000000110000110001100000100010000010
10000101000001000010000000000110010000000101000001
10100000000010000100000000000000101000000101100100
10000000000000010000000000000000011000000000000001
10000001010000001001100000001000001000101000000000
00001000000000001111000000100000100100011001000000
00001000011000001000000010000101010000110000000000
10000000001001000000101000000000000000000101000000
01011000010100001000000000000010110000001000000000
26 106 17 11 4 0 0 0 