50
40
1111111010111110010100011101111111111001
0111111111110111111011111010111111011111
1001111011110111101110110101110111101111
0111000111101110111101111111101111011111
1100111111100101101011101111001111111111
1101011110111011111101110110111011111011
1101111101010110100111111011111111111111
0010111001011111111111111111110111111110
1111010111111111111010011111111111011011
1111100111111010111111111101111111111110
1110111111011111111101111011111110110110
1111111111111111111111111111100001110001
1111001101111111111111111111011111111011
1111010111111100011011111111101110111111
1111111111110111011010011111111111111111
1101110110011111111111111011111011110110
0111110111110101101111111001011111111111
1101101111111010110110111111011100011011
1110111011101000111111111111110100101010
0110111111110110111001011111111111111101
1101110111111011111111100111110111110101
1110111111111101111011110111011111001011
0101110101111101011110111111011111111111
1111111101101111101111110111011111101011
1110111111111111111111111101110110001011
1110111111111111110111111001111001110111
1110101111101011011001101110011111101011
0111001010011111110100111111110010111101
1101110111111010111011101111100111110110
0111111111010111011111101111100111111111
0101111111011111111001111111110011011111
1001111101111001110111111111111011110101
1111110111011111110111110101101111111111
0111111111111011111111111111111111111001
0110011110000111111111111111100100111000
1111111101111101111111111101101010111011
0101101101110111111111001111011011111001
0011011011110011111110111111011111111111
0111111011111100101101111010111111110111
1111011101101111101111111100111111110110
1110111111111101111110110111011111001111
1111111111111111001001111011111111011011
1111110111011111110111111111111100111111
1111111111111111011011111111101011111101
1111101110011111111001111111011101111111
1010101111111111111111111101110101111111
0011101111101111101000000111111101011110
1111101111000110111011001110111110111110
0111000111111111111011100111111001111111
1101011110001111110101101011111001110111
34 126 16 12 4 3 0 7 