34
50
00000100000000010001001000000000001001000000111010
10010001000010001001000100011000000000010111101001
10001000010100010000000000000000100000000000000010
00010101000010000000000001000100000001010000100010
10000001001000000001100000010010000010010100000010
00010010000010000001000000000010100101000001000100
00000010001000100101001100010000000010000010001100
00100100000010000000011000000001001000000100010000
00000000000000001000110010000110010000100001101011
00000100000010000010101000001010000100010001000110
00000011000000000000100000010000011000000010000000
00100000100001100001100101000010000000000000000010
00000000011000000111000000110000101000011000001001
00000010000000000000000001000000000011010000000100
00000010000100010000110000100001000000101000000100
01010000100000110100000100000000010000000000000000
00001111000010010000000000000110000000000010000011
00000100000000000000000000000010010000000000010010
00001000000001000000000100101000010000000001000000
01010101000000010100000000010000000000010001011100
00000000000000100100100100000000001010100000001100
00000000000000000010010000000010100001000011000000
10101001000001000010000000101000010001010000100000
00010001000001100100000100010000000001100000100100
10000110000000001000001000000000100101000000010000
00000001010000101000001000001000010000010000000110
00010000010000000000010010000000001100001000000010
00100100000000000000000010000001010000101000000001
00000001100000101100001010101000010000000000000000
10000011110000000000000000010010100000001101100010
00001000100100000000000001011000000010000000100100
01100000110010000000010000000100100000000010000101
00000000000010000100000000101000001100010000001000
00000010000010010100110000100010000110011000010000
10 38 4 1 0 0 0 0 