50
36
000110000000010100000000011001010010
001010000000000000000100000001000000
000000001000010000010000001000000000
000010000010100000000000000000000001
001000000010010000001010001001000100
000011010011101010000000000100100000
010100101011100000010101110000100000
010000010010000000000000100000000000
100000100000000001010000011000000100
000101010000110001000010000100000010
100000000000100001000100001000000000
000001001011001000000001001010000000
000101000001110010011000000010110001
000000000000100000000000000011100000
000010010100000010000000101000000100
001000000000001000010101100000000001
000100001010000010000000000000100000
001000000000000000000000100000010010
100101001000000000100010001000101000
101001000001000000010000001001000001
000100000011010010000000100010010100
100100000000010000000000010110110000
000000000000000100000000000000000010
111011000000001000110000000000000001
000101000000000001110000100000000000
000001010110001000000000000000010000
010000000000001000100000000010000010
010000101110000000000000000000000010
100001101111000110010000000010000010
000000001011000101000001000000000000
000100100000000100001010001000100000
000100001000000011000010000001100000
000101000001000010001000000100000100
000000111000010000000000001001101000
010000000000000000000000010000010010
000000000001010010100000010000010001
000100000100100000000001000000000000
000000000100101000101010000010000000
000011001100000001000011000000010000
010100100000010000100110101100101000
000010000110000000000001000000000000
010100100000010010100110001000000011
010000001000000100001000011100000000
110010011000000101000000100100000000
000000000010010000000010010000000000
000000000000000000000000000000000010
001001001010100100000000010000101100
001000001110010000000000010010000000
000100010001010001000000000001000010
000010000010011011010000111000110010
21 79 14 7 0 0 0 0 