50
38
11111110111111111111011111101111111110
11101111101111111111111011111111111011
11000011011111111101111100111110111101
10001111111111111111111101111010011110
11111111111110110101010111101100011011
11111100111111111101101111111111111110
11011111111111110101111111011111111101
10111000111011111111111110101011010111
11110110111011111000111111111111111111
10111100111111011011101111101011101100
01111111111101111111111111001011010111
11111001101110011111111110111111011011
01101111011100111101111111111001110111
11010111011011011111111110011111111111
10101101111111111001110111011101111111
10010111111111111111111100011101110111
11111111101111111100101111100110111110
11111011111110111111111111111101110111
11110111111111111111111111101111111101
01111111011101101011111111111111111111
11101100111111011111111111111111111101
11111001110111011111110111111111011001
01100001111100111001100111111111111111
11001000111110011011101111111111111011
10111011101101000111111111101111100011
10110111101010111110111010111111010101
11011110111111110110100111111111111110
11111011010101011111111111111101111111
10111111110111111011110101110011111001
11101111001110111111101101111111101111
01111111111111111111111011000111111111
11111111111111110111111111101011111111
11100111011111111111011111011111111111
11010111110011111101010101011010111001
11010111011011111110111011111111101111
01111111111111111110111001110111111010
11011111111111100110110111111101011011
11111111111111011111111110111111111111
01101110111111110111101111111011101111
11111111100110111011111110111110111101
01111101111110101110011010111110111111
00111111110111111011011111111011110111
10111111111101111111111110010110011111
11111101111111011011111001110011111111
11101111111111111111111011011111111111
11011111111110001111111111111111100111
00111111101001011111111011001100101111
11110111111111111011111111110101111111
11011001100101111111100111111111011011
10111010011111111011101011111110111101
120 380 60 30 11 9 0 12 