32
50
00000000111000000000000001000100100100001101010000
00000000001000010001010000000100010010000000000000
00000000100010000000000101000100001101000000000000
00010000010000000110000110000100110100001000000000
00000100000001001000001000011011001100000000100001
00000001001001100000000000000001001000101000100001
00001110001000000101100000000001000000110011000010
01001001000000000000000010010000100000100000010000
01100010001000100000110010000000000011000000100100
10000000000000000000000000010000101000100001000000
00001000000000000010010000000010100010110100000010
00111000010010000100100011110000000100110101000100
00001000100001100010000000101001000000000000000001
00101000000001000000000110000010000000010000000000
00000000000000000000010000000001000000000101100000
10000000010100101000000000111001011000100000010101
00001000000110000000011010000000000000101110000000
10000000001000000000010000101010100100100110000000
01100000100100000001010000000000011100100100000101
00000000000011101110000000010000000000000000001010
00100000000000000100000000110000111001010100000001
00100100010010000000011000000010000100110000001000
00100000000000000100010110001101000100001001100000
11100010000000010000000100010111001000000000000000
00000000010010100010100010000000010000000110010100
01000100000100000000000100001000000110000000000010
00010001000000000111000000011000000111110001000000
10011000000000000000100011001000101000000100000011
10000000000000001000100000000000000000100100100000
00110000100000001101100010001100101110000100000000
00010000000010000000000010010011000000000110001000
00010000000010010000000000010000010101000000010010
10 38 2 2 0 0 0 0 