50
50
10011110110101011111110111111111100111111010101110
11011110001011000101111111111111111111111100111111
11111111011111111111101111110110110011101101111111
11001111110111011110111111011111110111011001111101
01111101101111111100111111111110111101111101110101
11111110111111010100110110011111111111110111111011
10111111110111111111111111011111111101111111101010
10111111101111111111110100001111111101111101110001
11111111111111111111111111100111101111111110011111
10110101111111011111111110011111110111010111101101
01011111110111111111110101111111111111101110101010
01111111101110111101011111111101111111001110101011
10011111111111110111111111111110111110111111110111
11100001111110101111111011110111101101110111101111
00111111111001111110101111111111111111111100111111
11011111111010111111111111111110111101111111111111
11111111111111111011111011101111101111011111111111
10111110010110011000111001010001111100110111111111
10101101011110111011011111010111100011111111111101
10111111111101101010111011101111110110111100110111
11011111001111111110011111110111111101111111111111
10011011111111110010111111011110010011110110110111
11111011111111110111101111000110111111111110101111
11101111101110111100011011011110110111111111111111
11111111011111011001111011110011111111110111111011
00111011111011011111111101011111110111111111111110
11101111100011011100111111111111111101101110000110
01001111111000010100110111011101110101111111111110
11011111111110111011101111111111011111111011001011
00111100111111111111111010111101111110111111101111
11000111111111111111111010110111111111111011010110
11111111101101110110111111111001111011001111011011
10111001100101001111111011110111111011111110011001
01111000001111000111011111111111111111110001011111
01000111101111111111011100111101111101011111100111
11111001101111111110111011011111111011011101111100
11111110111111110111111100111011011100111101111111
11111111011101011000101001111111111111100111010101
11110111111101111110101111111111101110111011111111
11101111100110100111111111111110101011111111110010
11111110101100011011111111111111111111111010100111
10101010001110111111111111101011111111110111000111
01111111000110111101101111111111111101111110111100
11111111111001111111101100111111111100110111011111
01101101111111111111001111111101011111111110111011
00111101111110111101111111101101111111100111101111
11101111111010111111111111111111111001111111111011
10111111111011111111111101111111011110111111111111
11110111111101110111101101011111111111101111100111
01110111110110101111110111110101110111010011110111
39 176 38 11 4 2 0 2 