50
40
1011111011111010111111101011101011110100
1101000111111110111111101111110111110111
0101111111110111011111011111111111111101
0100110001111111110111111011111111111111
1110111111011101101011101111111100111110
1111101011111100111110111111111111001111
1011111111101010011000001110111111111111
1111111111010011111111111111111011011101
1111111111111000110111011011111111011110
1011111101111111010101101101100011111111
1101011111111111110110111111010110100111
1100101111101111111111111011101111000011
1110110111001111011111011111011011111111
1111111111001011111011111110111111111011
1011010011100001101011011111111111111110
1111111101101011110111111111110111001100
0101111110011111111111111111111111110111
1111110011111010111011100110110101101101
1010010011101111111110010011110111111110
1111111111111111110011111111101110111111
1111111011111111111011111110111111110111
0110101011111101111111111111111111011011
1111010110111111101110111011010111111110
1111101111101110010011110111001101110111
0111101110111101111111111111011110111111
1111011111111110111111111101111111111111
0111111101011111110111111011001111111110
0001110111111011011111111111111101111110
1011111111111100011111011111111011011101
1111110111101111111101111111110111011110
1111101101111111111111101111111101111101
1111110111111011111011111111011110111011
1111111011111111111101101111111101101111
1111111111101011101100111011101111010100
1111111111111010101001111111111111111111
1011101110011110011111101110111111110110
1111101110101111111110111011110111110011
1111011111110010010111010111111110101111
0100101111111111101110111111011111011111
0101111111111110001111111111110110101011
1111111100011001110110111111111011111010
1111110111100101111111111101111011111011
1111111111111111111111011111111111110101
1101111110111111101110101111110010011101
1100101111010111011101101110001101101101
0111111001110110111011111110111011011111
1111111011011011111011111101110111111100
1111111111111110101101110100111111101101
1111111111110111111110111110011011101111
1101111111110101011111111111111010101111
112 384 73 29 10 4 0 19 