50
40
0110111001100111011110010111011011101110
0100011000001011100110011001110011010100
0111111111011111111000110011100100100111
1010111000110001001111001111011101001111
1011111111111100111011010101111111100101
0001010011110011100110011111001010111110
0001101110100111100111110001100010111100
1110110111001101110000100011001111111001
0111111111110101001100110111101000110111
1001000101100101011111101000101100010101
0001011111110110111111000111001110111100
1011111111010000010101101010110101111100
0100110101110111011100111011000001100111
1000110010001000111011111011010010111110
1010111001111110111100000111001111101110
0010010010100100011110000011000100011000
1001011011110011001000001011001101011011
1111111010001001111111101000101110111111
1100010101100000011110101100111100011111
1001011011101101000111011010011111111100
1011111111001100100001111011010111101011
1111100001111001101010001101001000010101
1011011011110010011100001010110011111110
1011100100110001011110001010111101101101
0101111101011000111101011001100101111100
1001100011100011011111101011110110011011
1111101101100111110111111110011111001011
1111011110111000011010101001111111101000
1111001110111110111111001011110101101101
0111101010111110010101000110010110111011
1000111100011101110001010111111100010111
1111101101001011010001010010111101110101
1111011001111011111111110110001111111101
0001011111011111000111011100101011000110
0011111000111011110101101110101101111111
0010101101011110001001011011101010111110
1111101011011001001100001101001011111101
1010001111001110010011000101011011100011
1100110111111011001111111111111011111111
1110111110111100110111001110111010010101
0111101100011011111000011110110110001101
1001011111110000000111011111111100101111
0000001110111011110110100100100001011111
0111100101010001110101101100111101100011
1001110011100100101001111111011101001100
1111101111010010101001110000100111111110
0110110010001001110011101110011111101100
1100111111111111011110101001001100001101
1011010111110011010011011010001000110111
1011110011110110110110110011111100111001
74 221 47 13 8 3 0 11 