50
45
011010010101101111110011011010100111111010011
111110001100101110111001110110011011010001010
110001011100010011010100001100011101011100001
111101111011111010011111111001010010111101100
110011111010101011111111110000110001111011110
111111100011111101101001111010011011110010100
100111011111100110001100101010111111110101011
000111001100000100101111010111110111111101001
001111011110111110101110001110000110111110100
100100101100111011100110011011111000110001001
010101110100111010101010001011101010011110111
000011111111011100101011101110101111110111110
010101111101010100001100111111000001001011000
111110111101101111001001110101110001010101111
101111001110111111001101110001110111011111001
101010111100111000111110011110111111111101111
010111011111110111001100110010100011101010100
011110111001111111010111101001011101110000111
000001111010010001000111000111101000100101101
101110101001101100111100101011101010100011101
110110011111111100001011111001100110111000011
101111100110111110110111111111100101111101101
101111110110001110111101111110101110001111110
100101001111001101001101110100111100011001111
010010011101011011110010011011001001100100010
101110000001110010000110110010110110111010011
000101101111001000110100110010110110110011100
010000000110111111100111000001010001110000101
010111001101111000101000101111001010111000110
100110111101111011111001001000111011111111110
010011001000111111101011111111010000101000101
011110111100000110010011111100111001100101010
111011111001101101100110111101010001111110001
111101000111100111111011101100010010111001011
100011001001111110111111010110110100010010011
101000011111000111101000101100110111111011000
101011110111110111001100011111110101010101010
101100101100101111101111110100011101101101100
111110101011110110001001111011101110100110001
100000011111100101000011001011111100110000011
101100110010011010111011110111110001011101011
101110110011011001101011111011101011100111111
001101101111101101111101111100101100110110010
101101011111010111101101111111011101101011011
111101000001111010011111100000111100011100111
100011011111110010110011001011101100101011001
110011111111111101001000101110001000101011011
010000000101010101010110010101011100100110110
110111101011111111010101000100100001101101011
011111100001111111000111101111111010010100010
47 100 19 8 5 2 0 4 