60
50
01001101001110000001000010010111001001000110000000
00101110110101100011101001010000000011100000111100
10100101000111010000000101100110111010000000010110
00101010101111001011010011100101000010011011011000
00000010111110001001011101011100010100100001011010
11101001100000110010000001011011000010000100101000
01000101000010000011110100010010011111110110111111
01110101001110100110010110110000101001001001011010
00100111000001000010110011001010000100000001101110
00000000001000011000010110010101001100100000101000
01010000110000011011001101010110000010101010001001
01110010011000101010100010001011001101010001100011
10111000100101000000011010110001111100100100101101
10011001100111101000011111001010001011100001100010
11000101000000000001110000100001001011111100000100
10100110100111001100000000000101010010001010000110
00110010001001100000001001000100010111001110011001
00010011011100001101010010101010100000100100001110
01101010001001001100010010001100111000110110101100
00110110100001010100000010100111000100010011000010
11001001111111110101000010000100010101010010111000
10010100110100100001110011001001100100000101000000
01000111001010000000010000010000110000100000111011
01011101100001010100001001010010101000001110100101
01000000011110000110100110011001000000100101100010
00101000001101010010110111001101000101100101010000
11111100111000110101010011001010010001101000100000
10101001101010011010111100000101110001010000110101
01110001001001111010100100010010100110000010110110
01110100100000111000001000000000011100001000100010
00010110001010001011000010011001100001010011011110
10010101001110100110100011110100010000001010011011
11010100100101000000000000000001100010001000110000
10000000100001010000110001100000110101000011110011
00000100011111101111000010010111000000101011010011
00100100000100000001110100000101000001010010110110
00000001001011101010010001001111010000101001111101
00010000100100010001000000011001000100000100001011
00000000100000100111000110111001011011000101100000
01100101101011001101011010010000101110100010000101
00100010101000000111011101101101101100000101110010
00001000111001001100110101001000101010011110110001
10101110010101000100110000111000110110001000010011
10110001011110101111001001000010000100001010000101
11100110010010001001011000001100000100110000100010
00100001001011001000000001011000000010110010010100
10010111000111011100010000111100100000000001100100
10100010100000101001110011010011000010101101101010
01011100100001010010110001100111010010111010000110
00001010000001000010000001111000100011000011111110
01101000001011000001011110001010011111000000001001
10111001010001010000000010000100101001010010111000
11110110011111101011101111000100010010011100110011
11010100011111111011100001110001001001000001001101
10111100100100011001000001100000011010010010010000
10000001011011010011110000000100011011011110000011
00101011010010011100110111000110000001001110000011
10011111001001011111010111110000110110011000001110
01011000001000000110011110101101000101001000000100
11000101100010000110001000110110110100000100000010
26 97 16 10 3 3 0 4 