50
45
010111000111101111111011110101101110111111101
111110111101111111101001011111011101101101011
111111101011001011110111111001111111111101111
011101110000011111110111111101111111111111110
011110101110111111111101111110110111111111110
111110101101111111011011111111111101111011101
101011111111111100111111011000110101110111001
111111111111110111111111101111101101011110111
011100110111110101100110111101111111101110111
101001111011111111011111111111111101111110010
111101111011111111111110011111100111110111111
011111011111101111111111111111111011010111111
001110111111011111111111111111111011111101111
101110011111111111111111111111111101011010111
011111111101011111101010101101111111111110111
001011111111110111011111111110010011011011001
110011111101111101111110111011111111101111101
111011011100101110111111110110011101110111111
011101101110000111111101111101111001011111011
111111111111100111101111101001111011111110111
111111111111111011111111111111110111111011111
010111101111111111111001111111111111111111111
000111111101111111110111101110111011111111111
111111111111111011001011111101101111111101111
110111110111100101101101010111111011110011111
101111110110111101111111111111110111110110110
101111110111111111110011101011111111101111101
110111110111011110111011111111101011101111111
111110111101111111101111101110111111111110111
101011111111101101110011111111110111101111110
111110111101101011111111011111101001110101101
010110101110111011110101111111110111001111111
101111101111011101101111101110111011110110111
010001110111110000111111011111111111111111110
111101111011111110110111111110110111111111111
111111111111111111111111011010110101111011111
111110111111001010111101111111110111101111111
101111111011001111111111111111101111111101111
111110111111010111011111111111110111110010110
111111110111111101100110111111111111011111111
111011101111111111111111100011011111111111111
101111111111011111111111110111111111010011111
010111111110110111111110011111000111110111111
111110011111011111101111001111111111111111101
111011110111011111011011111101111111101111111
111011111011111111101111111111111110111111010
011111110111111111111110111101011111111011111
111110110110111011111110011101110101011101011
011111110011111111111111111111001111111111111
111111101100110111010011111111111110011010111
72 247 54 17 8 4 0 7 