32
50
01010010110000010011100100000111100000010110000001
10001011111101000000010000010010011110100100110100
10101010111011001100110010110100110010110010110111
10100000101110000010010011000100010110001100001010
00110011100110001101010011111010111000011111000000
01111101001000110000000011011010000001001111001010
00000000000100011000100000000011000100100100010101
00010011000000001110100001101000010100001000101000
01000001010110000010011011101101100101000000101000
00001000110100000100010000100000100000000101000101
01000100010100100110100010011001000100000100000100
00101001011110111001101100110100110010110001011010
00011001001100001011101000110001111010011000000101
00101001001010101001001010010000010001001110111110
01000001000100111010010100101100100101110001000000
01011010111100000001101001011011001011111000101110
01111000110011100100010010001001001000100001001000
00001100000010110000110010000010000000110000000100
01101000101010000000111001010011010001011101100101
01100010011100001000110011001000100000001110100010
01010111110000010100011101011101000011100010010001
00001000001000111101010000011000101011001110101110
00000110001100000000000100000001010001001001000101
10100100000000111001000000111110101000000101000000
01110101000010010000000100111001100111000110101000
00101011000101001100010111010110101110000001000100
01000010101111110101000111000000001000001010001100
00011010000000111011000001101001000010001100001001
00110101100101000001010001000011101100101000111000
01001111000100111000010101000100110000001111110000
01011101111001100001100011010010010101101010010011
01111010100010100110100110101110101001100010100100
22 61 10 1 1 1 0 0 