50
40
1101011110011111111101110110110100110110
1111101111111011111110111010111111000110
0111111100011001110111111111101010110101
1111111101111111101111110111011101111111
0111110111011101111111110111111001111110
0111111111111101111000111111001111111111
1011010111101010011101111001101110111001
0111011101110111110011001111111101111111
1011111111111011000111110111001111101011
1101111111011111111111111111111111111111
1111011110101111011111111111101011111110
1111111111011111111011111101111110110111
1011110101011101110011111111111111111110
1110111111010111111001101111111111111011
1101111111111111111111110111111011111110
1111110111110101101001011111011111111111
1111110110010011100111101011111111111110
1111111010111101111010011111011110111111
1111111111111111101001111100001111111111
1101011100001111111101111110011011111111
1111110101101111111011111101111111101101
1100011111111111110010111111111111101011
1111011111111111100110111111010010111011
1110111111010110111111111111111111101011
1110110111111111111110111011101111101110
1111111111011101110100110010011111111010
1111010111101110011111110111101111111011
1110100011101101111111101101010111101111
1111111001111101111111001011111010111110
1110111111101111101100111011111111101010
1111010110111111111011111111001001011010
1111110110101110101111101111111110111111
1111101111111011111011111111111011110111
0100101011110110101111111101110111100001
1101111111111101111100101010111111011111
1001110011111110111111000111010101110110
1010111011011111101011101111111110111011
1111111110100111011101111011011111111111
1110110101001111111111111111111111001011
1111111111111100111111110111111111111111
1111111111110100110111001101110101110111
1100111101111111110101010011111101001110
1001111111011111111101111111011110011110
1110110111111101111111111101110111111111
1111110111101011111110111111011111110101
1110111111111111111111111011011101101101
1111110101111001110111111011100101111000
1010011111111110111001111011111111111111
1011111101110100101110111111110101111111
1101010111111111110111011111011111110111
90 283 58 21 8 5 0 16 