50
45
001111101101111101001010110111100110011111111
111101110100111110111100010111110111101011011
111101111011111101011001111101111111101111001
111111110111101111010110011011011111101100110
111110011111110110111101011010100101111111110
111111110110111111011111111111111011111111011
110111101101111111110111111011101101111011111
111011110111111111101111111111111001111101101
011101100111111111111101111111111101111111111
111110011011101111011111111111111111010110101
011101111101011011011011111101101111111110110
111111101101111111101111011110110111111100111
110111110011011111111111011111101001110101110
101111111110101110011111110101111111110111111
101111011100011111111110011011100111011111101
111010101111111110011111111110111101011111111
011101101101001111111010110111010111111101001
111111011111111100110111011111111111111001101
011111110110110111111011111110110111110111011
101111110111111111111011001111110111101111101
111111011110111111101011111110110111111111111
111110111111111111111111111111111111011101101
111001111111111100111111111111101101101111110
111111100011111101100101101110110111111100011
100111100111111111010111011101110111110011011
111111111110110011011011010111110001011111111
111011111101001111111111111011101111010000010
111111011111111011111111111111111111001111111
011101111110011011011010111111010111111111011
101011101101011001111011101101101111111101111
111101011011111010111101010101111110101001111
111111111001001101011101010111101110101111010
111111111111111111101110011111001010111111111
110111101110111111111111111111111111110101111
010111101101011111111111111111111111110011111
110111011011111100111110111101111001101110110
111111111111111111110100111110101111110110111
111101110111111111101111111011101111001011110
100111011011111110111111111111111110111101111
111110111100011010111111110100101111111011111
110101101001111111111011111001111110111111111
111011111111101111011111111101001111111111010
111111000011010111111111110111111010111111011
010111101111001110100011111011111111100111111
011111111101110100111111011110101111111111111
111111011111011111110111111111111001101111001
111111001111111111101111100111111011111111000
111111101111001010110001111110110111110111110
000011011111111111111101111010111111101010100
011110100110111100111001101011101001110011101
98 238 34 18 4 2 0 13 