50
50
10000000100000000001010101000010000000101000000000
01010110001000100010000110001010001110001000010000
00011011100100010001000001101111010000000001110000
10100111000000000000001000011001000100111010100101
00111001010011101110001010001000011110011100000011
10110001101100100010010100110011101110000101110011
11011011001111000110001100110110101010010001100100
01101001110001000110000110110000111011110101100110
10000000010010000101001010010000101110000010111011
11001111110000001011000001100000011011001000001000
10001100010011100101100100100101101000000001111100
10100000000000010000110001011010011111101011010010
00000110011110010011100110010011100110110100101100
10110010100111101111101010100100110010111101000000
00001010101011100001100011000001011010000100011100
11100010000000000001000100000001000001001001100011
01100100110000101000101011110110110111100011011100
00101111001101001100000001110100000111101011000011
10011101010000011111010011000000111010000110110000
00101000011001001001010001011010001000100000000100
00100011101000001101000010111000100010011000010011
01000110110101000000000011111110010001001100101111
01010110010000100001110000000000001000000001011000
11000000110011100100100011000101101000010011100000
00010010001110010110001110101110011111100110110100
11110110000011010010001101011101001000011000101000
10010110110101001100110010111000100001011001100101
01001101101101010010100010011101110011000011000100
00101110010000001011000110111000010001010100110111
11110011010110000110001000110000011110001110100110
10000001110100101100101100101011001001000011111100
00101000001010011000000000011110000001001001001000
00101011110000100000010101000000011110010011100011
11100000011010101010010110100100110111010111010000
10000010000010011011100101101010000011101110111111
00000011000001101001100010001000010100111110001100
10111011100001101001110000101110100100001001010000
10000000111100010100110011100010011110000101001001
11001101101100111000001001111110101000110000000000
00010010000010001101001001000001101001000001010100
11100010010010110100000001101011001011110000011111
01010000010101000100110000001001000100001000101110
00010101001110001001010011000100010000101000110011
10011000001110000110100000111001110000010000000011
01000000001100111000011010110001011000010110001001
11100000100100111011001100110001110111011001001010
11101001001011001011000001001000011000001001010010
10100100110000000110000101000111000000001010000000
11001111100011110111110000111001010000000010111010
00110001010001000011000100100011010110001101010110
63 203 31 23 8 4 0 0 