34
50
11101110111110001011110110001010010011010111000011
11011011101101101110111101100010010110110100010001
11110011110101010111011100110101111010010111101000
11110111011010010100011101001010011010101111010111
10111001010110011111110010101101001111011001111101
01001100001000111011111101111000100010000000000000
10011101111011101001001000011111110011010001011101
01100111100010001000110100110010101100001000110111
10111111111100110101111111011001001010101011110111
00001011010111111010001010011000000001110100011111
11001000010111111101101010111001101100110001111100
01111110110111110110010101001001101000101100110011
11111110110010101101111010110111001101010111100011
11001001011110110110011101111110110100111111111110
01111111011111111011111101100101111111001011110101
10111110111011111110011001111110001010110000111110
11011000010101011110101100001101001000110111001001
11011011111000111010101001110000110101000110110101
00111110101110010111101000111101111000111101111000
00100010101111110110001110111100111111110010100111
10100010000101010111001000111101101111111101111111
10111010011011100110111000101110110101111100011010
11111011111111111110000100001111011000111010001110
01100110100110111111101100101011000101101101111101
11100011000010111100111011101011010101011011001011
10011001000011101100011100101101111100111110101110
01000010110011111111000000001101100001000010000111
01111011111011111000010101101101111111110101111100
00101101100001101111111010010110110111101111110111
11110101010001111110111110011000001011111100110010
00100110100101100111101111010001000000111001110000
11111001111111101111111101010001110011001001000111
11111011000111011100110101010010111110111011011111
10111011010011101111110101011101111111111110010000
24 77 18 11 0 0 0 4 