50
38
00100010000000000010110001000100000100
00000000010001111000100000000000000100
00000000000000000100000110000000010100
01001000001000000000010011010001100010
00001000000100000010001100001010000000
00000000000000000000000000101001000100
00101000000100010100100000001010010000
00000100000000000000100100010000010000
01000100010100100001011000000000000001
00000001010100111000000000010100100111
00000000000000000000100001100100000010
00010000100100010000000001101000010001
00000000000000010001000000001001010100
00001110000000010000000000000000100000
10110000000100100000000110100000000000
10000011000000101000010000001001000000
10000001000000000000100000000000100000
00000110001000001000000000000101000101
00010000000000000000111000110000000001
00001001000000001000000000000000000100
10010000010011000000000101000000100010
10001000000100010010110000001001001000
00010011000110001000110000000000000000
00100001001010100000000001000100001000
10000000001010000001101000000000101000
00000001000000011000000000000001110000
00000010000001001010000000100010000100
00001101001000101000010100000011000000
00000000000100000100001000000110000000
10000100000000000000000000000100010001
01011100000001010000100010000000000000
00100111000000000011001100000011010000
00000100100000001000010010001000000000
10001001000000001000010000000010100000
00000000000100000000000000000010100000
01101000010000000011001000000001111000
00000001000011000100001001000100100000
01001000000010101000010000100000000001
00100000110000010010001010000000100000
01101000101100110000000000000000000001
10001010000010000000001001101110100011
00000000010000000100101000000000000110
00100100010000000000001100000100000000
00001000000000000000010000010000000000
00000000000011001011100000100001110000
00011100010000100000000110011000110000
10100000010000100100000000010000100000
00000100101010010001001000000000000000
00100011000000011010000000001110001000
00010001010000000010000000000000010100
36 100 25 7 0 0 0 0 