55
50
01110100000101011110000001000000111110000000011000
00001001110101011001111000111011101000010010001111
01100011001111000000000001001100000000100100000000
01101001110011010100110000010001111010010110101001
00001100010110010010111100000100010001110000100000
01101110001001100100011111001010000100010110001010
01101000111110100011100001000000000000000000001010
00001010110000001001000000011100010101010001000010
01000010100010100010010000011001111000001010100000
01001010111100111110000110000000001101000101101100
10010000010101000001001101110101000010000100010000
01100011100010010001000010010000101001000111011110
11001001001000111000011100101101101000001001001110
00001011010100111000001010010000001000010101110011
00001100100001000001001000001011010111110001010111
00000001000110100000011101101001100000011011110000
01001100010101001000001100001100100101100000100011
00000001011010001010000000001001001010101010010011
00000011001000011000100000001000010011000000010001
00100010001011110010101110000000001100011000011101
10100011000100001000101001011110110001000000110001
00001000101000000010001010010000000000100111110101
11000000011000000101001000000100100010010100010000
00110011001001100000000101100101001111001100101110
01000111001011010010100110001110101100011010010000
00100000011000110100000100110010110100110001010010
00001000000110001111010100001111111010011110111101
00011110101100000011100001011100100000111000000010
00100111101000010001111000010100110010111100011000
10011110000111010000000011001110100000100000001110
11111111011010101110001001000101111101001101000011
01001001101100011001000100001110000101101011000110
10100110000100000100000000010101111000111001100110
00000111001001000100110000110011000111101000001000
00001011101110011110110001100001100000111000100000
11010101110101010110111000000100001101100000010000
01010011010111100001100100110100000000001110011011
11000010000011000000010101101100010101010100000000
00001000111000110011001110101101101101001000011010
00100000010001100110101000010000000111011100001011
10000000101100000010011000100100010000001100011001
10111110100111010010001110011110000110111010000000
00000001000100101111100000010110100100010111000011
01000001001000101110110010001101101100000100001010
11000000000001000001001001000111000010000001100011
00000110011000001010001000101101100001110010101000
10101101000010000010100100000001110001001111100101
11000010101000000110010100010000011101101011100001
11011000000011000010010001000111001100011110110110
11000001110000000110010010001000110110001100100001
00001100000010010101100101100101010011100000010000
00110111011010010000001100100010000010000000110100
00010010000000100100101001110011010000110110010000
10010100100110101110010101011001100000101101111011
10111010111101001000110000000100000100001100100001
67 181 31 17 7 6 0 10 