55
50
10010011010000111001110111111011001101001011100000
00101010111000100011101110010010111011010110110110
00101001100110011110011111001101100010101110110010
01000011001011010111100011110100010100001000101001
00101001111110100110111111101000111101101101010011
10011101001101101001001011110111100010010011010010
10001010001000111111110101001110101100011111111001
11111101110000111000110001101100110111100110001010
11111111101111100101001001100101010001111001010100
11010101010111111001101110101011100111111111010111
11101111111110011101100101001011011000100010101010
01100101110101101011010101111001101000111001011010
11110011010001101111100110101011010110101110011000
10010010011001101010101111110111001111111000111101
11111101011110000011111000001111011111110001110001
10010011101111011010001001100000111011111101101111
11111111010111101011111010110010010101001001111110
10010111000010110111001000011110111111001111110000
11101101011010101110100001111011011010011010111110
01101110110010001010111110011001011111111011001010
11001001011111001100001101100011111110111011110011
11010110111001110111010111111111110000101011010101
01011011100101111110101111011101101100010100111010
11111101100111010111010111010110001111110011001100
10010110011101001001001010001000001011000101110101
01101110110110001111001101010111111000101011101110
10000111111101111101011111111001001101000001110000
11110110111010101101010110111111000101011001011010
00111111011000010001001110110110111010011001001110
11111010011111111110011101001001101011010000010010
11011111001100111011100000000100111101010111010010
11011010010000111010000011001101111001110011101010
11101010101100101011000111000111001100111111111100
11011111111011010001001110011011010111111100101101
01100111010011010100110011101010111001101110000010
01001100100101010110000001111100010100101101001111
01101011001011111010011110111001110111101001011110
01101111100011111101000101111011111000100110111100
00011000011111110110010011100001110001100011110001
01000110001110010100100111011111111110101110000110
11101111111001010111011001011111111001111101001000
00011110111010110111011011100011000011011111111101
10001110100110001001011100010011110111000111100101
00010111111001011011010011111100110001000101010001
10110010101101111100111110011011100100111001111001
01111001010101010011100110111100011111011001101010
00101010001001000001010101110100000101000011111111
01011101111111110111011111100110110100110000010111
10010011001110101001011011001111111011111000001101
00000111010011111110011000011111101100101111001101
11000111110101011100001111011100101001111011100000
01110001001011101110111001011111111010111010110111
01110001111111111111011000001101001011010111110101
10111101111100111111001111101010111010011110110100
11101011111001110001001010111000010010111110110101
46 114 31 15 3 4 0 2 