32
50
11111111111101011110101001010011000111101010111110
10110111001000011111100011010010110101001101010011
11101110111111100101011111011110110000111010110001
11001111001010001101110011110111001000101100111010
00100111001011010111110001110000011100000011011001
00010110010011010110010001001101010111001110111111
01010101110100100111000100110011011001111101111100
10111001111101101111101111100110101111001110100010
00111101110101110100111100111010111101111111110101
01111011000111111100101100111110100100111011110000
10010111010110111011001100111011110001001111101111
11001001101100110111011101011100110101011000001110
01100110011101001011111111011101001111010011011100
11100011101010010011101011110110000100001111000110
01010010001110011011001001111100011101111101101000
11111001101111100010111011111110010001100110100000
00001110110001010111111111111001011000110100111000
00111111011110011111101111000110011011010011111011
01110000110101111100111011001100111111101011010110
10100100011010110011011111101000011111001000110001
10001110101111001100011101000101011111111110010001
11111100000000100010011011001101011000101100101001
11001000101110000011010110011110101101110101001111
11111000110010011001010011101011011111000001101100
11110110010101001111110110110000111001101101110010
10111110001110110001111100011001100010111111010101
11110011111111101101010000111100011000101100101011
00011111010101111110011011011100011101101101010010
01000111110100001100010111010100100011110101011010
11111001110000111101011011001110111100101101100110
11100100111011111011110001110010100110110111111101
11111110001101111011000011111100100000100110001100
23 71 10 10 3 0 0 4 