32
50
11011101011011111110011010011101111011011010100111
00010110000001000111110101110101010100101000010000
11110000111000101010001110110001011100110011001111
01001110011101111000001011011111100110111101001011
11000011100001001101010001000110001011111100110111
01001100101110100010111000111101000010100010010010
01011010110111110101110011101100011011000001101001
01000110110000010011111101100011100001110111011111
01001001111011110011111111011001111011001110111110
11100001101001110101011000100011111000010101011111
10111111111110111101001100001101101010111111111011
10100000101011101110110011100111101010111100011110
01011110000100110111111001011011110111110000110101
00100011010111110001010110101010101110101100101100
01100110010101111011111111100111110100010001100001
10111000011010100101011111111111110011010100101111
11111111001100110001111110110001101111101100101111
00011111100001000010010011111100111010110000110011
01111110100101001011000101010110100111101000101110
01010100011101001111011111110101101101010000101011
10010001100101001100001011010100111111001101110111
11000010010001000011010010000110010100111100101101
10101010011111111100110001000101110100111111100001
11101111100110111110111100100101111110101101100110
00101111110011101100000101110110100101111001000010
11101011111110001000000111010111011000000110001101
10011001011100101011011011101110011101010111011100
01110100011100111000111111001000111111001011010010
11000110110111101100011001110000000111010101110011
11010110011100101110001111010101001111111001101101
11011011001001101000001001000010011010100110011011
01101110110000011010110111111101101111101011110111
76 222 34 24 6 5 0 5 