34
50
10011000101000000000001000100001010100000100000000
10001000101001100010100010000000000001001000100101
00000111000010000110000100000000001011000000010100
00000010010000000000100000010000000010000000000010
10100000100000001010000000100000100000101101000010
00000000001010001001000100000001100000001000000011
00000001000010010000000000000010000000000010001000
11010001100000100001010000010010100100000000001100
01000100000000010100111111110001100000000100001000
00100100010001000110000000110010000110000100000000
00100000010110101001101000001000000100000011100000
01000100000110000011001100011000010000000100100100
11100000010000101010100000101000100010111001100010
01100011000000010000010000000000000010010010000000
00001010010100001010000010000110000000011101000010
00100010000011001001100000010001110110100000000000
00000010010000000000000010000000000000011000011110
10000000110011000000000110010001010000001001000100
00010011000000000000000000000000000000000000000000
00000000000000001000000001010000101000010001000001
01000000001101000011000000001000000000000110000101
00000000000001100000000101000000000110000000000000
00000101101000101010000000010010000000000000000011
00101100000000000010001000010000000001000110000000
00000100001100000010001000100100000000110100000000
00000110000010110000000000000000000000000010000100
00010100000010000000100101000010000010100100001010
10100000000010100100111001000000100000000001101000
00010010100010001000000000011001011001000000100100
00100000010000100000010000100000001000010000000101
00010101001000001000001010000010000010101000000100
00101000000110000100000001000001000001000000000110
00100000100010000000000000000000010001011000000000
01000000000000000001000100000110011000010010010000
21 36 15 5 1 0 0 3 