50
36
100101111010110111011100110010111111
111111101101101011110001111111100110
011000101011111011111011101101000111
010111111001110110101111111111111111
111111111111100011011110101101111111
111011111111111110111111111111110111
011111111011111101111111011111011111
111101111011110100101111011011111011
111111111110111111111110111101111101
101101101110101111110101101111101011
011101111111111011111110011111101111
111110001101101010111101111101001001
110111011110100111111111100111110111
010011011111111110111111111111101101
110111111111001111111110101111111101
011111111111111101101001111101111111
100111111111101111111011101111100011
111011111111000011110100011101110011
111111111110111111100011011101111110
011111011101111111101111101111000111
111111111110101100111110111011101111
011111111101100111100111100110111111
111011111111111100110111110111010111
101111011110111100111101111011110011
111111110101101101110111111010111111
101111111101110100110000101111111011
111111011110111011111111011111001100
110111111011110111010011111110111111
111111011111111110111111111101111011
111111101111111111011011101111111110
111111000111001111111010110011111010
111011111010111011111111111001111111
011111110101111110001011101011101111
011110111111111101101110101111111111
110111101101111000111111110101101111
001111110101111111111110111111100011
111101011111111110111111111101101101
111111111111101111111111100110111111
011111110011100010111101101111101101
100111001111111101111111111011111011
111101111111100101001110111000111111
111101111011111101110011111111100111
101111111111001101111011011011111110
100111011011011111111101111111101111
111111111111011101111111111111111111
011111011101111110111011011111111101
111011100000111110111111101110111111
111111111110111111011111111111111111
111111110011111111111111011111111110
011111111111101110110111101111111111
97 283 40 17 9 4 0 10 