55
50
11111111111111110011111001110111101111111111110110
11100111011001111110011101101111011111111011111111
11110001011111011100111100010111101111111111011111
01101111110111111101111011100111101110111011111010
11111111101111111110001111111111111111111111111110
11010111111111110111111111111111111111111111111111
11111111111101111101111011011011111011110111111111
11101101110111011101111010101111010110100111111111
10101111011110111111010111110101011111111111111100
11111011111110111101111111110011111110111000101110
11101011111101011101111101111111100110100111101110
00101011111011111011110111111011111011111101111111
10111111111111111100111101100111011011111011111011
10011111111111011101101110111111101011100101111011
11111111111011111111011111111010111111111100110111
11111111101011111111111111011111111111111100110111
10110010101111111111110110111111110110111111101010
11110111001011111001011011111111111001101110111101
10101110111111111111011110111111110111011010011111
11001111111001111011101111111111110111111110010101
11111111110111111110010111111111110111011111000011
11111011101111111101111111111101111111111111011101
11111110111111110011111111111010111101111111110110
11101111001101111110110111011111111111111111111110
11111110101111101111101111010111010011101011111101
11111111111111111101111110101011111011010111101111
10011111011111111111111111110111100111101010111111
11111111111111101111111111111111111111101110111001
01111111111111111111111100110011101111111111111111
01111100110101101111101111111111111110011101111100
11101111011111111101110111101010110000101111111111
11110111111111111101110111111111101101111111111110
11101011001111111101110111101100111111001111111011
01001111101111111101111101101100001111001011110011
01101111111110111111101110110111111111111110110110
11111111010111111111111011110011111111111011111111
11110111111111101110101111111011100111111001101011
10100111110111010111111110111010010011101011111111
11111001011111111110001111111111111001011111111101
11111010100100101111111111111001101111110111111111
11111111011111111011111111111111111111111111111011
11111111110111101101111111111111111110111111111011
11110111111001110111111111011010011110110110111001
10001110111011101010111111110011111110110001111110
01110111110111110110111111111110110101111111111111
01111111111111101111011011111111001111001111101111
01111111111111111111111111111110110101101111100011
01011110000101111111111111110111111011111100101010
11011101111111111011011111101100111001111111011111
11101101101111110111111101110010111011101101110110
11110010110111111111111011011011111111111111010101
10111100110011101101111111001111010111110111111111
11111111111111011111011100011110111111111010111111
11111101111011011101011111100011011110111111010110
11110111011010111111110111111101111111111110110101
174 518 79 49 19 14 0 21 