60
50
01100101011111111000110110011000111000101001101001
11011111101111011101011111111111111111111011111111
11110111101101111110011101110000101011101011101010
11111111101011101010111110010001011101111110100011
10000111101101000011001011100011001111100111011000
00001101110110010001110000111000011111000010100010
11011010001111110110110000011111110010010111001011
01100011010000011000110011100011111101010111111111
10101101111100111100011111110100101111110011111111
00111010110111110100101001111010010110111011110010
10111000111011010110111111010110000111101001010101
00001100000100110011111011001011000000001111011111
00110000100010101101111110011101001011010001101111
01110000011111101101001001001011000011011101101101
11111011111001110001101111000010111110110000001001
00011001111011111100101100101111111011111101110011
10110111011100001110111010001000010111101110000000
11100000110110111100011111111011110001110110101011
11111110000100111111111011101111000000111011010000
11111010000110100101000101100101111111011101111011
01110111110011111100000101001111111111111101011100
11110111011111010001001111111011101100000101010001
00011010010110100110001011010100111001001000111110
00101111111101100001010111111101111101100010110101
10101110101101001111101110001011110110111001110111
11110101011110100001011000010010001001010110100111
00010100111101110111101111001111101110011100110110
11100100111001101110011111011000100110111010011110
11011001111010110100000111101001100100010011001011
01111111010110111011101000100011001001000001101100
01011111110100111101110110111011101110111110110101
10110101010100001101110110000000101111001101101111
01101111101100101101111110110111000011101010000010
10111000101110011010001011110101101111110011111010
01110011010100101001110101111101101001110001101011
00101000101010010100100010101001110011010101111010
10111100111110011110101011000111110011100101111010
01110101001010010110101100010000111111001111101010
10000111011010010011000001110100010011010000100010
11111011001111101010100001111100101100111111111111
01010111101000010101110101111001111101100001111010
11110011100100111001001011011000000110100111010001
01110010011100110111011101001101011100110110101111
10010111000101000011101001000001101111001011100000
11101011110101111011110100001111011111011101011111
10010100110010101000001110011111101111000110111101
11010101110010101110000011110011011001011010111110
10100110111111101110111101110101011011110000111111
00101011101111011110110010001100110010111111011101
11011100101100000101001000011110100111110110001011
10100100100110011001011110001101100011100110000111
01011101011111001010100011001001100110111001111101
00101101101001000111001111111111111110100001110110
11010111011001100100101010101111001110011111010101
10111011000111011111011001100101000000111001111011
11010111000101011110100011100111010101011100101110
11010110000101011000100000110100111101001111110011
01100100100000001011101001111100111100101001110010
01101000110011101011000100010001111100010110011000
10110110101011100100100111111011110011010001011110
54 149 26 10 2 1 0 5 