32
50
11111111110111111111111011111000111111111011101111
11110100110011111110111111111101101111100110101111
11111011111011011111111110110011110101111011101100
11111111010101010111111111111000111011111101110110
01110110110101110111111010111111110111001101111001
01111011111111101111111101100111101111111011111111
01111111011111101111111110110101111110111111111101
11111010101111111111000111101111011100111111010011
10110000001101100111101110111111000101111011111111
11111111111111111100111110011101011011110101100111
01111011111001111101011111111100010011101110111101
11010111011101111111111111101111111111011111101011
11011111111111111111111101111011111111110111011111
11111111111011111011111100011110101101111111101111
11111110111110101111111110111111111111111111111111
11111110011111110111111111101111110000011111111111
11100011111111110111101101111110111011111101011111
10111111011101111111111101111010111110111101111110
11111111111010111001100111101111101110111110111111
11111011110111111011001011101110111110110111110011
11011100111111110011111101111001101011110111111011
10111111110111111101111011111111101111111101011100
01110111110111111111111111101111110111001111111101
11111011111111111110110011111101111101111111101111
11110111011110111111011111111001111000101111011010
11110111110111101111111001111111010111111111110110
10011110111111111111111111111111111111111111111100
10101111101100110111011001111111111011011011111110
10111110101111111111101111111110011111111101111111
11111011111011111111111111111111111111001001110010
01111011111011111111111111010111111111011110011111
11101111111111111101110010111011001110011111111111
56 186 29 13 7 3 0 3 