50
40
1100100010001100111011101111001100011000
0100111100100100110100100100111010010000
0101001010010000100110111001100000010001
1010110000100101010001010111000011000101
0100100100001111011110010001010001010000
0101101000100010010011001000010110100000
1011000010000111100000010100100010000000
0000000001010100110100010101011000010100
0100111101111001000011010000011000111001
0100101000111011001010101011111010001101
1000110100011000001010000000000011010001
1010000000001000011100010001001010101110
1000000001111001100100100001100110101011
0000110000100011011010010100000100100000
0110001011011010110110011100101000110100
1000100111010100010011101100010001011101
1011010010111001000001011111101100001001
0000010001100010010110010110011011010010
1100101000010010010001100100011100010110
1010000010110100000011011011100000001010
0000010110000010001001000011010000010100
1000100000110111001010000001010100100000
0000010000000000010001011010100001010000
0000010100001010000100100101000100000001
0001011000010000010010100111101001001110
1001100000000100010011100010001010000011
1011010100100010110100000010001000101000
0010110100010100000000001011000010001000
0111001001100111001111110010100000101010
1010110001101010110000101100000101111010
0000000110001010011000111001001000000010
0011000100110110001100001111000110110010
1100111010011110001000100000000001011001
1001011011100010100101000110100101100100
1110111011010000100001101111111000011000
1011110010001100011100010100001110000101
0010000101011000101011001100010100100100
0010100100100100111111110100101100000111
0001110000000110000001001001010010110010
0110010000011000100101100011110111011010
1111000001100001111010001000000100100011
0001000000000111010010111011101001100000
0100110000010101101100000010101111101000
0100001101011010100001000100000101010001
1001101101011000100001001011100001001001
0011000000010110110100010011110101110000
1100011101000011111111010100000000101110
1001000110100100100100100101001100101101
1100010010000101110000111000110110000100
0111001111010001001000000100000001000110
19 56 18 5 2 0 0 3 