34
50
01111111111101101011111011110111010111001111011110
01100100111011101101111101110100111010111111000001
01010011100001101111010111001011001110110011001001
10001000011101101000111101110000000010011111100101
01111011010111101110110111100100000000101101111101
11101010011001110010110000010111111101110010101011
10111101110011101001101111010100111100101001001111
00111101111001100000111100100001011001010001011001
10101111111001110110011111111001011110101110110001
11100011110100110011010100101011110101001000111001
11100100110111101000110111011111011010101110111011
10101111110100111001101111011010101101001111001011
10011000011111011101110100100000111111001101101110
10001101110010010101100010111101111101100111111010
11010111001011101000111111011001110000000111101011
11111111110011110100111101111011001100111110111000
01101101010111101101100101100010111100010100011000
01010111100111100011001100011101101110110110110001
11111101101111001000010111001111010101100101111110
11111110101110000111000011001010100111011111101010
11011001111110010110101101110110110111010010000101
11110011110110111011010111111011001111111101110110
11101000010110011010110101011110111110101110111101
10001000110101010000011111010111001110010110010011
11001100101001000110011100111100110111100110111010
00001011110111101111011111010000011101101110101101
00010111111011110001111011111001101011011110111000
11011101011010111011111101011011110110011110011001
10111000111101010101100000110111101101001001001011
01011001010110011101111111011111011111111001110100
01101111000001111101011100101001001100100101110001
11110110100101001111111111111101000011001110011001
10001101110001110100101110110010110001101100001110
01100110011110000010010001011111111101010111110101
93 251 47 21 6 4 0 6 