50
50
01110000001111001000010111001011000110110111001110
11001001110111011000111111010111101011101010110011
01011011011010111111101111111110001001101011111111
10110001100010010111010010100101111100111010111111
11111000011011010000000000001111111110010010011110
11110100101011100001100001100001011111111010100100
10101010110110110110100011011001111011001001111111
00110110011110010111010001001111100111000100100101
11011000101111000111111101000111011100001011010101
11111000010111111000110111100100100100101111111010
11111100101100110111011111001110001101011010010010
11101011100011110100111011001110111010011111100111
11011011110010010001101101111111111110110110111010
10110111101111100001101011011100110010010010010111
01011001010010010111110011111100111110110100001111
01110100000110011110110100110011010100011100010011
11010110101111100100111100101001111100111001111111
01110001001010111010111010110110111010011101111111
00110010101111100111010011110101111110111111101000
10110010001111010101110000101010111101111100001000
11001011001111011011110111101111111110101110111100
10001001101111111101100011101101000101111101101000
10001101001001001100010101011111110001110101001001
11101001001100000111101111011000111011111110000011
11011001010101000111010011110001111101011010111100
11011110111011010010001110001010000100111100011001
11101110110011011111110111001011011010111111100001
10000011100001101111100010111110110110001111001111
10011101011010000110111011100011010011010111011111
10100010110111011010001101111010111000111001011100
10101111010001000000101100111100001000001000111110
10101110100101000110110101010100110010111001011110
01000110100101111000101111101001101111011001111110
00111011101110110010010001000000111110111111110111
01111100111011000001110111100000001110110000111100
10100101010110011101101111111100000111110001111100
00101010010101001111111010001010110110011100100101
11101001111010111001110101111100010111101110110111
01011011101111001011100111011110111101100011010010
10011111100000011110000101101011101100001111111101
10101111111001000100010100110011100011111100111101
11011011111110111110011010010110011111011101010010
11110111000111110101000001100000010001111001011010
10100011101011010110111011111001001110010100100110
00000000101110101111110011011100111000000101011111
01101101010110110110101001101110111111111000101011
11101111111110100010010100011000110101111101110101
11010111011001111100100001111010101100000011011101
10110000000010001110011101101110111001001110001110
01010101100000110000101000111011100001111110011110
65 211 23 15 3 7 0 7 