60
50
11111111010111111111011111010011011111001111111110
10101101001110111111111010010001111110111011110111
11001111001111111001111011101111111111111101111100
10101010110101111111110011110110110100101000110110
11011111011101111100011111111011011011111111111111
11011111111101111101101011111101111101100011101111
11111111111111101011111101101111110111111111001110
11100111001111101110111111111110111011111011110111
11001110011111111111111111011101010110011111111111
11111110111011001111000111111111110110111111111011
10111001111111011101110111111101111111110100110111
11101111111110111110111111101111011101101111111111
01111101101111111110111111111101101111111110101111
01111111111010111110100110111111111101011111111100
10111111111101101111111111111011110101110110011010
01111101111111100111111001010110011110101111111101
11111111011110111111101110111101011111111110111011
10111010111111111111111111011110110111111011111110
11111111011011111111111110101010011111111111111110
11101110111111111111111111111101111110100111101111
01111111111111011111111111110011111111111111110110
01111111111111111111011011101111100111111001001111
11111110101100111111111111101110111101111101010110
11111111111101011011111101111101111111101111111110
01011111011001111011111111111111101111110011110111
01111111011111111111110111110101111110110111101110
11011111111111111110110110111010111111110110110110
01011111111111101111110101011110111111111110111111
11111111111110110111110101001111111111111111111101
11101110111111111011111111010111111011111010101111
11011111100111111111001111111011010111111011111111
11111111111110111101011101101110111011010110101111
11111010011111110101111111011110111110011110111111
11110010111011111111110111111111110101111111000111
11011111111111110111011111011111111110011110101011
11111110111111111011111101011111011101011010111110
11011111011111011111111110111111001110011110110101
11000111111111111110011110110111111111110101011111
11001111111011111111001001111110111011110011101111
11111011110110011011110111111111011111111111110111
11111110111111111011111111111101010101011111101111
00110010010111001110101111111111101111111111111101
11111111111111111101111011111111110101101011101011
11100001111011110111110101011101011111111111011110
01111111111111111111111111111111111111111111011111
11110011111111110011011110010111111100110110111111
11100101011011111101101110111011101101110111111110
11111101011111110011111110111110111110110011011101
11111110010111111111111111111111111101110111111011
11011111111111111111111011111101111110111111101111
01101110111111010101011010111111011111111111101010
01011110111100111110111101111111111111111111011001
11111111111111011111111110101110101011111101010111
01110111011100111111100101011111111011011111101111
01111001111111111111110001001111111011111111011011
10111110111011111111111111111111011111111111011111
11111111101100011111101101100011101111010110111011
11011111001111101010101011101101111011100111011110
11111111111111011001111011110111111111101111001111
11111111111111111111111111011111111101111111111111
70 208 26 17 8 4 0 4 