50
45
110001111101101111110111110010110111111110111
101111110010101101101011111111101111010000111
111001111111010111011110111011111111111011110
011111110111110111111110110001111110101110111
011111111111111101111111111100100011111111111
111111101110111111111011111011010001111111111
111111110111100011110111111111001110101110111
111101110111100101001001111001011110001101110
111111111111011111111011110111110111011111101
111011111111111111011111011111111010011111110
111100111111111011111111111101110111111110111
111101110111110111111111111010111111111101101
111110111111111110101110101110111110110111110
101110111111111111111111101111101110111111101
111010111101111111111010111110111101111101111
111111110010111111101010101110110111101111011
011111110110111111110111101101111100111111111
111101011000111111111111110011101110111111111
111111111001111111101111111111111111010011111
111111111111111101111111011110111110111111110
111100010010111111001111101110110111111101111
111110110111011011110111111101111111111010111
110101110011110011110110101111011111111011111
101111111101111011110011111111110101111111111
001101111111110101111101110111001111110111010
110011111010111110111110111100111111011110111
111111010011011111111100101011010111111011101
110111111011111010111111011011111111111111100
011100011111001111111011010111110111101111111
111111111110111101111110111111110111111110111
111111100111110111101111101111111111111101110
100110000100111010011111111111111111111111110
100011111110100000010101011011110111111111101
110111101011011111111111111010001101111111111
111111100011101111111111111111111111111011110
110101111010111111110111111011111111111011011
111111111001101111110111111110111110111111111
010110111111111011111101011111011111101011111
100011111111111110111110110111101111111111101
101011101110101111110011111111111111111111011
111111111111101000111111111111111011101011111
110011111111111011011110111001101110111111111
111001110111111111111010111101111101110101011
011111010101011111111110111110101011111101011
011011011101010101111011111011111111100110011
110111111101011011111101010011110111111110010
110110101101011011111111111100111111111111011
111111111101101111111111111111101101011101110
111111111101111111101011110011111110101101110
111111011111111111000110101111111111101110010
99 259 34 11 13 5 0 5 