34
50
01000000011011101001111110010100111010001011100010
00000001010101001100010010110100100000000101110110
01110000101010000000010010010000000011001001101100
01000010111100000101010111010101000010001101001001
00001011001100000010010010000001000101101010010110
10001100110011101001100000010100011111000001000100
00000000010000010101010101000100000100111100011000
10011001100001101001001010001001000010001000101101
01000110100001000010000010100000100000010100010000
11110000011000000100000110000000000100011000010001
01010001010010001000101000000011000001010111011001
00110011011111100111100010100100000011001001001100
00101100101000110110101010010000010101010100010000
10010000101011011100100110000010110000101001001010
01100101110001010000001100010000010100000001010100
01011000111100101101011010000000000001000001001001
01110100101100011101000100010010000001010010010011
01000100001110110010001100100100000111110001011010
10000001100011101010101100110000000001010011100010
01110110010100111111110110010110110000110011100000
10001101010101011100101011100100011111001101010001
01110100100011000110001010101101010111100000100000
10001000000010111100010010110000110101010010101000
01000111000011010000000010110001101000110100101100
11001100111000001000000111010100000011010010010110
01000001011010001100010111010110100010111011000001
00110011000001101000000001111010010100100010011100
01001011101001111111101000000100111100001001000001
01101110001101000100010010101000110000001101010100
00100101010000000101011001100110001010000001101011
00001010100110010111001011000001010001001111100000
00111100000110011011100001000111110111001001100110
10111001011100011001010100101001110100100100100111
10010111010110010100000100000111110100000001110001
65 166 35 8 4 0 0 7 