50
45
011111101110100101110001011110111100111000111
001011110111111111100111110101010110000011100
010111001011111010001011001100100110101111110
010011011111110111111100010011001111001110011
010101011110110111111010000110011001111000011
111100001000010111000010101110101001010100110
111100110111011011110111010000101110000010010
100111111010100100010011011110100111000110011
111001110111110111011010010110001110101111111
101110111010110110110000100011111010111110011
011000101011111010001101011111110011000011010
010011011100000100000001100101111110000011011
111111111101110000111111011010010101111000111
101001110010101111001110010111000110011110011
001010101001111100110011001101101111100100111
001110010111011011011001110110011111110011011
011011110101010010000101000000010010011110100
101100111111110000011010010100011101010111101
001011001111101010011011101100010010111110100
100110011100110001111011010100101101101101100
010001110111110100100011010011010110010011010
111011111011010101111111000100101110001000011
100001110001001111001001011101011010110010111
001010111100110011110110110011100100101111010
111001110100001100011111010111110100010111000
110011110011110100011111001011111101000001111
011110111111111110000111111000010100111111111
000010000110111011111110011110001111011101101
101000100111011011000101001100110001101011010
010001111011000011111001100011001110101110110
101101000010110000010101101011111111001010001
110011010001001010001011001011111000111011011
111101001011010000011111111110111110111110110
010001111110011101011101110011001101100011010
111001111001000111111000001001001111110110111
001100010111000000011001000101101101111111110
001011010010000111110101010111101010101000010
011010011111110100001101001111010010110010001
110001001111011110111001110111000101110111001
100001111011010111110110110010101011111011101
111100011111000000001110001111011101110111011
110000110111001101101101110111010110000001111
100011110001100110111110110101100011101111111
001101011011110110110001101100110101001001011
010111101101101111111111101111001111000100111
010101000001111100101010110110011100011011101
111000101010101010101010111001111011011011110
101110001101001011110010110101011111100011111
001011101011011011111100001011101001001011111
101001011111011010111111010001011001100001111
26 105 25 4 5 3 0 3 