55
50
00010000000000111000000100010001001001111000000000
00011010010010000110010001000000000010100110000100
00001111000000000100000001000000000000100010010000
01000000000010010000100100100000001000000000010010
01001101000011000100110000000000000000000001100001
00100000000000010100000000000000001000000110100001
00000000000010011000000010000010100000110001000000
00010000100001000010100100000000000010100000100000
00000000100001000100000000000000010000000011000001
00010000001000011000010000000000011000000000000000
00000100100000000000001011100100000000110100010000
00000010100000001101000100100000000000000000000001
01000000101000000000010000010100011000000000111001
00000110001000000010000000000000010000011000000010
00000000110010000101100010000000011000000011110110
10000001000010000000001000000010000101000011000100
00010010000010100000010000000001000100100000001100
00000010000010000100000000000001000000000000100000
00100001100100001000000000000001110000001000000000
00000001110000100101000000000110100101000100000001
00000011010000001100001011000010010000000000000010
10000010010001001010010000000100100000000101000000
00000000000001100001000000000010100011000010101010
00000010000000000000000010000001001000000010000000
11001000010001100000000010100000000000010000000010
00110000001010000000000000001001010000100000000101
01010000000101011000000010000000010100000011001000
10001000001000001010100100000100010000000001100001
00100011101000000001000001010100010000010001000001
11000100000100000001000110011001000011000000010001
00000000100000010100000001000000000000110010000100
00011110000000110000100000011000000000000000000000
00000000010010000000000000010000010000000001000000
00000100000000000000000000000010000000000000010010
00000001100010101000001000101010000000000110110100
00000010010001000000000001111010010000000000100000
00010010000001000011001101000100000100000001100001
00000100000000000010000011101000010001010100100100
00001001000110000001000000000000000000110000101100
00000000011100011001100000100000001000000000110100
00001100000010000001000000000000000010101010000100
00110100010110000001000100100000000001000100000000
00000001011000000000001010000001010000010000110000
00000011101000100011100100000000010000000000000000
10110000000000000000001000010000000000010000000000
00000010001100000010100110100000001000000100100000
00001000110001101000000000000000000100101000000110
01000001010010001000000000000000001100000010100001
11110100110100100000011000100000010010000011010100
01000001001010000001010000000010000001000010000000
00001000000000000001100000001011000000000000100000
01101000001001001000100000000010000001100001001000
00100100000000001000110011000010001000010010001101
10000001000000000000000000000000101000010000100000
00000001000000000110100000000010000000000000000100
20 53 12 1 0 0 0 0 