60
50
01110110101100110001110100011110010000100100111101
00011101110111010100111011001101000111110111100100
01110011001111111101000111010001110100011000111101
00111111011100111111000001011000000111111111001010
11011110010111010101111111100001000111111111111111
11000111100111001110011111011011110100100110101101
11010101101101101110101101100100110000100111011100
11000011000011001010111110111000110111101000111011
00000111110100011101010110100111111111110010011111
11110011100100110110011111001111011101011110110010
00010011000111011011011001110101101111100111101010
11111111011001100010111011000010010111111010100110
10110101101001101011110100111101001011011011010111
11000110011101001011101110111001111110001110011010
11111011011100100111010011101100111011001111010010
11010111010101011110111110001110100101111101000101
10011110101100010111101011011111011101011011010110
00011110000001111000011011111111000011110011111001
10110101110101110101011100000101101000111111101101
11001001001010100010110101101110110000111111000110
00000001110111111101101111011000010100111011011111
00110011111111010000101011101101111110101101100000
10101111101111111110010110101111101001011011110101
11111100100010110100111011100000100101111011011101
10101111110001010010111100111011100001101010100010
11000000001111011011010101000011101010011101011101
00111010010010100000101001101101110101110101110111
10110101111111101011110110010101111011100101111001
01111111011001001011001111110000011100101110111100
10101101011110010011011101001111110111101011110110
01101001011011100000010111101110011011101111101000
11111101011100100100100010011110000100111000101100
11111000011111110011111101110101100110011111100111
11111110110010011110010011101001111100111010101100
01101010101001001110001110001101001101111000001100
11101111011111011010111010011001101111001011011111
00111111111111111110011010011110110111100100111001
01110101111111011100110100111110101101111011001101
10110101001010101001001101010001110011001100110111
10001010110111111111111111111110100111010001010100
11011111101001010111011001111011111001011111110101
00101110111101001011001000101111101110001010101111
11110101010100100110000111100000111111000011101110
11111101001011011101000101000111011010110110011001
01111101010110111111111011101101111111111110110000
00101000010111010100100011111011011110001110001100
01101010101001100010101101011110001011001111111101
11000010011010100101101001011111100101101100110110
11110001111111101101110001110101101011001101001101
01001011111100010101100111001100111000010111111001
00010110111101011111010101110100111111111100010111
11011101010101101101100111011100011011000011001111
11011000101001101011001111011010001011011010101000
01110100100011001110101001110111101111111101110101
11110100000111011010110100110111010000100001110111
00100111001101000100010010001101110110110111110011
00110111100110010100001101011111011110111101111010
10111001101101011101110110110010100110101100010111
11010110100101111111100110111111100111001101010110
11110000111110001000011010110010000000110010001110
160 424 71 29 16 10 0 17 