34
50
11001000000000110010000000110000100001010000110001
00010110000100001000000000000100000010100010000000
01000000110000010110000000010111000010001001000000
00000000000010001010011000011000010001000101010000
00000000000000010000010011000000000000000100100010
10000000000000000000000010010000000000000000010000
00000000110010000101000000000010010000000010000000
01000000100000000000000001000000000000010000000000
00110000000000100000010010001000000000010010000000
00000000000000001010010000000011100011100000000100
00000100001000001000001010100100010000000100010000
10000100101000100000010010000001100001000001000100
01010010001001010000001000000101000000001010000000
00000100001100000000000000101000000001010000001100
00100011100000000000000010000000000000000000010000
00011000010000011000001000101000000010001110000000
01100001110100100010000001000010000110000000100000
00000001010001100000000010001001000001001010000000
00000100100100010000010000100000101000000001000001
00010001011000000000000000100000000001010000100000
10000100000001100001001010000101100000001000011000
00101000000001000010000100100000000000010100000110
00000000000100000010000000000100001000000000101001
00100000000000000000010001000000100010101001000100
00000000011000010000001010100000101000001001000000
00000100000000010000010010001000001110000100001000
10100001001100010000001000010000000000000001001000
10000011011001100011000010100010000101000000000000
00000100001010000100110000100000001001010000010000
00000000000000010111100010000010000000000000000010
00000100000000001000001100000000000011100000001110
10000001000100110001010110001000000000001001100101
00000010001110010100011011011000000011001011000010
00000000000010001000000001001011100110100100001000
13 31 6 3 0 0 0 0 