20
40
0010101001101110111101101001101100100111
0010011011011111000001101100111111001110
1101011011100000011000110100101011001011
1111111011110101110100101111011011011000
1100100011110001010011111110000111011010
1100010000110111101011110101111101000101
1000100101111011100011100111000110010111
0111111111010000111011111000111111110111
0011001010010011011000101100111111100111
1111001011110101000001001111011111101110
1010111010111100111101111011111010010110
1111111011001101110110101111111111110111
0011110100111011011111100111111111111101
1110001011111011010111001001001011010100
1100011100101110000111000001101101110101
0001011111001011001001001111111111101100
0111101011101000101001001111001101011101
1101111011011110101010111010100110111111
0010011001111000110101011010100010001111
1011011000011011111111001111001110001111
26 67 12 7 1 0 0 2 