55
50
11111011101111110111111011110101111111101111111111
10111011011111111111111110110111111111111110110111
11110001110101111111010111001010010111111010110111
10110100111111111111001010111111111111110111111101
11101110011101111111111111111011111111111111110111
10111111111111111111111110111111111110111110001100
11110101101111111101110110101011011101011111101111
10111111111111111111111111111101110011101010111111
11111110110110111111110111111111111101111111110101
10111001111011011101111111101110111111001111111101
11111011101111111101111101111101111111010111101111
11111110111111111110111001111110100000110111110100
01110110011111111111111110111111011110011111101011
11111110101111010110111111111111111111111111111111
11001011111111111111011010101111111000011111110111
00101001111110111111111001001010111110101101111111
10111011101111111110111111111111110110111010110101
10101011110111111111111111101111111111101101111111
11111011111101101101111111111111111111111111111111
11111111110110111011111001110000110111110111110101
01001111101101111111110011011011111111111111001111
11111111001111111011110111111110011110101111011111
11111011100111110010111111101011001111101111111101
01111111111101101111001101010111111001110111101111
11111010110101100111111011010111111011111111110110
01101111101101111100111101011101101110011111111111
11011110000101111011011110110111111111011101010111
10011111100111111101111110111010001111011111111011
11111111001110110111011111111000101101111111110111
11111011011111100111111111111111101111111111111011
11001111110111111111100011011101111111110011110111
11111010111111111110111111111111111111111101111111
11111111111010011111111111111101111110111111111111
10110111011111101110111111111110001111011111111011
11011111110111110111111111011101111110111110111101
11111010011101111111111011101011100101101110111111
11111111001111011111011111010011110111111101110111
10011010111110101111111001111111111110111111111000
11110011111111110111111011110011111110011100110111
11111011111111111111011110011111111101111010110111
11101011111011111111111111011110111111111110101111
00011001111111011111111111111111111111111101111111
10111100111001000111010010001101111110111111111111
01110111111011111110101011111111111011001111111001
11111111111101111101011111111101111101111111111111
11101101011111101000111111111011111100101101111111
11111111100111110111111011011101111111111111111111
11100111101101111111111101110011101101011111100110
11011011111111101111110111010101111111101111111111
11111000111111111111110110010110101111111111111110
10110111110110110011111011111011111111111010011111
11101111010111111111111011111110111111111111111010
11011001111010111111111110111111111001111011110111
11010111111111111111111101111111111001111111111101
11111111111111100111110001001011111101101101111011
149 436 68 30 10 9 0 13 