60
50
00100010001010110001011000100101110100101001010110
00111000010000100011110101101100000001001000001000
01000000001011000010000101000010100110111110110110
10010010100110000010110001101000010100101110100000
00000111001111010011001100001010010010001110111011
10001010100011010000101011110010011000100101001101
11100000011000010011000001000010010111110100000010
00010010010101110110100111011001000000101010010111
10000000111110000100110000100000010000000001101001
01011010000010000110100100101000001011111000001010
00111111100010010001001011111000100011010000100011
11000000011000101100000011011101000111100101000010
00011010110010001100000001000000001100110100011000
00011000010111010000010000000000100011001110010011
00010000010010100010000000001110100000000101110111
00000010010000010101010000111010101100001000010001
00001011010000010000001000010011010001101010001100
01010100100001100000000001000000100001000000000000
10110000010111101100111001110110001001000100100011
00011101010000001011000110001101000100010000110010
00101000000101010010000100100110010010100100111110
10000111011001010010000000110000010100111110010001
11111011000100011111000100100011110000010001000110
10011111000100101101110100011011001100010110101101
00011000101111110100000100101100100001001000010100
00010010100000101000000000000010001000110100110110
01011011101001010000100010101000011101100100110101
00001000000001101001010010110000110010100100010100
10000101001010100101010100100100001000011011110110
00100011100110010000000000000100111110111100011100
00110000100101101000000000100100000001110110001110
10100000000010110011011110100010111010000001010001
10011000000010000111001100101011100101011100000000
11100011001000000110001011000101000000011001100010
11000000100010000010100000010000011111010110010111
01101111011001010100100001011010001010101001111101
10001110001110000001111000011100000000000001110011
01011100110111100101000000100000000100000010010100
00001000101000001101100000101111001001000101010101
10000110101000000001110000110100110100000000000101
00001011110000001000000111101000000011100000001110
00100100000100111000110001000010000101100010010101
11111000100001000110001001000110100001110001101011
00000101100000000110101001001110100111101100100010
11000100011101100000001000001101011100000100000110
00011000111100110100010101101001000000000001000111
01000010001110110011100000001001100101010010110000
10111100100010011000001000001010000100000101100011
01001101000000101100000101010000011100100001001010
11010010000001111100110000001110001000100101000010
00100100001001100100000010010010100001011000010011
10000000001010001010010001010010010010010110001000
10000000100111001010001011010101110101110011100100
01001000110001011000100110100010011100000000000010
10000011000110011110000111110101100001100001011000
01001001101000001001111101010001001110000110010001
10001010000001011001110000100010000000000011110000
00000010110110100010100100000100111001101100111110
11011100100110010110110001011101000000000100000000
10111001000000100101110010100000011001101100000101
37 88 16 8 5 4 0 0 