55
50
00111111110111111101111111111111110111111111111011
11110011101111001111111111010111111111001010111111
11011101011111011101100001111011111011010010101101
11101111110111101111011111111110111111101100101011
11011111110011111111001110111110111111011111110111
11110001111111111010111111110011011101111100111110
11110011011110111110001101011111011101111011010111
11111011110110111011110111101001111111111111111111
01010011110111111111111010110111111111001011110100
11011010111011110111111111111111111111100111111111
11111101111010101111111111101101111101011111110111
11111111101111110011111111011111111111011111111111
11011111111101011111011111111100111111110110000111
11110111111101111011110111111101011011110101001011
10111101011111111111111111101111110101000111111111
11011110111111111110101101010111111111101111110111
11111011111011100101111111111110111111101110110011
11101111011100011111110101111111001111111111111101
11111110101111000111111111111111110111111101011111
11111111101011010111111101111011111111111101110011
11111111011111111111111110110011100111111111111011
11001101111001111101111111011011111011110111111111
10100111110011101011100101101111101111111111001111
01110111110110111111111001111010111011111011111011
10101101111111101101010111111101101111111111101110
00111011011110111011101111111111111110111111111111
11111111111111111111111101111011101001110101111101
10101100111111111111010101011111111011110111101011
11010111111111111111100111111011110101011110111101
11111111111110011011111011011100101111101111111111
01001111111010011011011010110111111110111101011111
11101010110101010111011111100111001110011111111011
01111111110111011101111111111111011111111101111101
11011011011111111101011101111111111111011011011111
11011011011110111010111111100111111111111111111101
01011111111110111111111111110110100111110111111100
11111101111111110111111111111110010110111111111111
11011110101111111111111111100111111111111110111111
11111111110111011111111110110100110111011101011101
01111111011011111101110111111110111111111101111111
11111011111110111111101010111011111111111111111101
11111101011110101110110111001101011111111011111111
11101101110111100111111111011010101011011101100011
00011011110101101111101111111110111111111110111111
10111111111001111110111111111011011011101011101111
11010111111111111011101111100111111111011110000110
10111111011110111111111111101101111110001111111110
01111111111111010000110101111111111111101111111011
11110111010111111011111100111111111101111001111101
01101111101111111111110111111110111011111011101101
10110011111111011110111101101000110110111100111111
11111111111010110111111111101111111101110100111101
11100111011111111111011111111011111110101111111111
01111101111110111111110111111111111010011111010111
11111101110011101111111110111111111111011111000111
134 408 62 40 13 8 0 17 