50
45
101110110010110100001001111100001011111101001
111010110110011011011111111001100010101101100
000101011011110111110010010001111100010111111
001111000010011011111100111111101010101001100
001011011001000111111011110011101111111110000
110101101110010100001111111111101011110111100
100010101010001110011100011101001011011101101
111010110101101101101110000110111010101101001
001011111011101100110111110101001111111000111
101010110111000100101110011001011011101001111
111000111111110111111000110100000100100110100
011110010110010101100001010001001110110111000
111011110001101111101011000001100101001101111
010011000011001110100001111110111010001111010
110111111100011111010010101011011010110111111
000010100101101011110111110110101000101110010
111111111011011111111100001001001011110111010
111101100011111110011101111110111111010011110
111101101101110110011111100011111111001111001
111111111101101011011111101010111101010011101
101111110000100000001101111010110100011011000
100101111001010111010011011111011010111001100
100100101110010101101001111010010011110111010
011100011110110011111000111001100111011111110
100011111010110110100111110111010110011010101
001001111111110010010110111111101111101001010
011001011010000101110110011101111101101110110
010000000011101111011000110111101111111111010
001000111111110111100001000100111111001010110
101111011010101011000011101110111001010000000
110100111110111010101100110111101110100111111
010100101111101100100110110010111111110100111
111101111011010000111011110111011000010111010
111011010100001010100000001011110001011011100
111111110100011001011110101110111111010001100
100110101100110000001011111110111100010110110
000101000101011010110101011011011010111010001
010001010101111000100011001011111101101010111
011101110010111011111000010101010101111010101
101001011110000000111111101011101110100011001
011101101011111001011110110110101010111101111
011111111110001010001111011101101111110001000
111011100100111100100101000110101100101010011
011101011011111101100001000011011011001100110
010001011101110111010011110010001111011011010
011110011001110110111110110110011001010101111
101101111110001111101111100000100111001011000
010110001110001111100111010111101100111001100
010110011000110000011110111100111111111011111
001011011101111111110101111001011110001110101
121 308 55 24 14 6 0 14 