34
50
11111101010111111111011110011111001011000001111111
10011111111110101111101110101111011111111110111101
11111110111010101110110111111110110111111110111011
11110111111111111111110010110111011011010111111111
11011111111101111111111011101111110111011111111000
11101101111111011111111111101111111111110101101111
11101011101010111101011101110011101111111110111110
11111011011101011101111110110101111110011101111110
11100111011011101111110101111110111101111111101111
11101011111111110111101110110111111011111111111001
11111111111111000110111100111111111111101111100111
11111101011111011111111110101111110111011111111111
11111101111111111101110111101110111111111110111111
10111011001111111111111101111101111111111111100110
10101010011011011111110101111111110111101011001011
01110111011111111111111110101001111111011101010111
01111111101101111101111111111010111111111110111101
11110111111111111111010011111100001111111001111100
11111111001011111100110101111111101111111011111011
11101111011111111111111100011101111110111011101111
11111111111111101111101111111011011101110111110111
11101111101111101011011111001011100111111110110101
10111111101111111101011101111110110100111111010111
01101111111111001010111111110111111011111100111101
11111111111111111101111111001101111111111111100111
00111111011100111110010111101111011111110011111011
11011111111111011101111100111011101101110010110111
11100111011111111111101101111111111110111111010100
00011111111111001111111111110101111110111111111111
01111111111111110110011111100011110111101111101110
10111100111010110111111111111011111101011100111110
01111101010110111101111111111111111111111101001111
10110001111110011011001111111010111001111101010111
11110111011100011011110111111110101011111101101110
39 110 17 11 7 0 0 2 