32
50
00000000000000001000000000000000000011100010010001
10000000000100000000001000010001000000100000001000
00000000000000001001000010000010010000010100000000
00010000000100100000000000100000000000000010001000
00010000000000000001100011000101000000010001000010
00001010001101000000010000000011010000010110000000
00011001100001001010110111000100100010100000001110
01001000010000000000000000001000011000110001000000
00100001100000000000000100010000000000010001000000
01000000101010000000011000000000000010000000000101
00010001000000100100000000100000000000100010000001
00000001000000000011000000000000000010100100000000
00011000100000010110001100000100010000000100000010
00100000000100000100000010100100100100000000000010
00001001000000001000101010000000000100110011010000
01110010000001100000010010010000000110000000000000
00000001000000110001000010001110111100000000000001
00000010001000000000000001000000001010000000010100
10000100000000000000000010100100101000001000100100
01000000000100010000100000010000000000001000000000
00100010000000000000000001010001000001000101101000
01101000001100010110100100010100101000001010000000
00000000101000000000011000100010000000100000010001
00000010010000000000000000000001100010000000001000
00100010100000000101100000000000001000010100000110
10000010000000000010000000000010001100000000000010
00000000010110000000001000000000000011000010010000
01000001001000000100000000010010000010000000000010
00000000000000000000100010000001011000101000010010
00101000100000000000100010010001000000100100000000
00000000000001110001001010000001000000000010000000
00101110000010010001001000001011000000001000010000
40 88 12 5 0 0 0 0 