50
36
111111111111100110101111111010110111
111111111011001110011101110110101110
000101101111111001111101011111111111
101111011111111111110011101111110111
111111111111111111111101111111100111
111111111111001111011110101101111111
001111111111111111011111011111111111
110101101011110011101110111111111111
111011111110111111111101101011011111
110111010001101111111101101110111111
111111111111011111011110111111111111
111111111111111111111111111101111101
111001111111011111011111111011100110
111111111101110110111110111111111111
111011110111111101111111111111111111
111111111111110011101111111010110111
111111111101111110001111111011011111
011011101101111111111111111011111100
111111100011011111101111011111111111
110011011101111010111011111110011111
111111111011111011100101110111011110
101101110011111111111111110111011111
111101011111111101111111011001011111
001101101110100111111111110111101110
111111110110011011000110101111111010
111111111001111111101011111111111111
100011011100110111010101000011101110
111111111111101111111111101111111111
011101011111111110011101111100111111
110011111101000101111111110011111111
110101111101011101111011111011111111
111111101111111111111111011111110111
111111011110110111111010110010110110
100101011110111101010111111111111111
111001011111111111011111001101111000
101011011100011100111011111110111111
111111111111011101111101111101111111
111110011101101111111111111111111100
101110101111101111111110110111111111
111011001111111111011101101111110110
110010111111110111101110111011111011
110111111111111110101111111011101101
011101101111101111101111111101111110
101010101111111111001101101001111100
101011101101001011110111111111111111
111011101011100110111111111011111110
001111111110101111010111111111101110
100111110101101110001011111111111111
110111101110111111011001011101111011
100010111101001111011111101111111111
69 203 35 18 5 2 0 4 