60
50
00101101101011100000001110111110110100101011110101
01110011000100110010111100111011101000110110110111
10001110111011000101101110110011100110011110010011
11101111110101100011101110110001110110011010000110
00111011010000110111100100100000101001011101100111
11010011101001111001011111010010101101110011000111
10011011110101001010111011010010111110101010001001
01111110111010111000101111110011111111011100011110
10110001101100111010011111101000000111001011000001
00110011101001010111010010100001010100011111000100
01111111011001001100110100101100111011011100101101
00111110100011111111101001101100110101111101011111
01111011110010011010001111110011011111011001101011
10001111000110001011101000000000100111110101111110
11101010111111010110001101100010001100101011110111
11101101100111110111111010111010110100011101101101
00011010111111010101110100101110111111011000110111
10100101111110000011111000010000100010010101001010
10011111100001011011101101111111111111111100101001
00110110001001010110101111101101011110110001111101
11001101000010111001010011110010111110010111111000
11101111110100110011001111011011001001110111101101
11110010101101010111011111111110110100111100110010
10110010111010010001110110010111111010101111100110
11111101110001111011111101100001110111001110010101
11001011000000011110110000110110010001101100101001
01101001010111010100001011011111101101000011111111
11010101101010111110011010101001010011111111010010
11001111111011111010001001110101011110001010011101
01100101011000010111110111111010110011011101111011
01101111100110101101111010011100101110100110111010
11110111111000001110110110110010100100010101000111
11011111000110111101111111100001111100011101100001
10100111000111011010100101011011100011111011010110
11010011100000100111111000101100100111100111110111
01011110011011010010111010101111111111000010111001
01110101110101111110011110101001111010010100111101
11100101010111100110111111000111001111011010110001
11011001111010111110110010111111110111100101001101
11101111000111000100110101111101001111100110101010
10111001110110100011110111101111101011011110010000
01101101110101110101101010111001101100111010001110
01101110110010100111101111101011100111010101110101
01110100010110100000100010000101111010111100111110
00000001010010001010100100011110010110001101010111
00111111010100010101010010000111101111110111011111
11000101001100010001011110100011100101001111000111
01010011111011011110101110111101011101101101111110
10110111100111111110100111100110010110010000111100
11011111111011101001100101001100101111010101011001
00001011010110001101011110110110111111110110101010
01100011110010110101101111111100101101001111011101
11110010111111111011101110010000110011111001110100
11100101111111110111110111001011110010000011101111
10101100111100011101001011100110110111111111101011
10111111101011101111011101111011111111001010000111
11101010101111111101111100000001111110110001000110
01110110011101110000110110010101000111111100000111
01100100101001000111110110100110001010001011111100
10111011111011111000111110001011011101111110000101
142 454 70 37 13 10 0 11 