32
50
00000110100100001011101101100010111000000001010010
10110101010011100001001110001101001011001110001001
10111001011010100110101100000000100010110010000010
00000110001101001101001001111010000110100111001001
10100010011010000001001010000000110001111100011011
10010111011100110101010000100000001011000000101101
00111111000111011011000010101001001000100101010001
01011111100000000011000010101100001101111101100010
00111001011001000001111010111010100101100001000100
11101000001010011100001001000101001100000000011000
01100011101101010110101001000010010010011001011001
01000111010101101010000001010010110001100011000011
10000100001101000100011001100101001100100000000111
00110011000111011010100100010111001101000111001101
10101110000000000001011110100000101001001011101110
00101010111101000011000011010000100110101100101100
00001010110110010000011011010100000000100001100111
11100000010011000010010000100000010001110000011101
00100011001001000111000100010011001110000000000011
11111010011101010011101000000111000110000110011111
11000000001111001000010001110100110000011101010011
10100001010001000100000100000001001100100111101100
01000000110001000110000010011101010001000000110011
11010010010001011000011000100011000010010001010010
01000000110000001100011001100000010100011101110100
00101010101001011011110010101010010100000011000101
00011100010011101001010000010100010111101001110000
10010100010100010001111001000011101000000001111110
00100010110110001010100101010010000010111000000001
11000001011100011010000100101000001010010000011000
10101101001000100011011101001100011100000010000110
11010001011001111000000010100101110001110000101100
54 157 29 16 8 5 0 0 