32
50
11011111011111110111111100100111101111111001111001
11110111111111111110111111001110111111110111111111
01111011111110111011111111101111111111111111101111
11111111111101111110111111011111001111111110111011
01111110111111101011110101111111011111111110101101
11111111111101111111111111111111001111111111111010
00111111001101111101111111010111111010111001100111
10011101010110101111101011011011101101010101111101
01111111100101111101100111101101111111001111011111
11110111111011111111111111111111101010110111111011
00011111101111111111110111111110110111011111111110
11111111111111010111111111011110111111111111101111
11111111011111111111111110111101111110111111010111
11111111111111001111111000101111010011101010110111
10101101101111111110100111101111110111001100111110
11111110110111111101011111011111011011110111110111
11111011111110111111111100111011110110111011111011
11001111100111111111111110011101110100000111111111
10000111111111100111111111111011111101110111111111
11111001001111111111100101110111111011110101111110
11001111111011111111011111111111011001111111111101
10001111011101011110111111011101111010111110111111
11111111111101011101101111101111111111111111101011
11110011011010111111111111110011111010111111110111
11111111111101111111111010111111111110111110111111
01100001111111111011111111110110111101111111101101
10111111111101011110111110111111011111111010111111
10111011011101111111001111111100111110111011111011
11111111111011110111110101111111011111101111111101
11111111101011111111111111100101100111111000111110
01010001110111101111110111111111110000110101111111
11111110111111111111111111111111111111111111111101
62 178 22 16 6 0 0 9 