34
50
01100110101110000001100011111010001011111001100111
01101110110110011101011100001000101010100110001001
01101110010001011101101011100110101111001011110110
00010111010000110111110110000101110011011010101100
11010100111111011111110101011100101001010001011100
11111111011111110011100100111000111111110111011110
10111010101100111011101111011111110101001011111100
00100011110101001111110011011110101001010010110111
00111001010111100110000011110001110110011110010111
01101110101001011101110011101010011000111001011001
00111111011011100101100111100111101111100110111010
10101011110000111101000111111101011111010110001101
10100110110011101011111010110111111110101111100110
11000111111110101110101001001001110111111101111010
11101111111110101010111110100111000111111101010001
11101111100111001010111010101001101110011111111100
10100111001110100110001011101011001001101110110111
00101011111010111100111101110101011101110001100111
00011111000111110001011011110101000010101110011100
11111101101001010011010111011010000001111011001100
10101101000011110011001111010111101011101110101110
10011110001111111000100101010011100110011011011111
11100111001001010111100111011101101000101001101110
10101110000100011111101111001100001010011100100001
00011011110100101111111001000101011110101110101110
00011111011101010011111000111000001100110101000010
11011000010101111010111000000111011110001100110111
11101110101111011101100101100101110111111101101001
10010100110111110101110101001011110101011000111111
01011011011111101100001110010110111111000111110111
11111000011100101001011011101111110111101111111100
00010101101110010001111011101101101111110101111111
10101101100010100010000110010011101001010001010111
10010011001011000000010100111011111000011100110110
42 150 18 10 6 6 0 1 