34
50
00100010000000100000011001001000000110100000101101
00000110100010101010001100011111111101101111110001
00000011101000000000010111000000100100010100101111
11001000001001110001001000010101001001111101111010
00001001000011011101010100100100010100010111011001
00011011001000010100001001001001110100001010000100
00001010000101100000011000100001000100100110001001
11100011110111101000101111000010100000010000001010
11011000010101010101000001011111010011010011001001
00000110100010010111010110000101100011100001011100
01100001010110101101001111000011001001000010101011
11010010010010011110100000101000011011011000101011
01000110111001000111010001010011111110000000101111
01110111100001101101110110011001100100010100000001
11110000001000110000010010011100110000110001110100
00001000011010000101111111001001011001011001000011
01010111000000101000110100110000100100110001111001
00110000001111111110011110100000101010001000100000
10001111010110110110001000000100010110101011100100
10000011010011101101000101101100000111111111000000
10000100011100000100000000100011110000010000000000
00000001011111100010110110010100100001110100010100
00100000000010101001011010011000111000000101100010
00100000010000000010101100000000000010100001001010
11011010001001001001000000101010011000101101000000
01110101111000100001001010000010111010001010100101
11000110001001100011001001101100011000010110101101
01100111101001001000010100110000001000101001011000
00111111000100001100000101100110000000000001011100
11100001100010000000100111001110010011000001010001
10001011011001111110010100100100001000000110010001
10010010001110010010000100000010001100001101100100
00000010000000111100100101111001101011010000000010
10100011000100000000101001000101001010000000111010
25 108 9 10 2 0 0 3 