32
50
11111111101001000111111111011010111101111011111111
11111111110111111111111111111110110101110110010111
11111010110101110111011111011111001111111111111111
00111111110111111111110111111111111111111011111111
11110111111011011111101111111111010101111010010111
11110101010001110101011111111111011110111101101001
00000111011111111111010110101111111110111011111111
11111111111111011101101111110110111111011110110110
00011111111111111110111111111011111111110111110111
11011110111101110111111101111100111111110011111111
11100111111010101101011111111001111001100011111011
11111110001111111111100111001111111111011111011011
10111111101011111111111101111101101011111111111011
11111111111101111111000101000110111111110110111001
01111111101101101100111100111110101110111011111111
11111111111111111111100011111111111111111111111111
11001110111111011101110111111111101011111101111011
11111110111010110111111110110110111111111111110011
01011011000010111111111111111111111111111010111100
11110111111111010111100111111101011111100011110110
11101011111010111011011100111011110110101111011111
11111101111111010111011111101111100111111111010010
11111111110111111111011110101011111000111110101011
01111111111011010111110111110111111111111111111111
11111111111111101111011111111101111110111111011111
01101111011001111111111011111111111111111111110110
01111011111110111111110110111100001111110111111111
01100011111101011111111111011011011101110110111111
11111111111111111010111101110111111101111011111011
01111111111111011111110001111111011110111110111110
11111111110110100011101110110111101111111111110111
11111110101111110111111011111111111111111101111100
54 176 18 13 5 9 0 7 