50
40
1001001000010010000100100000001100000000
0001110010010000000000000100000100000001
1000001000001100010001010000101000000000
0010000100111000000000000001010000001100
0000100110000101000000000000000010000000
0000000000100100000101000000010100011101
0000010001000010000010010011000000000010
0000000001000000000001100011000001000000
1001100011000010010100000100010010010000
0001000000000000001000000000100000010010
1111000001000000000000000000000000101100
0000000000101000001000000001000000010000
0010001000000000001000001000000001001000
0000011100000000111000100100011001000010
1000101110110101110000000000010000010010
0001010000000110000100010000000110000000
1010101110000000010010000000011000010000
0010000010100000000000000000010010000010
0110001000000100000000001000000110000001
0101100010001001000000100000000000000000
0000010000000000000000000100000010000000
0000010010000000000000000010101000001000
1010001000000110000000100101000100011100
0001001100000000000000100000000100000000
0000000000000000100011011110000000100000
0000010011000000000101000000000101010000
1100100001000000001100100000000000001110
0000010000001100111001000000001010000100
0000000011000100000111010000000000000010
0010100101000001010001000001000100000100
0100000010001000000010000100010110001100
0000001000000000000000101000010000000000
0010000011010000000100000010100000001000
0011100000101000100010000001000000010010
0100011000100000000010000000101010000110
0000000010000000001000010001000010000001
0000000000000000000001000000000000000110
0000000000000001001000000000100010110010
1000000000000000000000011000000100101110
0000001011110000000110110010010000011000
0000010010000010000000000001010001100000
0000000000000110001000000001000010000010
0000000001101101001000100100001000100100
0000010000000001001000100000000000001000
0010010000000010000000000000001011000000
0000000000010010000000000000000000000001
0100001110000000010100001100000001010000
1111000000001110000000001010000001000011
0001000100000000011000000010100000110100
0000000000000000001100001000110100100000
16 64 11 6 0 0 0 0 