50
40
1111001011110101111111011001111111010101
1011101100111111111001100111011100001010
0100011101110010011110101010110110111101
1111001000000010101110010000111100011011
0111111111111110100111011010111011010000
1101010001110001101011111101111000111010
1101011010000101101100101000111110011011
1001010010000010010100000011111101110100
1111111011101010100100101001101111111000
1110010011001010100001101110000001110010
0100000001101010011010101100001110011101
1100111111111101100000101011100011110100
0111000011111111001010101011110011110111
1101001111111001011110000110100101011000
1101110000011101110001111011101011011101
0101100001011111010001101111110110101111
0010111011010110001111011100101100111111
0000110101000011010000101111100010110011
0011001101111000111110111110011101011100
0100111111110011010011100100010101011110
1001011001001110110000111111001101111100
0011011011010101010101001100000000110110
1011000011110101100011011011110101101011
1000110111100001000101101101100101110110
0001010110110000111100110101111110101010
0101111011111110110100011110010110100110
1111110110010000000110111111101001111101
0110100110111111001010111101011111001101
1000110011101101010011111010001010011100
1111111101010010011111011001110111011001
1110000011101000111101111111101100111101
0111011110001010100111111011101101011000
1100111011111011010110101011111111000111
0111111001110010000000100101101100101010
1110001101000001001101101111101101111010
1110111011100101000000101111011100011001
0101111100100100110011010111100110111011
1101101110101101001110101111100101110011
1101101111111111100110000111111010011011
0111111010101110100010101101011100101110
0110100001011100011110100100011100100110
1111011101100001110100010010011001101111
0110011011101100100001000101100110001110
1110111111100101010101100111110101001001
1010100101000100111110110111111010010101
0100011110101101111111111001011110101111
1110100110110001011111110101000111111100
0100110011011111111100111111111011001111
1010100101111101001100001010110011011110
1111011000011101001101101000111111101011
29 100 13 12 3 1 0 2 