60
50
11101111000010011100111011011111111010011011111011
00000111101011111001110011000100001010000110101110
01110110111011111101100001111111111101110100001111
10000101001100100111000111011000101111010111111011
11110001000101101111111011011000011111010111111101
00010111111011011101101111101100001111110101100011
11111110110000110110000001100111111011010110111111
01001101111100111100001011110111110010100111101111
11110101011000011100111101111011010010111101011110
11111001101101111001011010101110111010110101101111
10110011111101111110011111111110100100100110101100
00110111011110101101100110011010011100011110110001
11101111100101111001101100011010101101101001110110
01101111111011100101110010111111001111111111110110
11111111101010101111111101111100101111100001111111
01101010100001010100111000100011110000101101010110
11100110111110001111111011101001010001100010110011
11010110001010111110001101010101101011011000111110
01111011010111011111100010111111101100011010111111
10101011001011001110011101001001100010101010110011
10011110111110111111111111110001110010001111101011
11100010010101111101111110111110011101001011000101
10111001001101011010101111111100110101111101110011
11110110101010110111000010011110101001000111001010
00100111110110111001110010011111110111011100011000
11101110111110101010011000111011001110011011111110
11111011111010011101010100110110111111100110110011
01111011101110101101100111011001101111011010110111
10110001100111001111110110111001111010101111111111
10100011110000111100011111101000001101010110001011
01000100110111100101010011110010000001110111111000
11110111101111111110111000110001101101001111111110
01000001111111111111011101011110101101101111001100
10001101010110100010111100110100111111001111011111
11011011100111010111011100110111100110000100101110
11111010101110110101111111101100101111101100000111
11101101111001100000001110011101000000010110110111
01010010111000101111110011110111111111101110111110
00100111110100001111100111011101100100011001111010
00110110101101110011100110011100111101010111101110
01110110110011111001111010001110010011011110110000
11001111001110101101111100110001110110111010001110
00000011101011010011001100010111110111110111110101
00110110010101110110111111101100110011101111001111
01110110111111111100011110111000001111100011111111
11110111110000110111100110110101011111101100010100
11110010110011111010101010110111101011001110101100
10100101011011001111001001010101101111010111000110
01101111010001110011010111111111011101111111110001
01011010110101011001010100111110010011111100101110
11111111001000011110101110101110101101001111001111
11101001001100111101101010100100011101111111100011
00101100010100100100011100100011101000111100110010
01110101010110111001100111011000011100110101110110
01011011011001000011100101111100001010111000101111
10001100000011100110011111011101101011001110111010
11010011111010000111110010100111011101111011100011
00111100111011011011111011001110110101000101110011
00100001011110001101101101111010101100110111011011
11010110111101100010110111011100101001101010010111
103 373 63 28 6 4 0 12 