50
38
10100011110101111100001001001001011000
00000010000101010000011000000000011010
01000100000000010011100010101100100000
10000110011111000100100100110101111001
00001000000101011000011001000100011000
10000101010001000001010000011100000001
10011001110001101000010100001001101011
11001000010101011010000000010011000000
10010001000100110101001110000100010110
00000100101010100000100011111000110000
10000010001100010000000000110000001000
00110101010100011011101000000101100001
01001000000100100010011110001000110110
11010111111101010111101000010011011101
00001001010000110100111000001001010001
10001000110101011011001010100010010001
11000111001000100100010001101100101000
01101101001000000000000010010011100001
00000000001000000010010010101101000010
00001101001010110000100001010110000000
00100111010011010110010101101010010011
11011100100101000000000010100000010110
11001101101000101100101101010101100101
01010010011011010101001100100110100110
11010000100000010000001000000100100000
10010111010001110010101000101100000001
01010001101010000010000110110010000111
01101001101110001111001101101101110011
10100001000101001000100101010011000001
10010000010111111000000001101101000110
11000101110011000010000110111000110000
00000000001010001000000000010001000111
11100001000101010110100110101001100010
01000010000110011001100001100010000100
10000111010100000110001000000001110001
10110011010111000011100010100010010000
01111100110111000100011001001111000010
01110001010100110000010011110010010110
00110001000100101000100101101000101011
11110010000100010000101001100000001101
10000000101001111000111001101111001100
10010110001000101111000000100001011011
00000101101100000110111010111101000010
00101000010010000000101101010010100010
00110110000100000100100100000000100010
00010100111101100011011010000011110100
00100110101010000011010100011101010100
10001011000110101010110100101110011100
00100101010011100001011100001001101110
00001000100110000101010111101000000010
34 120 15 10 1 1 0 0 