50
50
11111011111111011111110110111111101111110001110111
10101110011110111111101010111111111010110111011111
11110111111111101111011111111110111101101100111111
11111011111011111111110101111100111011111100101111
11001110111111100111111110111110110100011011111011
11110111111111101111111111111111101100111100111111
11111111101011111111111111111100110101011101100101
11111011101111110110111110101110111111010111111111
11111111111111110011011111111101101111111111011111
11110111110111111010011101111111111111010011111011
01110110110111101111111111111001110101100011111111
10110111011111101011110111010111111011111111110111
01111010111110110011111011111110111111100110011111
10100011111011110011111011111111011111111111101100
11110111011111101010110101111110101100111111111010
11110001111111111011111110110101111111111110110111
01111100111111100010111011011101011101111111111011
11110001110110111110111111111110111101011100110111
11110011111111111111111110110111111111000100111011
10111111010011111110111010101111111101010101111011
11111111011010110111111111000101111110110110011111
11011110111111011111101011011010111101111111111011
11111111111111110111101101010101111111111101111111
11011111011111110111111111101011100011111111111101
00001001101111111101111111111111111101111011111111
10011111101111101101110111111110111111100110111010
11001011110001111111010111000001101010111111101111
10110101111010011001101111011111111011111011111110
11101111111001111011111011110110101101011110001111
11111101111111001011110011101111011111100110011101
01111110011101001111101111111111111011110111100111
01100100011011101111111111111101101011011001111101
01111101111110010011011110111111111111111111011111
11111011111100110011111111111111100111101000110110
01111101110111111111110111110010011111111011101011
10110010111111011011101001111111111111111111111101
11111110111011111111111111111111101111100111100101
11111111110111111111111111111111111100111111100110
11111111111111110110101011111111101100111111110111
11111111101111111110101110110011111111111011111111
11101111110111111111111001111101101111101011011111
11111111001111110011111010101110011111111101011101
00111100111111111001111001110011111010101111111111
11110110111011101101111111111011001111011101100011
11011011111101111111101101111101111111110101100101
00111110111111011111011111110110110111111111111100
11101101111111111101110101011011111110111111111101
11111111111101111100101111110011111111011111110110
11111111110001010110111111111110011111111100100111
01111111101111111111111101011111101111111111111111
51 145 32 17 5 5 0 4 