20
40
0100010000000100010101010110001111110111
1000000001100001111110100011000101110110
0100011010001000000111110001010100110000
0000001110000001101001000000110001000010
0000000100010100000100110000010010000010
1011111001011010000110010110010000110110
0001110100000100111100100000010101110010
1100100010110010010001001010011010100001
0100001010011011100100011111001000111010
1111001110001000100001001011001001100001
1110011000110010001000111100010000010001
0110100010000010000011011000110000101111
0100111000111011000001100110010011110110
0101001101110011000000011001101110101010
0001010100111010110111010110000010000111
1110010000000101000001111010100011101010
0110010001010010000101111010101001011001
0110100000101010011010011100010111100100
0100001101011100001001010111000111011010
0101010100000111011111001010011100001100
5 31 5 2 0 2 0 0 