60
50
00010001000011100010110000100000000000000000100001
11000000000010000100000010000011000000001011001110
01110000000000000001000000010001000000000000000000
01000000010001101000010000110010001001011000001000
00000000000000001100000001000000000001000001101000
00000100010000000000100000001100000000100000111000
00101000111000010000110001000001000010000100000001
00000000000001000000000000010000000100000001010010
00000000000000000000000000000000100001001100000000
00100000000000000001000000000000101000001001000000
10100010000100100001000000000000000000000000000100
00010000001101100000010100010000000001000100100000
10000000100110010000010000000100000000000000010000
10110000000001000011000000001010000010110000100101
00000010100000000000100000000001001100001000100010
00110001000000010010000001001000000001001000100010
00000000000001000001010000000100000001001010010100
01000110001010000000000100011100100000000000001010
00101100010100000000000000001100000000110000100000
10000000100000100000000000010000000000100100000100
00000110001100000000000011100000000000010001010001
00000010100001000100000000101000111001000000010001
00000000000010010000000100001111000000000010000010
00011001000000100000010000100010000000000000010000
00000001001000000000000010001000010001000010000000
00001000001001010000000000000010001010010000011001
10000000000001100100100000010000000000001010001000
00011011010100000001100011001101001001000011000000
01000010000000010000001000100000100000100011000000
10000000000000000000010000010100010000011001010110
10001000100011010100100001000001010001000000000000
01000001000100011101100000100011000000000000010000
10001101101000000010010001010000001000000000010100
00100000000000100000000100000100101100000000001100
00010100000001001010000000100110010000000000001000
00000000101100010000000011001000001001000000001000
01100000000000000001000100010000000101000000000000
00000000010000100000110000000000000011100100000011
00001001010001010000000010000011010000010010000100
10000000110000000001010000000000001001000001000100
01000001011010001100000011010000110001000100000000
00001001000100011000000100000000000000011000101100
00000100000010100001001001100010000000001000000010
00000001001001000011000001000001001001000001000100
00011001101000001010000100010110000001000100001101
00000000000000000010000000100000010010001010010000
00011000101000001101000000010000000011000101000000
00001101000000000111100000010000000000001100000000
00001000001000000010000000000000000010000001100100
00000010001100000010000000000000000000000000100000
01100000010000010000010000000010000010000000101000
10001010011000010010100010010010010000100100000000
00010000001000000011100000011100001000001011100001
11100010010011000010100001100000100000000000000001
01100010010000000100010000010001001000001010000000
00000000011010010000000001000010100000000000010010
11000000100000000000000010001110010101000000000111
01000000000100110000000010011000000101001000101010
00100000010000010000000010000010010001001010000000
00000000000000000110000000000010000001000010000001
15 55 14 4 0 0 0 0 