32
50
10001111111111100111110100101111111100101111101001
11111011101111011101101101101000101111101001110110
11111110101100000010110010110011101010000011011001
11111011101001100011010111001111111111111110100100
11101000110111000110010101101101000110111100110111
00101011111001111110101001111011111110010100010011
10001001011110011101011010100011101000111110100011
10111101011101010011100111111111011111110101111001
01100110010101011010101101111011010101010111110011
00011011001110111001011011110010011010110001101011
01000001001101100101110100110111101111110110001011
10111000011101000110101100101010110110101011010010
01111001110110000000011010111010001001010111101001
11101101000011110001000011011110011110100011111000
11111100110000010111001100001001100010110110101011
10110111010100111011001010110011110010011111010111
00101000110011011111000110101010111001111100000101
11111011001110100011010101111111011101100110001001
01110011010011001110010101111010110101111011011011
10011010010001011111100110101101010010001100100110
11111110111111111001010001011100111000100011111010
11101100011011111111101010101101110111101010101100
10101101001101111000101100110100010111101001110111
11111111111010111101111111010110100101011100110011
10001010101110100011011101101011010101010000111101
10101100001101111011110001000000010100001010001001
11011101001111100100100000001010101000111011111011
01100011111001001010011001100011101110101100001001
00101011010110001010000011000001111111100111011110
11111011110001111000010110010100110010100011101111
10110111010111000001111001000110001101100001110001
11011001111011011101111111110001101001111001011110
74 225 35 18 8 3 0 10 