50
50
00010000000000000010000000000000001000110000010000
00101000000100010000000100100000100001100001000001
00000000000000010000000001100100000000000100000010
00000100100001010110000000000000010000000000001011
00000100000000000010000000100100110100000000100010
00000000000001011100000000000001010010000001001100
00000011000000110000000000000000000100000001100010
00000000000000000001001010000000000010001000000000
10000001010000011000000000000110000101001001001000
00001000000010000000000000001000000010010101000100
01101000000100000000000110000000000100010001010000
00010000101100100000010000000000010000101000000010
00000000010000000000100001010000100000010001100000
00010100000000001100010000001001000011000101100100
00000100000001101100000100101000000000001001000001
10100011000000000000010000001000000000001000001000
01010010100000000000000000011000010000001000001000
00000001111000010000000000100100000000000110011010
00000001000010001000000001010000000100001100001000
01101010011000001000000010100010100000000000110001
11110000000100100100010000001000100000000100100010
01100000010000100000000000100000000110000100011110
00001000000110000001000010110000000010000100001000
01000010001000001000000000000000000001001000100001
00000000000000001000000001000000110010100000001000
00000110000100010000000010100000100001010001000000
01000011110000000000101100100000010100000000000000
01000011001000000010100000001010000001100000000000
00000000111000011000010100000000000001011000100100
00000110100000000001001100000010000001000001111000
00111100100000000001001001000000000001100001000000
00010000011000000000000000000100100000001100000100
01000100010000000000000000000000110000011000011001
11011000000000001000010010000000100000110000000000
00000000001001001100000000000000000010000001000000
00000100001110000100010000011000000000011100100000
00010000100000000110010000010000000000001000100001
10100100000000100100001000000001000011000000000000
00000000000000100000000010100000000000000001000010
10000000001110000010000000010000000001100001000010
01000010100001100010000000001000000001010010100000
00100000000101000001000010000100000000000000001001
11000000000000000001010000001001000100010010000001
01010000010010000000100000001000001001000000110000
00011000010000000001000000000001000100100000000010
00000000010000001000101010000001000100000010110000
00011101000000100000010100000010000101000010000001
00000001110010000100000000000101000000000100001000
00000000011000001100000000000101000001000100001001
00000001000001110111110000100100000000000000000100
32 96 18 9 5 0 0 0 