50
50
01011110111100011111111101000011000100001111111101
00111001010001101011001111101111101001011101111110
00100101000101111101011101010010110011010010011011
10100100111110000010110110001110101100111101100110
01111111110110111110110000011001101110001001101011
11011000001010011101101111010101011011111110101111
01101000001111110101011110110110010110011001111101
11000111110110010011011001010111011111001011001101
11110010111111100101100101110011111101100010110111
01010111100111111111111011001111101010011101110111
10111000101110011101111111010110101101111100010010
11101001100101000000010001001110110010011010011010
01110101001010011000011101111101111011110101001110
01100111110111001110100001010110011011110011000111
10011011101110010101100101011110111000101010101110
11011001111011011001011011100101100011100101111110
11001110011111011110101101011111101101111111101011
01111100000101111001111000010111111111111111011011
00111010110100100110011110100101101000001011111111
10001111010111010011111011011100110111111001111111
10111011000010111111011101111101111011110100101011
11001101000110111111011111111101110111101100111000
10111110110111110010110101011011110000000011001011
01110100101110111110011101110111110010000010101110
10100001010111110110111011010101011001001101111101
11011011111111000010011111100110010101000000011101
01111111101100110100111101110111110011110011111111
01100110110110010001111111101110101111101111011110
00101101110111101111111010000110101011111001101111
10110001101111011001101110111101100011001111110111
11010111111010101010111111010100111111000101100110
10101111110000011100010111001001010101101110001100
11000010011110111111001101011100101001110111101010
01110110001100001001011010110111100000010101001111
11110011111110101101000110101111000000111010110110
11011010101101110011111111011111011110101110000110
11101000101110101111101101101111110111101111001101
11110011011011011011110100010011000011111100000011
00111111111001101111100110011111010111111000001111
10111111011000101011110111111010100101011101101111
00100111101011100000111110100101011100111011111100
01101101010110010110010110110111100110100100011001
11101101110001010100110101001100011101011111001100
01001111111110110100110101111011000011101110000011
00110000110111001001111010100111010110110000111001
10000101000001000111010011101100101110001011111111
11101000010010111100011011110001111000000010000010
10111100101001001011111111001000110000011010010010
01101001011101000011111110110100110011111101101101
01001110110011010111100010000011101000111111100111
90 281 51 25 8 6 0 10 