55
50
01110001101000111111110111100110010111101111101010
11101000111011011001100100111111111000111110010101
11110100110011100111010100111100011010011010111110
00011100011011010111110100110011111101101101010100
11111100011001000010000100111111110111001101101110
10111111010100111110111110101110001011110100111001
01101111011100101010111101111101001111110111001000
00100000100110011111110111010011111011011101001001
01100100111111110111000001101001111110001001010101
01000110011101100010010101101010010111010001110110
11111011111011100100110001111100001111111011110110
11111110110111011001010111011100101000110100111111
11001110000111100100111101010001000101111010110110
11111000111110000011000111011011111100010111100010
10101010111100010101101110100010011000000000101101
01100010110101110001110100001110011001001110111110
10111101000000010101011101100011000001110000100011
00100110110110100111010011110110000100101011000101
00100111011100110111011110001010000011010010100111
11101001101111101001000110011100111110101010111101
11111000111010100001101100010010100111111110001010
11001010100110001001100001001111101111111101011101
10101010111001000100000110010100111100011100000101
00100110111011101100010010010101111001111100111111
01011111101100011011011111111111010111111011001011
11111100111011001000001111111111110001111101010101
01101101010011011100101011111100111111000011000011
10101111111111011011010110011010100111001101010011
01100011111100001101011110111001101111101100010001
01111111111011011001101111111000111001101101011100
10111111111011000100110101111110110111011000001000
01010010111010111101011010110011101001000111101001
01100111011110011100101000000110111110111111011011
11011101010101001101101110111011001101111010110110
10101100111010111001001101010100100111011110101100
10100011011110000101111001110101101110110101010111
01111001110111111001101111001111110011110011011101
00010011100011101111101001010101010010110111010011
00101000110111111111111101100111010111111110100111
00111110100101000100010010100101010101111101011101
10110101110110000111100100111101010111011101011111
01011010101011100110010101011110110111011011101101
01100010111000011110011010010110100010000000010111
10101100001011010111101101110111111111100110001011
00111111110011011101011101111011110010111011010001
11111000110101110101111110010000110111110111110110
00100010010111100001010011111010111110111011110000
10101011000101101110101000100001111101101000110110
11100101010111011000000111011100010111001011000111
00111110110101110100000111100110101011110111110110
00001110100100111110010011110011111001111101100011
11101010000111111010010101010001010011111110111110
01100111110001111001111100001110001010011100001011
11001101101011010010101010110101010011010101110101
10100111110101010110111010010111010100110110111110
74 215 34 20 14 2 0 5 