60
50
10011111110111101001011110110100011111110101011111
11111111111110101110110101111111011111111111111111
11111101110111101111111111111101101111111101011111
11110000101110111111010011111111010111111010111110
11111111101111010011101111011101111111110010101110
11111111110011111110011101111111111111111110001101
10111111111111011111111111111111011010110111111011
11011111111100110111101101100100110111011011101111
11111111111111011110110010111110111111011111100011
11111111101111111111110111101111111110001110111111
11010111110111111110001001110111111111111111111110
11111111110001111111111101111111001111111011011011
11111111110111111101111111111111111010101111111011
11101111111111110111111110111011011010111111111110
11110111111001111110110111110111111011110111111111
01101110111011111111111110111111110111111110111111
11111011011111111111111011110111111011010111111111
01111111111011101110001010011111101111111101111110
11001111111111111110100101101110111011111111011111
11111111101111110111111111111101011011011110111101
10100111111111111011111111011100111111111001111011
11111011111111111111110010111111111110110110101011
11110100111010111001110111011110111011111111111111
10111111111111110111111111101111001111101011111111
11111101111111001111111110101101011111100101111011
11101111011010111011110111111111011111110010111111
11010111101010110100111110111110111111111110111111
10111101111111101111111011111111111111111010111111
11111111111101011111111111111011111110111111111011
11111111111111111111111111101111011101111111111011
11011011111111011111011111111011101011111101011111
10100111011011111101111111111111011101011111111011
11111111011111111110111001111111011111111110111101
11111111101110111111110011011111110110111111100111
11111110111111101111111101111101110001110001101000
10101111101111101011101100111111101111011101110101
00111110101000011111111110111101011000111111111011
11111111011101111111100111111101111110101101111000
10100111111011111111111101101110111111111111100111
11111011111101111110101011011011111111101111110111
10001110111011111011111100111011111111110111111101
11111011001111110001100111101101101111111101111110
11111011101111100111101101111111111110110111101111
01111111111111100111111111011011111111111100111111
01111111111101111111010111111111011111111111101011
01111111111110111101101011101111011010111101111101
11111111111111111011101111011111111111111111111111
10111100111111111111100111110111111111010100010111
11111101110110110111111011111111110111101111011110
11101111111111010111111111111110111111111100111101
11111111111101111101011101110101011111111110111111
11011110111110111110111100111111011111101101101111
01111101111101111011111101101010111111110111111101
11100111010111100110011011111110110111111011011101
10000001111110101101111111111011111110111111111101
01111111111111110111111111111011111101111010110111
01101001100111111010011111101101111101011111111111
11111010111111101111111110111111111101111101111110
11010111100110111111111111111111000110011111110100
10100011001101010011110111111111111111101111111111
157 468 67 39 19 6 0 15 