20
40
0110010110110101010011000000000000100100
0001010000100000010001000001111111000010
0111000101010100010010110110001000111111
0110001010000111011011001110101010101100
0110010011101011011101001111101000001010
1010011011010110000010110000101101000111
1111000000000100010110001000111111100011
1011010011101001000010000010111001001000
1011100101010000100010010010110111000000
1101110111110101011010000110110101110011
1100001001101010011001001100001011001000
0010000001101100000100101010010111001000
1101000000110100010110010111000001011010
1100100110010001100011110001111100101100
0000111111011010001100010001011011111110
0010011001101011001100101010011101100001
0011001011010101000100010000101010110110
1010011001011111100110001110001010100100
0010100000011110011000110000101101101000
1011100001111001111101110000100010010001
17 79 13 1 5 2 0 0 