50
36
010100100101010010011001111001001010
110101001011101010101000111011101100
100101000000010000011000010101001001
100001110100100011001010101001010000
010101010010110011011110011111100000
001100110000010101001101111001000010
010000011101100100110000110000100100
110010011000010110000110000111000010
001010000010111111010110110011010001
110000110100100111101100011111011001
010001101000101110100011110010001010
010110110000010100000000110001101101
010010001000001111100010011101000001
001011001000001000001100110000010110
101011000001000010000000101010010101
100010010000011011100010010010000011
110010010000011001000100100010110010
101001010010110000100100000100001010
000100110111111101110001010000111010
100001100000000101011001000000001100
000010101000100011100100100011100100
101110010000000100000110110000010111
101000011101111101100101110001110001
011000010011101100000011001001000110
000001111000011100000011001010000010
001001101110110001001100001101000000
101001010001010101001000101010110010
101001110000010000100100000010010010
010100010111000010100100110000010100
011100011001000111001001010010001100
111100010000111100000100000011110111
010110000001010101100001110100110110
001101100110001000010110100110001101
100000001100101011100011110101110001
111000110011111101000000000111101010
110000100100000110101101110010101000
011001110111110110000101001100000000
101101100000011001000000100010111010
100011100001000000000100100010000011
010010100001001111100001000101000001
101110100000010010010100011010000011
011010000110011111101001001000000011
100000000001110110010011001000000001
010000100010000000001111010100100000
011101110001001101001001010011100000
011001001100000010100011001100111100
011010101011011111101111101100001011
001100011100000110010001000001001000
011000010000011100100010110011000100
100011100001101000000110001101010100
57 137 23 15 7 3 0 0 