50
45
111001111110110110111101111111110111001010011
111010001001110001101111110101111010101101011
011111000110110000011111010011011110000011101
100101011110101111111011100111000001100110100
101000111011110101000110110000110101111101111
010101111001111010111101100111101111111111011
110111001011001101100000001101001111101111010
110110100001010001110011001010000111100110011
110111110000100001011110010100101010111100011
011111001100011111011011101101111111111010000
101100101101110110111110110111111101101110001
111110110110001101010011101110011111111110111
011101101011110100110110010101101111101011110
000011110011011110100001011100111010111011010
111100111011010101111110001110110000001100101
111111111100111110101000101101111111001111010
011011011111010101100111010010100010100111000
111110011010000011101010101111100011010111110
011011101111000010001110111001100110110011001
110100101111011111010011111101111001110010111
110101011010000010011010011101110111001110110
001001111111010101011011011001110010010011111
011001101110001110010111110010101111101011110
000111101010100101111110101110110111001111001
110101111111001011111111110110101010001010010
100110111111101111110100111110111111011110010
100100011010010111111111001101010101100001111
110011000101111101011001110011000101101110110
111110001001101011000011111101010010010001111
111011111000011111111000011101111110010101111
011101111111100100011000101011101101110001011
111011010001011000101001100011101111010110111
101111001011110001111111100101010111110110001
000011100110111110110101111100111001000100001
100011110011000111110110011001001111001110100
110110101100000110001100010011010010011111101
111111010111101110101110100010010010101001111
100110011010010011000110111100111101011110111
010001010110100001110101011011111110101111001
001100001111111100111111111101101101110110011
111110110010111101110111101000100111111010110
101111111011011101100010001000011010111110110
101110110001010110011010111111110101010001110
110100111111111000111011101101011000111111101
111010001101100010111010111010111001011001011
110100111011111110011111110101110100101111100
101101110101010111001101001101111100110111010
111100101110110110001110011000110001001100110
001011111111001101110111100110100001110110011
111111001111110010101101010011101111110110111
88 247 34 24 13 6 0 11 