60
50
10010001001001100001111101000000000101011000101011
01100001001000001100000001011110010101100110110010
01000000100011100000000001001000110110100100111001
11110100100001101001000001100101100010111101001000
10001010000010011001011010001000000000000000000000
01001010010001000001011100011011000000001010001010
01010100011001010011010111100011000011101001001100
00010000010010000110111110110000100000111001011111
10111001001011001110100100010000111101000010000011
00011010011010101000111000100000100000011000000000
01111001000011010100000010000100110000010100011110
00010000001110110000001011011011001011101010000110
10010000011100000100010100100010011101010000000000
00101110000110100101010001010111010101000001000000
10010100000101101111010011100011101101001010101001
01101000011100110100000001000010100011010001011000
01011000000001110000100001001010001100011110000010
10100001110001110000101110000010000001101000111010
01110010000011000001100000100110101100110000010000
00001001010101010010010010001101001111010110000010
01001001001001101001101110001011000000110000010110
01000000001000011100100110110101010000000010011110
00011010001000010010110001011110000000010001110010
10001010101000000110100100011010000100011010111100
00011100010110001000000010100110001010100011010100
01000000001010110100011001000111101101000100000011
00110011101000001110100000110110101001100010001100
10000001010011000011001101011100010100100110101001
01010000001001001010100000111100000001001111111011
00000110111110001111101000011110001011001100000010
00000111110000110000000111000000010010100010100010
10110001110001001000110100000000100000100000001001
00101110000100010000010011111101011010001000011110
10101000110101001010111000000100010111100010001011
01000100110100110010000010101010001110100000111011
01010100010010001000110111010100001100101101001011
00101001000011100101001100010001001010001001101110
11101010110001001110011001110000001110010100011100
01110100101100000000001000010110011101011000001000
00001010011101010111101111110001011001100000110011
00110000100110011010011100011100010010000011111100
00001001100101001001010101100001010111000110110000
00100100111000000000000000001010110100100011111111
10100100000011100111011111100100000000000000001111
01001011110011000001100000010100111011010000000010
00010010001101010001000110100110001011000100100001
00101110000001001110000111001100001011000000000000
00100010100110000000110001100110110101110100000011
11110010010000100001011001000010011010110101111000
00101011100011001001010010000000100010101010110001
00011011011001110100110011000000011010100101110000
01001110100110010001011000100100000000110010000000
00010111000000010100011011010101010000001010000000
10100100001110100110101110010011001100100111010000
11110111111001000001100000000111100011100011100010
11000101100010100001100011000010010101011110001000
00011001000010010010101100010010110111100100111010
10000000000010011000010101010100010000011000001101
01101011010001000101101000000110001111000100010111
00011010101110010110000101000011101001010011001010
92 264 55 19 13 7 0 12 