20
40
1101010111010011011010111011110110111011
0010001111101001011000100111011101110001
0011011000000011101101010011100011011110
0111000000101100111110101011011111110110
0100010100111011011110110011101011101001
1111101100001111111001011011010101111001
1101010011110100101111110101011101100011
0111101110111110011100011001111011100011
0111000111101101011010110011010111110101
0101010100111010010000101101111110011101
1111100011111001101101011111100101111110
0101111011010101111011100011111111100110
1100111011100010111011110001111001110000
0001011111101000111110101001110111100100
0001011110000011100111000110100101110001
0101010111101110110000011100110110000101
0011001101101111110101111000100101011111
1110111110110000101001110011010111001010
1101011110101101111111111111110110100101
0111010101001110010000110000111111110100
23 95 17 7 0 2 0 4 