32
50
11001000111001111111101010001001111111101110011101
01100010111011101001100011011111010110001001001110
11111111001010000111101111111001101010111010011011
10000110101101100101111111000111011100100001011100
11000111101111111101101101001001101110000010101101
01111110011101101001011010000110101110110011101100
00101001011010111111001011100001100110110010101010
11011011010101101101011011111101000010011011111101
00100011101110001110011111000001110110110101011001
01010011010010100101010101011101110111011000101111
11001110100110011111110000101000111111011110010111
11111101011010100111101110111010110011101000100001
00111010011011101001101011100111111110110111111011
11011010001101100101101111011001110111100001111010
11101001100101100110001101011110110101110011010111
00111111000111001101001101111100101101101101100101
11001101100110011001100111101010010010110111111110
11010111110110001011111000011110010001111110111011
10111010110000111111010011111110101101111110101010
01111101110111010110010001011110100101010001111111
01010111110101011000101001111011110101001100010101
11111111111011111110111100001110111101000011111111
11100111100010000111101100111010011111101111111001
01010000111001000011011000111000110110100010011110
10101101111110111110111011111010000111110101110100
10111101000011001111111100001110001000001111110101
11110001111101100101011110101011010101000011101100
01110011001111110011001011001011101011111001000000
11001011010001111111000001110100001111111000001101
00110100101110101111001011010010011110010110011101
10110100110110011111111110100011110010010001000001
01011101100000011101110101011101001110111011001001
65 180 32 15 2 6 0 5 