50
38
00001111001110000001001100110000010010
10101000001000010110000101110000100110
11110100011010111000100000001110001110
00000011111000100001010100000101011100
10010001010101100011001011110101000000
10010011100111110000001010001000000010
01001011110110001101101100100111010011
01110001000110110110100001011000111000
01011100100110001100111000100010001100
11100011111000000110111000001000111000
01010001001010001000101100111000100010
01100011101010110001101001110000110010
10001000000011010100010001000000001001
11010111010000011101000100001110001001
01000000001101000100011101100100110100
00001001011100000101001000100010010000
01110100000010001000000100001101010101
00100010100000010100011011101000110000
11100001011010010111000110111110000000
11000011100000100110110001000001111001
00110001110011110101010000111110000000
01000101011000100010111100110010000000
10010000000000000000000000000110000001
00100101000101000101001100100111110000
00010010000000110010000101101001100001
11100110001111110000100010000110101111
10001100110010100101001000101000100111
01000000101101100000011010101101000001
00001100001000000000011111011110000001
00011100001010001010110001000110100001
10111010000010001011011101101111011110
10000101110100101110111101001011010100
10110111001010100100100011000001001100
01001001000111100011010100010000100001
01000000001101010000100100101000000011
10100001101001000011101100000100000000
11010010000011100111010111000010000100
00111010100100001110010010010001010001
01101000110011001010111010011101101010
00101101110101100001001001100110101111
10001010101010001110001000100010011101
00100100010110011100101000100110110110
10001110000100010010000101000011100000
11001010111001010001001011010010001010
01100101010011001010111001100001011000
11000001011001100001001001010000111111
00001010100001100010111110001001000011
11101110100001000011010100110110101101
11000110110011011111101100100010000011
10001001011010010000000000111011101010
64 195 40 18 5 5 0 0 