60
50
01110110111011111101111001111101101111011101111111
11011111011111111111110001001110111111110110111111
00101111111100100011111101111111111011101101111111
10101100011111101111011110101111111111111110100111
11111001110110111101011110111011011100111101111110
01111011111110011101011001111111010111011101111110
10111111010111111110111101111111110111111101111111
10111110100010111011111111111100100011111101111001
10101111111111111100110111111110111111111111111111
10101110111101111111111011111111101101101111101111
10111111010111100110110010010011111110110111110101
01111111111011111101111111101011010111111111011111
11111110110111111011111111111111111110110111111101
11111100111010011110111111110111111111101111110011
11100011111001111111001111111011111111101111111101
01110111111011101001111111101111101011111111011110
11110111111101111011111000111111110011011100011100
11111111111111111111101101111101110111111111111111
01111111101111010101111111001110011111110011111101
11111111111001111111111001010111111101110111111101
11010111111111111010111110000011111100101101111011
11111010111100011111111111110111101101011101111111
10000110111010011111011111110111111111111111111111
11111111111111010000111111111011011111011101111111
11011111011011011010011110111110111010110111001111
10111111100011001101111111101111111110010111101001
11111110111111011011111111111101111011111010101011
11111010010111011111100010111111111011111110111111
10111110111101111100001110111111101111110111110111
11111101111101111110000111110100111110110111110111
01110111011001111110010111101010111111111110111011
11111011111111111100111111111110011111111011111110
11101001111101111011011101100011110111110101111101
11101011111011111111110111111111001111111010010111
11110011111111011011111111011110111010111111111111
11111110111011111101111110111011110111100101011110
11111111000111111101101001011110011011111111110111
01111110111110011111111011110101111001111111101110
11111001111011111111111011111111111111010101111111
11101110101111111111100101111111100111111110011110
11110100001011111101111110100111101111011101111111
11101011101011101101101111101111110110111111101111
01011001111111111111111110111111110111111101110111
11011111111111101111011101011111111111111111011111
11110110011001101111010101111101111111111011111111
10111111101011110111110111101011101110111110001101
11011111111110111111111010111111111111110111110001
11010111110111111010101100111111111001110111111111
11111111111111011011111110111111111111111111111110
11111111011111110001111011111011010110111111101111
01111111111111110110111011110011011111111111111111
11111111011111111010111011011111110111111110011100
01111111011001110111001001011010011111100111111001
10100111111111111011111101111111111011101111101111
01101101111111111111111001111110111011010011110110
11111111111101111111010110111111111011011001111111
10010110111111101111111111110101011111110110111101
11111001111110101011101111111111111111111111110111
11001011011111011100010101011010111110111011011011
11111111111111111111111111110111111010111110111111
105 338 53 25 5 2 0 14 