34
50
11101111111110111111111011111111111011111100101111
10010100101011101111011111111101111111111111111111
10110111011100010010111101110010111111100111111111
11111111111111110111011100110111101111110111111101
11101101101111111111111101011111110101101010101011
11101111101111111110101111111111011101110110111110
10100111101011101111111111101011010010001111101111
01101110000111111011111111010011111101111010110111
11111101111101101010001110111011010011111011111111
11111111111110111111111101101101111111110111011111
01111111101111111111111011111110111011010111111101
11111111110111111111101101111010010111111101001101
11010110101101111101010110001101110111101011111111
01111111001111011011110111111111101111001111111111
11101000011110111110111111111011101011101111111101
11111111101111110101111111011111111011110111111111
11111111010001101111011111111101110111110011111011
11111011110010111111111110110111101111110011111011
00111010111111101110111110111111101011111111011110
11110110101111101110111001111111111111111001110101
11011101111111111111110110111101110100110101011101
00111010101111111111111111001101111111101001110111
11111111111111111110111111111110110101111101101111
11110011110111110111110111111111111100011100111010
11110101111110111100110001111111101101111110101101
10111101111111011111110111010111000011111111101111
10110111111010111111111111111101111110111111011111
10110111111111111111101101101110101100111111111111
11011011111011100111001111111111011111011111111110
11111101111111110111010110011111000110111111101101
11111111101001011111110111011111111111011111101101
11111111101100011101111111111101011111011111111111
11111111111101111111001111110111110011111011111110
11111010111110011111111011111111111111001111101111
45 188 30 17 5 4 0 6 