20
40
0111111101011111111111111111111111111101
1111011111111111110101111110111011101111
0011111011100101111110101101110101111111
1101110101111011101111111100111011111111
1111111111110111111111101111111101011111
1101111011100111110101110111111111111101
1111111110011111111011001111111011111111
1101111001111111100101111111111111111111
1001111111111011110011110011011010111101
1100101111111101110110111111111111111110
1111011111111111111111111100101111111111
0111101110100111001111111101101101111100
1110011111110101111111101111101110111110
1110110110011111111100101011111111101111
1111111111111111100110111111110111111110
1111111011111101011010111111100111011111
0111110111010011010101001111110101111111
1111011100100110100111101111111111111100
0011110010000011111010110111011111110111
1000111111111010011101101101101101111010
49 161 23 12 4 5 0 4 