55
50
01000000101100101000001000011100010010010000100000
11110001110001100110000000000100010000011111101000
01000000010100100100010110110000000011100001110101
01011000011000100000000000010100001110000010010110
00011111000110000010110100100010101001001010110001
10001001111110110101101010111000100001110011011100
00111010110011100001001110001100100110110000001001
11100000000100011110010000000001111000111111110001
10011100010000110011100001000010101001100000010100
00010011111001100100010001100101000001110011101010
11000111000000000000000101000001000000110001000011
00000011111000000001000000010000101011010001101110
10000010001000001111110100011100101100010010111101
10000011001101100010000000100110000100010001010111
10001000111000010000001001001001010100001000110011
11000101000001111000001000000010000001000110011110
00000000011011101001010000001100110010000010101100
10001101001111110100000100000011000000001001010011
10001110000000100011111000011011100000011111000101
10011110111111001001001010100101100000001101000000
10000100000110010101000101000011001000011000111000
11111001011010000001011100111111100001000011011000
00000010010010100010111110001000000011000000000111
00010001000010000010110011000001110101001100001011
11100001010100000001001011000010010100110101010100
10111110110000000000000011010001101011011110100010
00010011101001010110001011100101000010101001010000
10000101001001000001100011000110100010000011010100
01010100000001101110001010100011010000011100001011
00000111001000001101001111001000000000000011000000
11110100100110100000001111100101001000111101000101
01110110000111010100001001011011101011011001000001
10110010000100001001001001110100110001110001001010
11000000000011110001110010011010110001010000001000
10001101000100101110010100010010011001111000000000
11001100101101101011110000101001110111100011110010
01010110000101000000000001001110100100001101101101
10101000011000111110101001111100010000001011100011
11000101000110000001111101010100011010011101011010
00110011111010111000101001000110110010101100001100
11101001100010000110011000101001010011010100110111
01000000001000000101000001110000000001111011001000
00011000001000010010010100000110001001001000010101
00010000110010100011001001101010100101010100000001
00010010011010010101010000100001011001100100100001
10001010011000000101011101101111011001001101111110
10001000100001100110001000110010000110010011000101
10001000100001100000000111010100010111001010011000
00101011110010000011100010101111100000000011000101
01110011000011011100000011010100001010100010001010
01001001011101000100110000111000000001000100000000
10010001000001101001011010000011001100001000000111
10010101100100010110010000100100010110100010110100
01000011100010010001010111100100010000001010101101
01000100101000001101001000010100001110011100100010
65 188 36 19 11 2 0 8 