50
45
111111111111111111111111111111111111111111111
111111111111111111111111111111111111111111111
111111111111111111111111111111111111111111111
111111111111111111111111111111111111111111111
111111111111111111111111111111111111111111111
111111111111111111111111111111111111111111111
111111111111111111111111111111111111111111111
111111111111111111111111111111111111111111111
111111111111111111111111111111111111111111111
111111111111111111111111111111111111111111111
111111111111111111111111111111111111111111111
111111111111111111111111111111111111111111111
111111111111111111111111111111111111111111111
111111111111111111111111111111111111111111111
111111111111111111111111111111111111111111111
111111111111111111111111111111111111111111111
111111111111111111111111111111111111111111111
111111111111111111111111111111111111111111111
111111111111111111111111111111111111111111111
111111111111111111111111111111111111111111111
111111111111111111111111111111111111111111111
111111111111111111111111111111111111111111111
111111111111111111111111111111111111111111111
111111111111111111111111111111111111111111111
111111111111111111111111111111111111111111111
111111111111111111111111111111111111111111111
111111111111111111111111111111111111111111111
111111111111111111111111111111111111111111111
111111111111111111111111111111111111111111111
111111111111111111111111111111111111111111111
111111111111111111111111111111111111111111111
111111111111111111111111111111111111111111111
111111111111111111111111111111111111111111111
111111111111111111111111111111111111111111111
111111111111111111111111111111111111111111111
111111111111111111111111111111111111111111111
111111111111111111111111111111111111111111111
111111111111111111111111111111111111111111111
111111111111111111111111111111111111111111111
111111111111111111111111111111111111111111111
111111111111111111111111111111111111111111111
111111111111111111111111111111111111111111111
111111111111111111111111111111111111111111111
111111111111111111111111111111111111111111111
111111111111111111111111111111111111111111111
111111111111111111111111111111111111111111111
111111111111111111111111111111111111111111111
111111111111111111111111111111111111111111111
111111111111111111111111111111111111111111111
111111111111111111111111111111111111111111111
105 286 49 35 11 7 0 8 