32
50
00000100000000100100010000000011100001000000010100
00100000000000000011001010000000000000010001001110
00000000100000001100000000001000010101000010000000
00000000000111001100000010001100010101100101100100
01010000001000000010000000001000000001010100100000
00010001100001101010000000010000000100000000000100
00000001110000000001000000100010001100000010000000
00000000110101010011011000000000011000010000001000
01000100000000000001001100000000100000100001001001
10000010000000001000100001000001000000001000010100
00101000000001110000010000011100000001101000010100
11000000000000000000100000000001001000000000000000
01000011100000001010010000100110000100000000000001
01100000010000000000000001000000000010000000000010
00100011000100100000000000111000001000010000000100
00000000110001000001000001110011000000001000000000
00000000000110010000010000001100001100000100000000
00001010010000001000000001000100000000000100001000
10000100001000000000000000101000001100000010110000
00000100000100000000000100000000000101101011001001
00000010000101011100000000000000000001110100000000
01111001000001001000000100010101000000111010000001
00000000000000010000100010100000010100000011101000
01100010000000001000000000000000000010000010000000
01010000000000000000000100000000110000000001001000
00010000000010000000000101000100000001000001110000
00000001010100111010010000000001100000000000000001
00000000001000001001100100000000001101100000001000
10100001010000000000000000000000000000101000100001
00010010000000011000001010110000000010110000101000
10010001000000010100101110000000010010000010010000
00000000000000100000110000100001000000010100000010
17 69 13 8 0 0 0 0 