50
40
1010001110100001101110000001000110001111
0111110011100110001111011011111111010011
1111101001110001101111000101010110111001
0101011011010001001010101100100001011100
1011011110111101111111001010110111011100
1101101111111011100110111110001111011101
1100011110000101001000111010101111010101
0001011101011101001001100111011011001000
0111111111001011111111111110001001000100
1111111110001101101011111000100111001011
1111011001110001111011110000111011001111
1101110100100011000011010111010110101111
0110110101111101010111111011011100110010
1111111100001010011110101101101101110011
1101111110101010111010100101110110110001
1110101010110101111000011110101011011101
1100110111101010101011001111111100000100
1110011100001111001101101110111010100000
0101011110110101110111110110100101110001
1011011011101010011111110001000110010101
0111011011001111101001011110111111110111
1000110011110111011111101011000001011111
0111111101001111101111100010101111011010
0000011110011101011011101111011011111110
1110010110101110101110101010011111111000
1000111001000001001110011111011110110110
0100101010001100111100001111010100001001
0111011011010011110101111111110001001101
1010111011001011111011100000001011100001
1010101110000110011100111110110010011110
0111101101110101001011100111110001110101
1001110001001111110000101111101100101001
1000110110011100110001011000111011110000
1111101100000001111110101100010111110011
0101110111111110011011000111100111010111
1100111010010010111011010110101101011111
1111011111110111101101111110010101110100
1111010010110011110001011111111011010011
1011110110111000110101100010100110000110
1011111001111010101100110011001011101011
0110110101101011111001111011010001010001
1001100011101001000111011001100001011110
1110011111010110111110111011110111001100
0011110111001110011110010010111101110011
1111100110001001110100000011111010101110
1010110011011101001111110100100111011011
0100111111100010010101100001010111111111
0011110001001101011011011011110111100011
1110100101101101110000100000100111111101
0110111110000001011010110011111110111011
72 225 35 16 9 6 0 9 