50
38
11000110001010000101110111111110110101
11111010111011001100110001001000110011
11110111101000111101111011110111111101
11011101011010110101010011111101100000
11101101101100011111011110110100111001
00110111111101100000010010100101111001
11011011000111111101101011101100111010
10110001110001001011101111101111100011
11111100110011011101111010111100111011
10010111111010000111011110111111110010
11100100001001011000000110111111001111
11110101011110000010011000101101111000
01011101010011010100100000101101111110
11010110001110001011110011110110110110
01110010001100100111110101011111110110
11110001000100001010110111011110101111
10110110110101010111100110110001101101
11110100111110100110011111001010111000
11001101010011011011110100110100001111
10011011100011010001011111110011101000
00110111000111001101101101111100110110
11001011011011111111010001110011101011
01111011011011011100011000001010111001
11110011111000001110011000001011110111
01111010101100110001001001101111111000
11110101111111010111010110111111010111
00101110000011001011100000111011011110
11011001001100110100011010100101111111
01111111101111110100111010000111101101
00011011000010011010100000101001111010
10011010011111111111010110110000011011
01110110111100001111111101001101110100
00101111001000011111001011001110010101
10111111110111111111010110011111011111
01111001111111100011110100010101110101
01110000111100011001010111001101111011
00011010000000110000011111010100110101
10010110100010010010111011110110111001
01011101011110101111011111110111100011
01111010110100111110101101111101101010
01001111000011111010011111100101000101
10100110010111110101101111111011111000
10011110011110110111100110100111101101
01111001001110011111111111100111111011
00111000000101100111110111111000101101
11110001010111001111100000100110001001
11111010101110100111011100010010100000
11100111110110001101110101010111111101
11001100110010111100111110111000111001
11101100110110010011110001000010110011
42 157 20 14 5 3 0 7 