20
40
1011101101111101101100111101110111111111
0011111111011110111011111110111111111110
0111110111111001101111011110100010111101
1111111011111110111111011111111010111011
1011111001101111101110111101101100011111
1101111111011111111111011010001111011001
1111011111111111111101111111111111111101
1101101011111111110011001111111000111111
0000111110101011010011101101111001111111
1111011111110100111111110111111011111101
1111111101011111111111001111011110111100
0000011111111111111101001111111111101011
1010110111111111111111101011101111111111
1111111110101101110111101101111011111101
0011010011111111010111110111111101011111
1111111101110110111011010111111011111110
1111111111101100111010101111111110111110
1111101111111111011110001011110111110111
1111111110110111100101001111111011110111
0100011011011111001101011101100111111111
53 168 23 11 8 2 0 1 