32
50
10011000001000100011110000000000000010001000001000
00010000100000101100000011100000000011000010000001
10001000100000000000000010001000000010000000000000
00100001000000001001101000001000001101000000001001
00010001010011000000100001000000010001000100000010
00100011000100001010001010010000001010000010000000
01010010000001001100000000010000010000000010000000
01001011000100000000000000100000000100000000000100
01100100001101111001000001000000000000010100001000
00100000000100000000100000000001000010110000000000
01100100000010011000000101000000000010000000000000
00001000000010000010100000000010000000000000000100
00000001011001100000110000001000000110011010000100
00001000010000011101011000101100000000101010000100
00010000000000000000000000000000100000000010010000
10000000010001110011000001000010100000000000000000
00110000000010000000100000000010001000100110100000
00100000010000110100100000010100010000100001100000
00100001001100000001010000010010000000001101000000
00000001000100000000000000010001101110000000010000
00000000000000000000011001100010000100000000010000
00011001010101000000000001000000100000110000010000
10000000000000110010010010100000001000000001000100
01100000000000000000000000100101000000000000000000
00100000100000100100000001001000000000100000100000
00000001000000000101100100000010000000110100001000
11111000000000011001010000000000010000001001001000
00110000000100101000001010000010001110000000100010
00100001001010100010000000000010000000100000001000
00000000000001100000000000000000000100010000000000
10100010000010000001011000000001001010100000010000
00000000000000000010000001000000000000101000010100
18 63 18 5 0 0 0 0 