50
50
11011111111111111010111111111111111111111011111000
11111100101111110111110110011111111111110110111011
01111111001111101110111010110111011010101110111110
11111101011111111111011111011110111001011001111111
01011111100111111111011101111010011001111111111111
11111111101011011101011101110111111011101111111111
00011101010101111101111111010111111111011101101111
11111101111111011011011011111101110111110110111001
11111111111111100000101111110111011101011010011100
01001111110111111110111101111101000010111111101011
11101011110100011110111110101011011111111011110101
11011101111110111101101111111101111110101111101001
11100011011101110011111101111011101110110001010011
11111101110100101111011101011111010111111101111111
01001100110110101011111111111011111101111110111111
00111111111110110101111111101111111001111010111111
11110111111111111111111111111001101010000101101111
11011011111011111011111110111111010111000111001111
11110100111011101111111110100111111111110011111111
11101110011110111110110111111111111100111010111111
10101111110111111111111111011011001111010111000111
11110111101110001111011101111111111101101111101101
11110101011111111101101100110111110111111110001111
10111111100111111111111111101111101111111110111111
11011111010111110111101111000011100111111111111010
11111101111111110111110111101111111010101110110111
11111111111111101111011110111111111101110111101111
11101011110111110111110001010111111100111111101111
11110111001110011101111110100111111101101111110111
11110110011111011101010110111011101111101110110111
11011111101011110111111111111111110110111111101110
10111010011111111111011001111111111111111011111111
11101111111111111111011111111111110111101111111010
11101111111111111011111111110111011100111111111111
01011101011111101111111111111110100011011111011110
01111001111111011111111111101011101111011111111110
11011111101101011111111111010101011011110111110111
01101011011111111111110011110011101111101110110001
10110101111011111110001101111011111110111111101010
11111111111111111011011111001110010101111111111111
11011011101011011111010100111101001110100110111111
01011011111111101111110111111110111101110111110101
11111111110010111111111000011001000110111111111111
11111111100111101000111011111111010111101111001111
11010111111011111011011111011011111111110011111111
10011110111111111101110111111100100111111111111101
11111111111111100111110111101111111111110110111111
01011111011111111110000111111111111111111011111111
10111111111111000101111110011110011011101111011110
11111111111111110111111111110110111111101100111110
98 259 45 22 10 1 0 11 