50
50
01001001001010000000100000010000100000000001010000
00100000010000101000000000000000000000010000000001
01000000110000000100011000000000100001001111010000
01000000101011000001000000000000000000000011001100
01000010010000010001000110000001000000011000010010
11100001101000010000000001010000000000101000000000
00000000100000000100000000000000000000000100000000
00010001000010010000000100000000010101100101000001
00010000100000010000000100000000100110000000000100
10010000000000000010000110000010100000000101000000
11000000000000000010010100000100010000000010001000
00010010111100000000101011010000010001010100010000
00100000000000000000100110101000000000000000010000
00010110100000000000001000000000001000011000011000
00010100000100100110000011010001000101000110000000
10110100011010000100000000010001111000110100000001
00000111000001000001010010000000100111000000001000
01001110010000000000000100110000001000000100010010
00000101000000000000001000010000000000111000000010
01000100100000100110001010000000010001001100000000
00100000000001001100010000001010010000101000000100
00100000110000000000000100000011010010010001111000
00000000010000000001000000001000000000000000100100
00000001000001000000000000010000001000000001000000
00100010000100000010100001101000011100011000000000
01000000000001000101000000000101000000000000000010
00100000101001001000110000101000100001000010110010
00000010100001100100000000000000000000010000010001
00000010000000000010100001001000000000000100000010
10010000000000000100000000000000010000000100001001
01100000000000100000001010000000000000000111000001
10110010010000001000000011001000001101000000010110
00000100000000000000001001000011000001000101000101
00000100000010000001001000000010010010001001001001
00010000101111001000011110000000100010000000010100
00100000010010000000011001001000100000010001001000
11001000000000000000100000001010000000000000001000
00000000000000000000010000100100001000000000111000
00000001000000010010000001010001100100100100001101
00100010000000000010101000001011000000000000000000
00001010110011001100001010100100000001001000100000
01100100000000110000000000100010100000010000000001
00000000000011000000000000010000010110001000000000
00001100010000000000000010101000001000011000000010
00010100000000101010001000001000000000010000001000
00100100100001100000000001000110001001000000000000
00000000000000100110000001100000010001011101000011
10100000000000100100000110000001001100000000011101
00010000000001100101010000000010100010000000000000
01000000010101001000010000000000101100000001100010
47 111 22 7 0 0 0 0 