32
50
10111111111101011111101110111001000011001011101001
01010100011111001111001011011110100100101010011101
00010001011110110100111101001110101100000010111100
11110101110111010111010101111011010111010101011111
01110111101111110110000110101011001011001001100010
01111111110110111011100000111111111011101100111101
11111111011110100100111001100001110101110111111101
00101111000011011001010011111111000010111010110001
01111111001110111111011110101101011100111000111110
00100010101111110100110011100011011001001010001010
10010111010110011011100100001100001111110111001111
10111011111001001001010100000111111000000100011111
11100111111111011110111101111110011111011101010011
01110101111101110001000110110010111111111001011100
01100000111011100111011111110011100111011111000111
11111111111111110001111101111110111111101010101101
11111110100011100000111101111111110101011110101111
10111000000111111011111000100011001010010111011111
01111110011111101110001101011111011110100101101110
11011100010111000100100111010010100110011001111101
01101100001000000111110111110101111111111011111010
11000000011000110101110111001101100100000001111111
11110010101101110000011010101011111101001010110000
01101101001001110011000111001001001010011110101001
11011001110110110111111011001111000011001101111010
11000000011111001000100101101011010011110111100111
11001010001100001011111011000011110011011010110010
11111011001000010001100111111000110111111100111110
10111100010101000001011001110111110011110001100111
00001010101011110011111101000101010011011100110000
11001101101110101101101000110111101111110111100101
10011010100000111001111111111100110101100110000101
22 81 15 6 5 0 0 2 