20
40
1111111011111111001110011111101111111111
1101101111111001110011111011111111111011
0101111111100111110101111111110111111111
0101111111111100011111000100110110110001
1111101101001110111110101110011011101101
1111101111111010010110111000110111010101
1111111001111111111110101111001011111110
0111111111111111111011111111111111111100
1011111111111111111100111111011011011110
1111011111001101110111111011001011111111
1101011111001110111101111110111111100011
1111111010011001111111011100111011111111
1111101101101100110111111011111111111111
1100001111111111101111101111111110111111
1101111111010110111101111111111111011111
1001011111111101011101011101111101111111
0111111111011110101111011111111111001001
1100111111111111011111111110111111111011
1011011111101011101111111111111111110110
0111111111110110111111001111110111111011
33 84 19 5 4 1 0 2 