50
45
111011111111111111100111111111001111010011010
100101011101111101111011111111111111111111110
100010011110011111011110011100001111111101111
101111111101101111111101011111111111110000101
110111111111111011001111011111111011110111110
111101111001111101101101111011111111111110111
111111101111011011101010111111111101011001111
111111110111111101011111111010111110111110100
110101110111111111011111110111011111101011001
101011001101111110111110111111011111001111111
101111101111110101111111001111111111011010111
111011111011111111011100101001111111111111111
111111111111111100110111110111111111001011111
111110111111111111110111110111111111100100110
010110001111101111101111110111111100011111111
111101111001111011111111111111111111111111101
110101101111110110101101101111111011101111110
111111111011110111011110110110011101010111111
111101100111101111100101101011001011011111101
001111111110111111011111111110111011110001111
110111111111111111101101101111111110111111111
111111111111110101111101111110111011111110111
001111111011111111101111111111111110110111111
101111100111000101110111111101011010011110111
011101011111110111110111110011111111111111101
111010011111111110111011101111110101111101111
111001100101110111111110111111001011101110001
101101000111011111101011011111111111111111110
111101010110000011111101111111100111111111111
111011101111101101111110011111110101101111011
111111111101111011101111011111111111000011101
111111011111110111001111111101111111011011111
011111101011111111011101111011110110111111111
111110111101111111110111100111111111111111111
000111011011011011111001111111111111011100010
111111111111101111111011111101111111111001111
111111111101111111111011111111110101111111100
111111111101111111111110011111110111101111101
111111111110111010101111111101011011101111111
111111111100111111111001111110111110110101101
101111111111101010011111011111111011011111111
111011011111111111111110111011110111110111111
101111111101111110111101110101111111011011111
011111011111111111011111111111011111111111010
111101111111111111011011100100111111011011111
101111111100101110001101011110111111111111101
111011011011111110101110111110110110011011111
111001111011011111111010110011111110011111011
011110111011111101110111111110111111101011101
111111110111111101110111111001111111111011110
58 142 25 12 3 5 0 4 