34
50
11010000111000011000001011000000001011101011000011
00100100001010010011001000000111100000100010001010
10100101110000111000000000010000000001010001010010
00010100110000010110110000001010011010000000111111
00010001100010010100101100010001111001001001101110
10100001100000001000110100100110001101011000110001
01001101011011001010011001010111010101001100010000
01011100110110000110010111000010011010000000100011
00000000000000110010111011110000010011001010111000
10100101101000101101000110010001000100110100110110
11000110000100001100100000100001100101110101001000
11000101001011001011000001000000011001011010000010
01010011000100100011100001001010001010101000001010
01100101100100010000110001000100011100100000000000
00000101100010011100101110001010000011001011111111
01001110010010100001010001001010111100100110001010
01010100111010100111111000001010011101111110100000
01000000001000011000001001000000001010000110100001
00100100110000100110010000001111000110111100001100
01000001111101110010000011100010110001000111000100
00110010000100011000101001010001001010101011000100
01100110111101101000000101010101101000101000000000
00110101001111000111110011001011110100010011111001
10110101010001001011011110010011010111000010100100
00101010000101010001000011100100011111011100111010
11111111000100100011010110010101000111000000000010
11000010100011010011111010101100101001110111001000
10001101110101101011101000010010010110101100100100
10001011011110110110101011010101110001110010000000
11000110100100101011011000101000010101000000010100
11100000001100001101001101000010011100000010001011
00000001000000100100011101110100100111000111011001
00100001100100100000000100001110000000001001110101
00000100011000101010100100001111001100111011110100
44 122 24 15 4 5 0 2 