34
50
11001010001000000110110100110101101111010111001011
11011010101111010001101110011111110101010101111010
11101111001011010111101111110101000111111100101101
11110111010011110101101001111110011110111011101111
11101001101011110001011010000111101101100111011101
10011001000001011101011111111110101001011001111011
11111101111011011111001110111110010000010100010110
01001011011111111001111110011001011010101011011101
10111011011111110100110101100000101111101010001101
11011011111111110101110100010111101001110000011111
00111101110010011011111011100100011100101101110100
11111111101111101011111000110010110110001101111110
11001000110010010011110000100100010001101101001111
11111110001110101000111100100001101011111101110100
00110111111111001111001111110101001101011111100011
01011101011110110010110011111111111111101100001001
11000010011111001111110000101110100010111000100101
11000001100111110101011101110011110100000110010101
11111101001001101001100111111001010111111100101011
00110001011011110110010100010100110011111101110111
00110100110111101111110101011111111101111111100011
11101101101111011111100101001101111100000111101111
01111001000111001111101100011010011111010001110001
01111110101111111001111000011010001111011101000111
10101011110111000010111010111011011100111000100010
11110001111011110010001011100111111101100001011101
10110011101010000101100101101100100110110101011101
11110011100100110011110011010101110001100100101000
11100111110001111111011111111010101101011101100111
10001110111000110110101011110001011000111111101100
11011110010000011111111000110111111101111001011111
11011110100011100000111011011010101010111111000000
11011011010010111101110111001011111001100111001111
00110001111100111001100110000101010011111101111111
51 138 29 7 2 5 0 5 