50
45
000100010101000000010001000000000001010011010
110001110000100000000000000000100000000000000
000001000000000000000100000000010100101000001
100000100000000000000000000000000000010001011
100000101000101100000011001100001000100100000
010000000000000010010000100011001010010000010
010011000000001000001010001000000100000001010
000100001010101000000110100000000001000000010
100000100100000010000001100001110000000000000
111010000000000000100010101010010110000000000
000000000000000000010000000000000010001000011
000000000000100001001001000010010011101000100
001000000000000000101010000010000000000000001
010001000010000110011000001011010001101100010
101001000000000010000010000000001000000100010
110010101000001100000100010001000010000110000
000010000000101010001000000000000000000000001
000000000010000010100010100000100000100010010
000000010111000010010010000000000000000100101
100000000000011000010011000000000100010000100
011100000110010000100000000101000000000100000
100000000010000000001000000100000000000001100
001011000001000101100100000000000011001000001
001010110100110100010000000001010000000000000
000000100000000100000000010000001000000000000
000000010000100000110000100000000111000101110
000000100000001110000000010001000001100000000
000000000000000010001001010010000000000000000
000000000000001010100000100011000000000010000
100100010000010000010000000010000101000000000
000010000100001000000000000000000000100001111
100000001000000101000101100100000000100001001
000010010000000001000100000000000000000101000
010000000000000000000100000001101000100000001
001000001010000010000000100110010000100000001
000100100000010000011000000001111000000000000
000100001010101000100000000010011000001000000
000001001100000000100100100000100100011000001
000001100001000000100010001001110100100010001
000000001001100000000111000000000101000110010
000000000001100000111001000000010100001000010
000000001001000000100000101111010000000000000
001010001110000010000001010000000000000000000
110000000000000011101110000010000001011010000
000001100000001000001000000011010000000000000
110000000001001000000010001001000010000000100
010000010000000000010001010000111100000100000
010000000000000010010000100000000000000000010
001000000000000101000000000000100100000000001
000000000000100111011100010000000100010001000
28 100 17 10 0 0 0 0 