34
50
10010011011001101111110100000110001001000110100000
00110011100100010101000100011101101001101001110001
01110011000000101000001101010100001110000000101100
01001010010101001000000000010000010011001101011000
10000000111100001100001000001011100101000011001000
01110011101000000001000110001010001101111110011001
11001100000001011001011100111001011101001000000011
00100010011110000100101110011010000000111010010000
11001111000110100011111010100010000010010011001000
10000010001111010110010000111001011010110100010100
00001011110000000000110010110100100101110011000001
01100101100000000110000100000111010000010000000010
11001001011011010110100001011011000110101101000100
00000110110110011100010000100000001100000001000010
01000101001110001110100111110111000010011000111111
01010011010110010011011010011111010001001001011110
00100011100010100111110101000001001010100100001011
00010111000010110001110100000011000101001111010001
01011011001100101000001010111011100110101001100110
10001101000000110011011000001011110010101010001101
10011010101010001100111100100000010001001110111001
01110111100000011011000100001000101011000110001000
10100000100100100000000001011000000010011101110000
01110100100010000000001001100001010100100000100001
00100110000101010100101100010101001000111000110100
00101110100010001110000011010100011101110111101010
10101011110110000000010100010000101010100010110001
00101000000111010101000100101000011011100110100010
00011001110001010011000000001000100111001001001000
00010100100010000110100000001000111001011110011000
00010001101100000011001000011111001010110101001111
00010011111011001010101110001011110110011000001000
11011000111111001100110101000001100000000011100000
00110010000011011001010000110011101001100001111010
65 182 34 16 6 1 0 0 