50
50
10111111110011111111111111111011010111110111011111
10111011111111101111101011110110111110100101011111
11110111111111111110111011111111001101111110001111
11101001010101110111111101111111111110111110111110
10111111110110000101111110110011110011011111111111
11110111111111110101010111110010100011111111101111
11101110111111111111111010111111111111111111011110
11111111101111111111111101111111111101011111101100
11111101010001011111011110111111111111111111011101
11110110101101110111111111101111111111111110110111
10000111011110111011110110111111100011110011111111
11111010111110001111010010110110111100001111111101
00101010111111111111101110111111111010111111110110
11110110111101111111111111111001110101110111111101
11011111111111111101111110011011101111111101111111
10110111111011111111001111111101111111111011111110
01111110111011111111101111111111111111011111111111
11101011111111101101110011111111111111001111101111
10101111011111111010101010011010110111111011110100
01010010101111111111010111111111111111110001011101
11111110101010111011111110011110101011110111011001
01101110100011101001100111111001011101011111111111
01011010110101111110111101010111111011111101101101
11111011010101110101111001010011111011011111111111
10111111011111111011111111101101111111111100111111
11011110101111111111011111111011111011111011101110
11011111111111111111100111101110011101110110110011
11111110110011110111110111111111001111011110110101
01111111111111011111111111110010111111111111010111
11111111101111111111111111111011011101001111111111
11111001101110111101111111110111100111101111101001
11010111111011111111111011111001111111111111011111
11101111111101111111110111110111011111111010111100
11111101110111110111010111011100111101111101100111
11111111101111110111110111101001110111110101111111
11011111100110101001010011111001111111011111111111
01111111011101111111110100111111011100110111110111
10111111101111011100101101101111101111111111111111
11011111111100111101111111111111011101011011101111
11111111111011011111111101110111111111111110111110
11111111111111111110011110111111110110101111111111
11000110110111101011011111111110110110100011111101
11111111110011110101111111100011111111110110111111
01111011110011011110111101111101101101111111111010
11111111110011111111111111011111101110111111111111
11111110010110011111111011111010110101010111101111
11111111011010111101111101010001111101110110101110
11111111011111011101011010011111111011101111011111
10111110111111011111111011111011111001111111110101
11111011010011011101111111111111011011111110111111
140 450 88 47 10 7 0 26 