50
45
110100000000000000100000000010000100000010001
101101001000000000010000010010000000000101000
110001001000000000000000000011100100000001000
010000000000010000001010100000100010000101001
000000101000001010000100000001011010011100000
100000010100000000000100110000000100000000001
001000000000000000010000000000000000010010000
000000000000000001000000000000011001000000010
100000100000010010011110100000010000100011000
010100000100000000100000001000000100001000101
100000000000010000001110000001000000000000000
000000100101000000000000000001001000000000101
000000000001000110000001100000000000000000100
000000011000001100010000010000000001110100100
000101100010111110000100000000000010010001101
001001000101001010000101001000001000100010000
001001000010000000000101000001101001001001000
000000000101000001001000000000000000000010010
011100001000000011100001010010100001010000000
100010001011010001000000100001000000001000000
010111000000000000000000100000011000001110000
001000010100101000100000000110001000100010000
011001001011100000000001001000000000001000000
000000000000000000000000001001000001000000000
101100010110000000101000000101010010100010000
000000000000000101000000001001000001010000001
110010000000000000110000000000100000111000010
000010001000000000100010000000001000100000000
100010000001110010000100001001100000010000000
000001111000000100101001001010000000000001000
110000100001000101000000000100100001000110000
000100010011000000000110000010001100000010000
000101010010110001010000000000000000000000000
000001111001000010000100011000000000010000100
010000101100010000000000000000001000100001010
000000001000100000010000000001000000001000000
101010110001010000001000000010001000010011000
010000100001000000110000000000001000000000000
001000010000000000000000001100000000000010010
100110000100001100000100001100000100010001000
000001000101010000010111100100011000010001000
010000101000001000000100000000100101100001000
100000000000000000110010000000010010011000000
010010010000000010001000000000100000000000100
001000001010000000001001000000000010000000000
000000000000010000000000001000000000000100000
000001010100101001001010000000101000001010000
000010001000100010000000000100100100010010000
010010010110010000001010001000000100001010000
100010010000100101001000100000000100000000000
37 96 16 10 1 0 0 0 