50
38
11011000101010111111111111111011111011
11111111100111111111101101101111101111
11001110011111111111111011111110111111
11101110111111110101111011110111111111
11110111011011110011111111111111111110
11001111111001111111111011111111111100
11111111111011001011111110011101111011
11111111011010011101110011101010111110
11111111111000100010111011011111111111
11111111101011111111111111101111101101
00111010010111111110111111110111111011
11111111111111111111110110111111111110
01101111101010111110011101111110110000
11111110110011101111111011111111110111
11111100101010100111111110111111111100
11111111111111111111001001100110101010
11011011111110011101110111111111011111
10111110111001111111111011110110011101
11110111011111110111011100011110111111
01011111111111111111111111101111111101
11110111111100111101111011111110010101
11011111111110111101001111111011110001
10101111111110111111111111111111100110
10111101011100011111011110010111111010
11100111111110111111011101011111111111
01111111111111110001111111101110111101
10111011000001111110010111111101111000
11010111011111111110111111110001111111
11111111111111111110011111111011110111
11111111000100101111111011101100110100
00100101111111111111110100111111100111
11111000110110011110101001111101110111
11111111111111111001111111100101100111
10111111111011101100101111111111111011
11110111001110110101101110110111011110
01101111111111111111110111111110111111
11111111011010111101111111101111111111
10010111111111111111101110111111111010
11110111111011111111111111101111111101
11010111101100111111111111111110111101
10111101101111011111111110110110111111
11010110010111111111001111101011011111
11101111101111111111101111111111111110
11001111111010111111111101111111011111
11001110010111001110001111111101111111
11101111111111110011111111110111101111
01111101101011111111110111110111111111
11011011001111101101100110111111010111
11100111111001101111110110111111111111
10110001111111101001111111111101111111
38 130 21 10 3 4 0 2 