60
50
01011011110101111111101111000111111111010111110111
10111001111011111111111111110111111011101111000111
01111011000011111111111101000011111110101111111101
01111111011111111010011111111011101111110110111101
11111110111110111111110111111111111111110111101010
11110101111111101101111011111010111111011111111100
11111111111111111100101001111111110111011111011111
10101110111110101111111111010111001111111011011011
10001111111011110111111111001111111011111111011010
01111011111101111111011101011110110111111111011101
10111100111111011011111110011001111111110110111111
11101111111010101011111111111111111110111001010111
10111111111111111011010111101111111101111111011010
11111101101010011101011001111101111111010111111101
01110100001111111111011111001011010011110011111010
11011111110101110100011110011001111101111000111111
01111001111111110111010111111111111111011110111111
10111101101111010011011111010110111010110111011100
11111101111110100111111111111111111101111111111001
11101111001110111010111111101110111111111110111111
01110110100011111111100101111111111111101111001011
11001011011011111111111111001001111111111111111111
01111111111111111000111011101110110111101111111111
11101111101011111111011111001111111111111111111110
11111111111110111111111111110111101111111111110101
01011111111111111110110110111111111111000111110110
11111110110111111111111111110011110111111111101111
11111110111111111111111111011110111010010111011111
10111111111111101011110110111001010110111111110110
01110110101110010111100011111111111111101100101011
11011101111111111101011111110111111101101111110111
10110101111101011000111111101111110111000111110111
11111111101110001111101111111100111111111111111011
11101011011111111110011111111111001110011111011111
11111111111111111111110111001111111111101011010111
11101110111111110101110110001110111111110111111111
01111111111110110110001111111011111111111111111111
11110101101111111111111100101101111011110110111110
10010111111111011111111101110111001111111111111111
11010111110111011111111101101111111100101111111000
01011101011110111111100110011111100110111111001111
01111011111011111001111111110110110101011011111001
11011011111111111011110111111111101111111111110001
10010111101110111110111111111110111110111111011101
11111011101110011011111111001111111101111111111110
10101011011110000111111010101111111011101111001011
11111000111111111111000111111101011011111111111111
11101101100100111111111111111110111110111101111101
11111111111111111111111011110110110101111111011111
11111111110011101110110010101101110111111111111111
11110011100011111110111111101111011111111111111011
11111111111000110110111011111111111011001111011110
11111101111111000110110010111111111111101010010011
01101111111110111111011011111111111111100101011111
01110111111111111111110111110111111110110110110111
00111111101111111111111011011111111111011111111111
11101111111011111111111100111010111011110010111100
11011111100101111110111111110101111111111110101111
01110101111111101111101111111111110111111111111010
01111101111111111111011101111101111111101111111101
183 471 76 35 12 6 0 11 