55
50
10110011110000011001101000010110000101011101101000
10110100110101101010001111110100100100101000000100
00000100000011100101011000000111110000000101001101
01110100001110010101100011000011001100101001010100
10001100010111000100100000100100010101000110001011
00010110101100000001101001001101100010001000100010
01101101000101001101000100000000110110110000100001
00000110000000110110011011111101111110110001100000
01110100100101100100000000011010000011101100111000
01000100000000010011110100001010100100001110110110
10000010010101101101011110100000010110000110010101
11000001010010110001010101000111001000000101100000
11111111110000000001100111011100111011010100000101
00011101100010000100000110101000000000101110000101
01000001010101100000000001101001001101111001011010
01000111101110010001000010110100100011001000100110
10010000101110011110000001000000101110001111110001
01010000000001001000001011001001110000101000011011
00001100100101000100101111101100001010100100110101
10000011000100010010000010110111101111000000011011
01100001000001001101111001110000101100110001000111
01000110010110010000101110000001000000011110010111
10100010100010111101011011000000100001000101100010
00110101000010110011011001100000101111010100100000
10111000010100001001010000010100010101001010011010
00001011110001100110000110010100001110001011001111
10110110001000110100110000000001011000000010100011
01010111000101101010101011001000011101011010011000
10010101101101100000100110000100110010110110001000
11100101101000010001000010101111101010001110001011
00011000011101000010111011100101000001010010011010
11100010111010100010001110100100010001101000100011
10011001001101001011000011010010011110000101111011
00010000000010010011010000101110110110001011010000
01000111000101101100001001001100011100100000000011
00000001101000001100110100100010101011010111111100
11010111101111000010101110110001010001010110101001
01011011000010001010111000100100000110000100010100
01110110110110001010011011101001101001000011001001
10010100000101100100011110011001011111001100110010
00101000010010110010011000010001011011100000000100
00100001000011001000011000001111011001010000001100
00001010110110100110010011001100010001000110100000
01000101010000011010000001100000001010010101001111
00000010101110011111111110001001110000011110000010
11100000011000000011001000111000000100100111101001
00101010001111110100100000000000010000001010010101
01011110100110100001000010001101001010110000100101
00101100010010010100011100001010010010000000010000
10110110010000000110101100011011000000001001000100
00010010001010100110010000111001110001011000111111
00001000110111001101001011111111011101101101001000
01011110000110010010000110101110010101000000111100
00101101000110001010100010000000101111101111101000
00001000100000000000111001110011111100101110011000
53 154 25 12 5 4 0 5 