50
36
111110111111111011011011101111111011
111101111011111100110010101110110111
101111011111110111011111001011110110
110101101111111011011101111111101011
100111111111101111101100111111101110
001011111111010101111101111000011111
101001101010101111111111111111111110
111011001110011111011010101010111111
101110111011101100110110010011111111
111111111011111110011111111001111111
111111111111111011111101011011101111
001011110111111110101101111110010111
111011111101110000111101111111111111
111010111111011101111111101101110111
110110111111111100111111110111111111
011111111111101111111111111111011111
110010111111111111101111111111111101
111110011111111111111111001110001110
011101011011111111111011101111011111
111111111111101111110111011111101101
110111111101100111100111011111111111
111101010111111111111000111011111111
110110111010111111111101111011010111
001010111111110110111101101111111011
111111110110101111111011111110111001
110111111110011101111011111111111111
011101111111111001000111111111011110
111101010100001110101001101011111111
111111111110111001111011010111111111
011110111111111101101101111111110111
100111110101111111111010101111111011
011011010111101111011110011111101110
001011110111111111111111011011111111
111111110110101110111111111100101001
011110011111111111111011111101101111
111110110111101111111101111111111010
101111111101011011110100010111111110
111111111000111111111110111101110110
101101101111110000110111110111010111
010011001111111001110111111111111110
111111010011111100101111111110111111
101101110101111111110111110010111111
111111111010101111001011110011111111
111111110111111111111010101111011111
110111111110111010111011011011110011
110101111111011110111101111011111111
111101011111111111100111111101111101
011111111111111111011111111111011111
000111111111011111110111111110111100
100111111110011011011101111111001111
119 319 66 25 14 7 0 15 