20
40
0110100101110101111001010101011101101111
0101010110010110011000101101001111110011
1100010101000111111101100111100100010111
1010010011000111001101101111110110000100
0011100100000111110000110100101100101100
1101011001101101100101000110011000111101
1001100101000110110100111001011010011110
1001011111000111110111001011111100000110
0111011111110111110011001001001010100111
1111110000011111110011101011110011010010
0001010110110001100111110110011011000101
0111101110100110001100111001111110101011
1011110100011011001110110110111101011000
1100010111011111111111011111101011100001
1010110100110011010110010001110010111111
0111010010010111110010011001101101111111
1000111010111111111111011100010011011011
1110011111010111110010101111100111011100
0011011001011101011111011100111101010001
0001011101110111011110011011011101110101
34 97 14 7 3 1 0 2 