55
50
11111110001111111011011111100101111011011111111111
11001110110100111111111111111110101011001111101010
11111111111011111011011101111111110111111110011101
11111111110101111101110000111011111011100100101111
11111111111111101011011111111110111011011111001111
11111111101111110000110111110111011111111111101101
11100001101011011110001110011110110011111111100111
11111110110111111111111101110100111111111111111010
11111110111101101111011111010011111101101110110111
11111111111111111001101111111100010011111011101101
00111111111111111011111011101111111111110110111111
11010111101001101111111111111110011011111111111111
11111111111010101111101111101101110001111111110111
11011110101111111111011111111111101111111111111111
10011111111111111111111111111101111111111011111110
01111111111111110101100111111101011110111101111011
11011011100111111110111011110111111101111111111011
11110011101110111111111101101101001111101011101101
11111111111111011111101111111110100111111111011111
10011001111011111111011111011111111110011111111110
01101110111111101111101111110101111111111101011100
01111110111111111111101111111111111111111111101011
01011001110111010111110111100110111110011111111110
11111101110011111011011111111111111111110101111001
01110111111011110011101111111101011011001011111111
01111101111101001101100001110101011110011111111101
01110111111101001111111101111011001010111111111100
11110111111111111011111111111011011110111111011100
10101010111110111110111110110111111111110011001110
01111101111111111111111100100101101101110111001111
01111101111101111111001111111111111111111110011101
11110111001111011101101111111000111011101111110100
01110111111111001011110001111100010111111100110111
10100111111110101101011111111100111111111110111110
11111010011111110100111011111111111111111110101101
11101010111110011111001010111010111101111011111101
01111111011101111111101101111111011101100011101011
00111111111001111010100111111111111011010111111111
11101111101110111011110111101110111111111111111111
11110111101111101111111110101110001111111111011101
11100100001001111111011101111011100111111111111111
01111010001011111111110111111011011100111101001111
01010111110111111101111111111111011111000101111111
01111111111001110111111011111111111001011001111111
11110101111111111110101111010111111111111111011111
11111110111101101111111111101111011101111111111011
11010111011111111111111111111101100111111111111111
11011111101110111111111101111101111111111111010100
10011011011111010111101111111101101101010010111111
11011111110101111101111111111110111111111111011110
11111111111110111011101001111111110110101111110011
01010111111001111110111111101011001111010111110111
11111011111111101010111111110111111111101111111111
00011111111111111111111111111111011110011101010110
00100111001111011111111101110011111011111101010011
162 541 68 38 24 14 0 20 