20
40
1111001100100100010001001010100100000001
1000000110000100000100000000001000010000
0010000000000000110000010010100000000000
1010000000000010000000110000010000001000
0001110001000001000000000100000000011100
0000000100000010000100000000000010000001
0000000010000000001010000100101000001101
0000001000011000001010000000100100001100
0010000000000111000001000000100010001000
0100110001100000000001001010000000000000
0000011100010100001010100000000000000000
1000000100000000000001010000100001000010
0001011001000000000000101100000000010000
0001100111000100001000000100001000000000
0000000001100100010001000100000010001000
1000000000011000001000000100100000011101
0000011000010000000000100100000100110100
0100001001000000000010000001010010001001
0111000000010100010001101001101010001001
0000010000000000000000000000100001000111
6 53 8 5 0 0 0 0 