50
50
11001111111111111100110111111110101111111011111011
11011111011101111011111111101001111111111100011111
01111011011011111100111111011111100111110110101111
11100101011111111111111111110111110111111110111101
11000110101111011111011111111101111111100111111110
11011111110011011100111111111101110100111111111101
11101011101011111111001111111111111111100011110110
11111111111111111111111001110101110011101110111010
11001111111111100111101111001101111111110100111010
10111111111011110111100111111111011111111101101111
01010111111011111100111111111111111101100011111001
11111111011011111011101011011111111111111110111101
11101110001111111111111001110011111111011011111011
01011111111101111110010111111011011111111110101111
11111011101100111111111111000111111110111111111111
10110110011111111001111011101111011111111101011111
10110111100111111101111011110001100110100111011110
00110111111111111101100110001110111111111111011111
11110111100111111110111110111111110000111110111111
11111100111011111111111110110101011111111110111111
11111001111011111111111111111110111111111111011010
10111111111011111110110101101101111011101110010011
10111011111101111111111111111011110111011011111010
10111111011111011011111111100101011101101101101111
10110011011001101110111011111111111011111111111111
10111111111011111101011111111110111110111010011111
11111111111110111111011101110111000111101101111111
01111110011111111111111010110111110111111010111111
11111110111100110001010011000011110111011001110110
11011101111111101111110110011111101111111101111111
00110011111001101110111111111101011111111101110111
11101111011110111111111101111110011111111110111101
11101110111011111101111111110111111111111111101110
11101111011111100111110111111111011011001111110101
00101111111111111111110011101110011110011111111111
01110111111101111111110111101110011101111011010111
11111111111101111011001111111010111010111111110111
11100111111111111011111010111101111101111101011111
11111011000110111111110101111111111101011111111111
10111111111111011111110111101111100110110101111101
11111101111011111111110111011111100111111111100001
01111111111101111110111110111110111001111101111101
01111100110111111111101111111011111111001111111111
11011110101011100111101111011111100001111111011111
01011011111111101011111111101010101111111010111111
01111011111111111011111111111111001110111111101110
11111111111111111111101111110111111111111110111111
11111110111111101111001110011111111001110111101001
11111011111101111111101111111101110111111110111111
11111111011010101011110111001111111110111111111011
190 492 76 42 17 3 0 16 