50
38
01111111111110101111111011111011111010
10111111111110001111110111011111111110
10100111101011111110101111111111111111
11111111111111110111101111111011010100
11110110111111011001101100101111111101
11111011101100011100111111111111110111
01001111111011111110111011110111111101
01101111111111111111110111111111111101
11001011101101110011101111110111111101
00111111110111111011101010111010111111
10111111110101111110111111110111111111
11110110111110111110110111111011111110
10010111101101111011011101111111100111
01111011111101111111100111011110001111
01001111111111111111011111111101110111
11011101111110111111001111110101100101
11111111111111001111111111011111111011
01111111111011010111111100011011111110
00111101111011111111111111101110011000
01111011111101111011011101111111111111
10100011101111111011011101101111110111
01111111101111111111111111010111111111
10111011100011101111111100111011111111
11101111101111101111011101111111101110
11110111101110111111011101010110111111
11101111111011110101111011110011101111
01010111100011111011111101001111111111
10111111111011111111101101111101101011
11111110011101101110111111111111111011
11110111101111111111110111111111000111
11101100011110101101111111111100101111
11110111001111111001110110110111111111
10111001111111111111111100110110111101
11111001111100111110110110111101011111
11101110011111100011101011110101111101
00100101101111101110111111110110101001
11111111111111100111111111111101111111
11111111110101111111101111111011110110
10110110101101101111111111111110011111
01110101110111110011011111111111111111
11111111011101111101000011110111000011
10111011100101110101101111111000001011
11101100111111111110111011111011111111
11111111101111111011111111110111111111
11111011110011011111111110011110111111
01110111011011110111110111011011101111
11111111110111111111110111001011111110
01011011110111100111101001111111111111
11110111111111110111111111111111110111
11101111111011110101101111111110111110
53 200 37 14 6 6 0 9 