50
36
001000100000001100100000101100100001
011000110010100010000011000110101011
100110001010010000111111100100001011
100111101010111010010001001011000110
100000010010000100110111001010110101
111000001000110110100000010000100100
010000010000000001001010100100000101
011011001000100000101011100011010001
000100100001111100101100100000111001
010111001100010001010001001101001011
000100000011010010001100000111100010
001010110100111101100010101010000100
100001011111001111001100011100010000
100010001000001010100101010110001010
110100100100001100110100100011000110
000000100000100010100111011011100111
000000000001000100011100001100000000
111000001011100000000100011000101010
001100110001001001011101101100110010
000001111000011001001010110001100100
111100011000000001010110000110000100
000001010101001100011000000001010000
000101101000000000100000100000000011
110000010010101100000111111111111011
000010000100110000010010010000010000
001000011000101000101101000100000000
000100101011100100110000000000010100
100101010111001001001010000010010010
100000001111010000011010000101110110
100101000010011011110001100111000110
100100111101010100111001111000000110
011011111000000001100111000100010000
010100000110101000000000100001000100
110010000111000001100001101000110000
001110100111000100010001110010110000
110110000000000110100001100111011010
011101011000010101000101100000100000
010111111011001000100001010011001100
110001110110000010000101101010010100
100100010000010101001111110001111010
110101010000101001100001111101000011
001101001101111000001001000000101001
011001100100100110101101000100001011
101101000001001000110110101000010000
000011001011010101101011101110001100
000110101010111010000101010101110000
101100100010000111010110110001001001
111101101101100000000110010101010110
111011000100001001010011000010010101
001000001100100101000111001100110010
49 181 23 14 6 7 0 4 