50
38
11101111001110111011100111111110100110
10111100110101111111111100111101111101
01111101111111111100111111111111110111
11101111011111111010010111101111111001
11111111110101111111001111111111101011
11010111111111111101001110111011110111
11111101111011111011111101011111011101
01011111111111111111011011111011001111
11011111111101110011111111110111111111
11111111111100101111011110100111111111
11110100111101100011111111111110010011
10110111111111111011011001110101110111
10111111011101111111111111111010111110
11111111001111101111101001110111111110
11011111111110101011111111001101100111
11011101110111011111011111111111110011
11101111011111101111111111011101111011
10101111000111111111111110011111101111
10111101111101111111101110101011011011
01111111101111011100011110101101011011
01100101111111111111111111101111111111
11111110010110111111110111111011101111
11111111100010111111110101101101101111
01101011111111110111111111111111001111
11011111111111110111011111111111110101
01101100011101011111111111111101111111
11111111111101111111001110111111111111
11111111111101111101111111111011111101
11100011111101111110111011111111111110
11111111111111111110111011111111111111
10111110111110101111010111011111111001
11011111111111110110111111111111111011
11101010111111011111110100111111111111
11111110100111010011110100111101110111
10101100100101011111101101101110111111
11101101111011011111111000111011100110
10111010111101111011111111111111111111
11011111101010011101111101011100110011
00111011101011100011111011111111111111
00111001010111011011111101111101111101
11011110111100110101111110001111111111
11110111011111111111101111111111111110
11101111111111111111111111111011111011
11111011111111111111111101111111101011
11100111101011111111111101111101110111
01101011011111011010111010111111010111
01011110111111111001111011111111111101
11111111111111101111011111001110110111
11111111111111110111101110111101010011
00111111101001110111100111110001010111
41 141 20 10 3 2 0 1 