50
50
01100100001000100110011001011100001000100000000010
11101000000111000110101110110001001101001111111000
10010100100111100011100100000001001000000000000110
00011100001000101100011000000000101011001001110011
11101011011000101101010001011100000001000000000000
00100001010100011000100110100100111000101000100100
00000001011010000111001101000100100000110000101001
10100010001100010000110110001100000101100010010000
01100110000100001001100010000111110000010011101101
11001100010000110001001010110010010011000100100110
00010011100010110110010100000011100100000111000110
10110101001010010111000000001110101111010010000000
00011000000100110111001011010011011000100100000010
00100010101001101100111101000010010110100010000011
00100111001100001100111010110000100001100000111000
01110100101001111000010000011010000001010000010000
11010010100101000110001110001100001001101110100110
10100010001100000010010000001001001010000111100100
10111011010100000000010011001100100010101111000001
01010110000100010010010000101101001011111010101011
11100110100001011001100100110110000001001000001011
11111010010011011001111001000111100000001011011111
10100011101000000001000011001100001010100001011000
00110011101000000010010000010100100100010010000100
11100011010000010010111101111110010000011100000001
00001101111101101111000000011100011111100100101011
11010000111011000011101001100001110010001010001000
00100000000001100101010010000101001100111001001100
10000100011000001101101000000110001011111101000110
01010101000110000000001100011101000000110001100000
01001110111001010000010100011110001110100001101011
10101110100001110011100010001000001110010110010110
01100010001010010100111000110110000101000110100101
00000101010001011100101111101001011010011001101011
11000100011010011111101110000101000000111100001000
01111011000001010010011010001011000111100101110000
01010101010001011000100001111000110110110001011110
00001010001000010000110101000000001000000100100110
01000001010100000001000100100111110000101100010011
00010001001001100100110110010010111000000101101010
01000011011000011101100011110001001011000000111110
00011010100100001101000010010101010010100000000001
01100110010000011111000000110111001010000100100100
10000100100010110100110010000000000110101000100100
10010100001001001011111000001000000001011010010100
01100000100110000110100010000011000101001011100110
01001000100001010000100000010011011000111110010111
00100010001100001000011101000110010110100111000000
11000010100100000001000100111110011110111001110101
11001010011010001000110010010111010111110000010000
30 96 10 7 2 2 0 0 