34
50
11011111111110111111011011111110111111110111110101
11111111011010110010111111111011110101111011111111
01101110111111101111111111111111111001111110011101
10101101111010111111111111111111110011111101111111
11101111110111111111111001111111100110011111111111
10111111011001100111111111111111111111100111101111
11111101111101111001111011110101111111101111111010
01110110011111111100111111001110011111111010111111
01011001111111111101110010011111101111011111011110
11101111111011111111111111111111111001111111110111
00111111001111100111111111111111111110110011111111
11111111011101111111111111101011111111110001111100
11100100111111011100010000111011011111101110010111
00110111011111101111011110011111001111111111111111
11100111011010011001110111110111110011111011011011
11111011011110100111011111111111011111011111111111
11001101110011111111110101111111110010011111111010
00111111101111110111101111111111111011111010111111
01110110111000011111011111010101110100011111011011
10101111111011011011111110111011111011100111111010
11011111111010111000111011111111101111111111111101
11111011011111111111111111011111101111110110101100
11111110101011101110111100111011001111101101111110
10011111111101111111111111111111110111101011111111
10111011111011101111111111111101001110011111000111
11111111111011111111101110101101111101011110111100
00101111111111111111111111111111111101110111111111
01011111111111111111110111011110111110011111111101
11111011111111001111111111111110111111101011111000
11111111111011101111111011111111111011011111101111
11101011011011111111111011111110111001101010111011
11110011111011101011111110011101111111111011111111
11110101111111111001110011111111111101111010101111
10101111111111111111011111111110111111111011110111
95 257 57 19 6 5 0 5 