34
50
11100100001010010000000100100000100001110010110000
01000110000110001001000111001000101100110000110011
01111110011001011101100100010000101001110100001001
00100010100100000101001000000100000100000011000010
01001100110101100000110010011001000011000100010111
10000100101100100001011011010100011111010100100101
01000000000000101011100011011101100000101011100000
00111010100100101110111000100100001100000001101100
00001001010010111100100010010011000110000010111011
00000000101111000100001000000100001001101000011001
00001000000001001101000111100010010000001000001111
00111000011000011000011110000110101000001010001101
11001011000000000110101000100001010011111001111100
11000000001010101101100010110000011000011100101100
10110000011100010110001000010100100100110110010011
10010001110101011100010101100001000100100000010000
10000010010101111101011110011101100011101000010100
11101100001000010101110101001011011101001000000111
10100000000000100100011000100111010010001001010111
10011000000010101000010110011110100100100001000011
01010100001011000011100100101000110001011101001011
00101100000110100000001110001010101110000101111000
01001010101000110101001110000000001010000010000010
00001010010111010010101010111000001101001100000011
00101010001101010111001000111011011000100000111001
11001000011011000000100001101110000011100001111000
00100100100100100000010000000100101000010110101011
11011111101001100100100010000000001010001000000110
00000111000110101001110111011001010000010000110001
01011010110001100100101010000110000110111110110000
01100000010111100001010111101011000111001101000101
11101001100101000001111001011000100001000111000010
00000110001000000001100000101111100100110000000111
01001000101010111100111000111011100001001000100100
33 111 14 7 3 0 0 0 