55
50
00000000000000000010010001100000100010010000000000
00101010100000100010000000010010000100000000000011
01000000010010000000101000001000000001100000000000
01100011000100000000000000000001000000000010000100
00000000010001000100000000010000000000001010000100
01010010000100000000001000000001101000011000100000
01010100010110001010000011000010100000000000001000
11000000000100000010100000110001111010000110111000
10000000000100001001000101001001000001110010000100
11000001000100101001000010000000100000100110000000
01000000001000000100011100001000100000000000000100
10001000010001000100010100110000000101000001000000
10000000100100010000100000010000000000100001000100
00000010000100000000010000000001000001000000000000
00000000000000010100000010000000000000000000010011
01000001000010000000000010100000010010010100000011
00000100000100100000100000000000100000000000000000
00000000010001010101000001001000001000011100010000
10000010001010010010000100100000010000110001001010
00011000011000000000010000000000101100001100100000
00000110011000000000000100000000001000000000100100
11010000110000000000000000100000000000000100000000
10000000000110001011000000000000010100000011000000
00000000010000000010100010000000101000000000000011
00000011000011001001111001010000101000000000000100
00000001010000000000100000001000011000000000000001
00010001100110101010100010100100001100000110000100
00001000011100001000110001001001011000010000000001
10000010000000010000000001010010001000000100000000
00000000000000000000000000000000000000000000000000
01001001000000101010000010001010001001111010110010
01000000000001101000011010010000011000010000000001
01000000010000000001010100000011000100000000000000
10100000100010100011000100000000110010000000100001
00010000100000000000000000100000000000010100001000
00011000000110000000101011001011000000100110011110
01010001000101000101000010011010000101000001000000
00011100000011001000000001100100001000000000100000
00000000000000000100000000111001010000110101001000
00100000010100000101000100000011100001000100000001
10011000000001100000000010110000010000000000100100
00010000000000000000010011000001000010001101000001
00000100000000000000010011001110000100000010000010
10110000100100000011110000000010000000001010100000
00000001100000001110001000100101010010001010000010
00000000000000001000000001010100000001001001000010
00010101000110000000001000000000100000000010011110
10001000000000100100000010001001000000100000000000
00100100000000000000010010010000000000001011010000
00100000010000000101000000000001000011000011001111
01001010010000000000000000000000000000000010000000
00010000010100010000000000000000100000000100100010
00100000100010000000011100000010010100100000000000
01010000000000000101111110000001001000000101100000
10000000001000000000000010000011011001100010000000
15 61 6 3 0 1 0 0 