34
50
11111011111001010110111111111011111111010111101011
10111100111111111111010111101111111101011010100011
11011110110111101011110111111000001001111111100101
11111101101001111111111101101110111011011111111111
11011111111101111111111101111111000111111111111111
01110111111101111111111101111010011000101111111111
11111111111101001111111101111111011111111101110111
10111101111110010101011011011111111111011101011111
11011101111011110111001111110111001001111011110111
00101101111111010101011101111110111111110111110110
11111111111001101111111111010111100111111011111001
11111111101011011101111110100111101110111111111111
01101101011111111111011111101110111011001010111010
11111001111001111111011011111011111011011110111100
11110111110111111111111110111111111111011011011111
11110001111111111111101100111111110111111111110111
01110001111111111101111010111111111110011110111100
11110111101111111111110111110111111111011101111101
11111010011101111011110111101011110010110111011101
00011010110111111111101111110111111011001111111111
11111011111111101001011111100111011111111111111111
11100110110101111110111111111111111110111011011001
11110100101111111101111111011111111111111111010110
11111110111100011111111001111111100111101010111100
01101111111110011100111111111111111111110111101100
11111111111111111111110101111111111111111111110011
11111011111010101111111110011101101111111001110011
10111111111011111111101000111101101011001001110111
11100111111101011111110111111111111000111101111011
10011101111010010101111101110111111111101110110011
11111101111011101100000111011111111111111011111001
11101111111111111111110011111101111111101101011111
11111011000011111101111111111111111111111101011101
11111111111111111010111111111111111111100111111111
66 174 33 13 5 5 0 7 