50
45
111111111111001101100111110111111110111110101
010110111011111101111111110110111101111011111
111111110111111011101111110111111111111111011
111111111011011110010010000011111111111110011
011111111011111011110111111110110111111100111
011111111110111111011111101111111111101110111
111101111110011011110001011111101110101110010
111011111111111100111111111000111111100011110
111101101101101101111111111111111111101110011
111111110110111101111111101111111011111010111
111111101101011001011111110010111111111101111
111111100111111111001111111111100111111111101
111111111111111111001110111111011111111101010
011111110111111010111110100111111010101101111
111011101111110101111111101111110011111111111
111111011110001011111101011110011111111110111
011111111111110111100101111011101101111010101
101101111110101001111111111010101111110111110
111110110110111011101111011111111101011110111
111011101101111010111100111111110111111010110
111111111011111111111111110111110111111011111
011110111111111111101110101111111111111011110
101111111101111101111110110011111111111111111
111011011100111111111000111111111100111111111
011011011111111100111101111011010111011011111
111111111111111111111101111011111011111111111
111111011111111110111111011001111111111110110
111111111110111001010111110101110011011111011
111111111110110111111111101001110000111111110
111110101101111111111001111101101111011110111
111111110011111101101111011110101111011110111
111111111011111011011011111101101111111110110
011011111111111111110111110111111111100111011
111111011111011111111110111111101111110010110
111011111101101110111111111111111110111111011
111011111111111110110101011100111111111110111
111011111110111110111111111011111010110111101
111111101111111111101111111101101111101101111
111010110111110111110011111111111110100110110
010111010111101101110100111111111011111101111
111111110110111111101011101111001111101011111
111101111111010111011111011010111110101111011
110111010111101111110111100101111111010011110
110110111111111001110110101111111111101011111
101101111111011111001111011110111111111111111
110111111110011110111010111101111111011111111
111111110111111110111111100111100111111100111
101110011101111110101110011011110111101100011
011111111111111001011111101111110111111101111
101101111111010101110111110101110110111010101
113 346 50 32 14 2 0 13 