50
45
111011111011111111111111111001110111110011111
111111111101111001011110111111111110111111111
111101111111111111011101011010111111101111111
111011001111111100011111101101011111100111011
011111111101111111111100110111001011101111000
110111110110111111111101101111111101001101110
111010111101011011101111111011101111011010111
111111101010001111111111100101111111111111111
101111101111110011001111111101010111111101111
100011001111111010111111101110110111111101111
110111111011111111110101110111110110111110011
111110101101111111110100110111110111011111110
111111011011110011111111111111111111111110001
111110110111010111111111111110111111111101110
011101101111111110111110011111111111110101010
000111111111111111111101111111101111110111111
111011011111011001100110111111101111111110101
101011010111001111111110111101101011101110001
110111011011101111110111111110101110111111111
001111111111111110010101111111110111110111110
111101111111111101110111111111101100111111111
110000111111101001111111111111111111111111011
111111111111111101101111111111101111111011111
111111111111011110011110111111011011011101111
111101111111111101011011011111001111101111101
111111111101111101110111111011111110011111101
111010111100111111111011111011111101111111101
111111111111011111111111111011110111111101011
001110011001101111111101111011111101111111010
110110010111110111111111101111011101010111111
101111101110111110110111110001111111111111111
111111111111111111111111011101111011110111111
111111011111111111110111011111011001111110010
111111111011111110110110101111111111011111111
011111111111011010111011111110111110111111011
111101111101011011111110111110101111110111111
011110110111111001101011111110110111110110110
111111011011101101111111111111011100110101111
111111111111111111111111111111000111111101101
010111111100011111110111111011011101100110111
111111111110101011111101110111101011011110111
111111111111111101111111101001101110111101110
111101111111111110111111111111111111110111111
111111111111111011111111111111111111111111111
101111011111111110101100111101011111111111101
011111111110111111111111011111111111011110111
111011011011111001011100011111101111110111111
111100100111011101111111101010011111101111101
011111100111101011111111111111111010011111111
101111011111011111101111111111001111101110111
156 454 65 32 15 10 0 16 