32
50
10000000000010001010101100110000000111000100001101
01100000100000000000000101001100000001100000000000
00000100000000001001010000000000000100001110000011
00000001000010000000000000110001001000100000000100
01000011011000001100000001000001000000000000011010
00000011000001000000000001100010001010000110100010
11001000100100100010000001011000000011000011010001
00000010100000000000010010000000000011000001100001
00010000000001000101001001000000001000110000011100
00000000000100000001101000000000000011011000000000
00100000000100100100000000010101001010100000100110
00010000001000110000001101000000000111100000000100
00000001100000110000000101010000000000010000000010
00000001010100101000000000000000010000101101000000
00000000000001010010011000000100000100100100001100
00101000000010000100000000000000000100001000000001
11011010001000000000010100001001010001000000100000
01000000000101000100100000011000001011001000001100
00000101100000000000000000000011000100000101001000
00010101010100000000100010010000010000000000000000
00011000000100000010010000000100000001101000000001
00000010010100000100000000110000000100000000010000
00101010001010000000110101000000000000001010000000
00000001010000000100100010110000001001000000100000
00000000000000001100000010001100001100001000010010
10100000001000111000000001011000000110000000110101
01001001010000010000000000000000001000000000110000
00000000110011001100000000000011000000100011010000
10000010011000001100001100110010010000001100000001
00100010100000010000101011000010000000100100100001
00000010000000100000000000000000110101100000000101
00000000001000001000001000001000000100000100000000
15 55 8 6 0 0 0 0 