32
50
00000100001000010001000111010000000111000000101000
10001101001100111000111011100101010101001111000110
10010000100001000110001000011111101011000000010010
01001100001101011100010001110000101000000111100100
01010101011001110011011111100000010110101100001001
01100000000000101011101011000001011000001001110010
11000110010100000001110101011011111111011101011110
10100100011110001001000010111001001100110100000110
01110110001001011011001011000100100001100000100110
01101001110110100001000001110010111010111001100001
00100101100010011100001001111011111001011100111100
11100110110000001010100000000100011100101000000001
11001111101000000110110100011011100011100100000100
11000101100101100110000010101111000101101000100110
01000001001101100110001101000100010010001000101011
10010110010110011010001100000001001000010001001011
00000100000101110101101100000000111000001001010010
11100100100100100001100010000111101010101101100001
11101001101110101011000010101010100110000010001000
01110111000010011001100000110000111001000010001101
01001010010001111000100011101111000100011011010111
10011101001010000011110001001000100101001011010110
00101010101010110100010011001100011110010011100011
10100101000111010110100010101010000001100101100001
10100000110000100100101101010000001100100010000000
11010001101111000100001010101100100110011100110010
10101010110011010110000111101010001100110001011011
00011010100000000111000000010000101110001100010110
10101010010000000010001011101001011110010101100100
00001000001011001000010010100100100110011011110101
10000010110000000001010100101011000100010001100100
11010000101011111101011000001110000010111101011011
54 171 32 14 6 2 0 3 