50
45
001001001000000000000000000000001000000110000
010100011010010100101001000000000010001100000
000000010000110000001001000100000000000000000
000000000000000100001010000101110000000000011
001000010000000000000100000000000101001001000
000010000001000001011000000000110100000000010
001000001100111100000000000010010100000000010
100000001000001000000100000000010000110001000
000000000000000000000001000010010100000000100
000001000001011000001100011000110000101000000
000110001000000000100100100000010000010101111
001011011000001000001100000100110100001001000
000000000100001000100010010000000001100111001
000011101000000001000010001000000000100000011
000001000100000110000010000000000000000000000
000010000000011000010000011000101010000001000
000001000101000100110011000010001010000100000
000010001100000000000000000000010011000101100
000000101100100001110100000001110010000000001
000100010000000000100100100000000000011000010
100000001011000000100000100000100000001000110
001010000100000001010100000000000000001000010
000001000101000000000101000010100010010000000
010100110000010000100101000001100000000100000
010111000001000000000000001000010000101000000
000000010010001001111000000010010000000010000
000001101000010001000110010001000110000000000
000000001000000100000000000000001000000001000
010000001100000000110000100010000000010100010
101001000001101000001000000000001001001000010
000100000000000000000000000001000000010001001
000001000000000000010100000010000000011000100
100101000010000000100000000000000000000000110
001000010010000001000000000010100001000011000
000101000100000011100000101001100010111000000
000010000010001010011000001010010000000000101
010101010000010001011000001000100011011000101
010100000000000000000000001000000010010000000
001000110000110001000101010100000001001000110
001111010011100010010010000000000000001000100
000000100000101001010000010100000010000000000
000000000100000000000100100001100000001000000
000101001000000000010000111010010000000011000
001000000000000100100000010000000000000000100
000000010100000000100100000000001100011001100
000001001100000000000000001011000000100010010
000000010001000000100100000001100000010110000
000000100010000000101010000000001001110010000
100000000001000000000000010110110001000000000
010010011000001000001000001101100000000000000
17 86 9 5 0 0 0 0 