50
40
0010001000010010000000101100001010000010
0010011010000010000100010000001100011000
1000100001000001000011001011000100101010
1000010000000000100010010100111001101000
0000001000101000000000010001001000000110
0000100000001001001101000000100011000000
1000100001000000011000110000000000001100
1000001000100000010000100010010001010001
0100000010001000000001000000000001001000
0010011001000000001000000010001110100001
1110000000000000001100100001101001110010
0000011010001011011010000100000100010110
1001010000000000000000010000000000000000
0010010010000010010011000000001000000000
0100010111001000010000010010000000000000
0000001000101110110000000100001000100000
0001100000000000000000000000000000011000
0000001100000010000101011000000000000000
0000010000001010000000000000100010000010
0010000000000000000000100010000000000010
0100010100000010001010000100000101110001
0000001000001000000000000000010010110000
0011010100110001010000000010000000000000
0000000011000001000000100000000101000000
0101010100100000000110010001000101000000
1100001010001001000010000000010100100000
0100000000000001110000100000001000000000
0100000001000000010000001000010011000000
0000010000011100010100000100011100000100
0000000011010110000101101110000100001011
1000000000100010100000101000100001011010
0001000000000100010000000010010010100001
0000110010000100100000110000100000100001
0001000000001000000000001001011100000101
0110001110000000100101100101010000100001
0001000101000000010000011000001001000000
0000100000000100001000101000000000000001
1010000001000000000001100000000001101000
0001000000000000000000000000011100000000
1000100000100010000000000000101000000000
0000010000000000100100100100000101110000
0001010001001000000001000000000100000010
1000100110101000000000011000100000000000
0001000000000001000000000000011000000000
0000000001100000000000000000001000100101
0000000000000100111000000000000010000010
0000100000000010100000010010000000100100
1000010100000100000001001111001101100000
0000000011001000001000011000010000101100
0000010100010101001000000100000010000100
26 99 14 10 0 0 0 0 