20
40
0011110000001000111001111110001001101100
0000000000010001001000000111011010010110
0001100000001111101000111110000000101000
0000000010101010001001100010000000010001
0000011110001111010000000110101111000000
0101000001011110010001000000000101010000
0001011110001011001001110000010000001010
1010010011001001001000100010010000010001
0110000100100110100010010000110110111100
1101011101010111011101011001111000101010
0001000010110100010000001001000100010000
0001010011101011111010100001010010000001
0001000110100000001001010001000011001001
1100000010001001001010011110010001011010
1110110010111100100001101001111100000000
1010101010010010010000100000010001100111
0011000010000001010010000101011111000011
0001100111010010011001111010000100110101
0000000101000001000010000000110000101010
0000101010000110001110101010000010000111
15 48 7 2 2 0 0 0 