50
38
11111110011111110011001101111010111111
10111010100100010110110010101010101010
10111011101101110011110110111111000011
11100011110111000111110100001110100000
11101110000011101101010101100010101110
11011100110011110100110001011111101011
10101100001111110011101101111010011100
11110101010101101101010010001010000110
00111001011111011011100111110001111110
10101110110100001010111011111110100101
10011011111111010111110101111101110110
01111101011101011011010111000110010111
10011111111111001110011100110111011110
00111111111110001100101101011111111011
11111100100011110110010000011111110100
11011100011101100001100111000110011110
11101101100011100111010111010101110100
11111101111001110101001110010111001110
00110110010100111111111101100010011010
11111001011101011001010110001010101111
11011101110101111110111111011101101011
01010001010110011100110110101000010100
01100011111101010010010101011111101110
00010001110011110111110101010100101001
10000100110101011011010010111010101101
01101010101011100101110011010111111100
00110111101101100110100100111101011100
11000101111110011000010011001001111111
11101010101001100100101011010111001111
11110101001110101010111011101111111111
01001011110110111011110101110000111111
01110001110001110010011111111001011101
11101101111011110111101010010101110100
11111110110011110101101110001110010110
11010000001101111111100111101111000110
00100100101110100100101011110110100101
10110110101011000011110010100110011001
11100001101100011111110000111011100001
01111110011101011100100000101001000011
11110001100010110111001111100111010011
01011100101111100001100111101100101110
10101101110111010000111000101100101111
10101001111100010111101100010011010010
00110010110111101110101101010110100001
11001010111110110011011000001101110010
10101001011111111111100101001010010110
01110101111001010011110101111000001110
11100111100111011100101011110111110111
10001001111111100010111001100011101100
00110111110001110000011100010101011001
35 96 20 5 3 2 0 1 