50
45
100010010110000011010001001011010110001010010
011100100110001101110000100000000100011001111
000110010000000011010011001001011010000000110
110110100111011100101000000110010000010100101
011100111000000001000101010010001110001010011
001110000000110001111001000001000100110100010
000100001011010010100010000100000001100111001
000110001101110011111100110100100011010100011
001111000110010100010001100100000001001100001
000000000110011001000100000110001110100000111
000011110100000101000000000011010000101001001
011000000111010001010000000011100101000100101
000000001110111011000001010000101100010000101
110111100000000010001111001001011001001111111
001000010100110100000000001011100001000000100
111110011110110000101100110110100010111010010
100000010011000100111110000011111010001010110
111000100101110100000101101011110101000010100
111010101100100111001010000110001101110001000
111001010011010000000010010111010001101001101
001011001000101100110110100010100111011000000
101000110010000110110010011100001010100100000
000111101010111110001000101111011000011000110
101110001010001010100000111101010001100000100
001010001000110011101100000000101110110000111
110100110011010000011011000000100100100010001
001011110100000001101000100000001001010000001
100001010110010101000100010000000101001000000
010001111000011000001000000000110100010100000
001100100011111001101100001011100010110110110
100000000100110110010101000011000001111011010
110110101101100011100100010001110000111000111
000000001001110111000010100010011100100000001
010001000110000010010001101110101010110000100
011010000010101000000000001100101101100110000
101001111100011000010011110000000011110100000
100000000111000001000100001000101110011111110
011000010010010000001011010000010000000101010
000101110001010000011100101110001101110001000
000111011011000100000100100000010011001010001
100000010000000100000000100001001000000000010
010100000001000111000100011001001101101010101
010000101010110100010010110011111110110000000
001000001000110000000000010000000011001101001
011000100100001001000001000001111100011100110
101010001001101100101100000010111011111010010
000101111100000011000001110100000011111111101
011100100001001101010000110101000000110001110
101000011000000011001000101010011000101000001
010000000010011101001000010110101110001001001
44 112 20 10 3 3 0 5 