32
50
10000000000010000000100100100000100000000000001100
00000000111100000000001010100010001100000100000001
01000100001001011100010110001100000000100100000010
00000010010001000100000000011000000000010010111100
10001000000000000000100100000100000100000011101000
00010001010001000011000001110000000010100100000010
01000000000100000101000010001000100001110000000000
00000000100010010100000100000000000100110000001111
01000000000000000011001000000000000001010000000000
00001010000100100000000000001000000010010000001000
00001000010100000000101011000000000000000111110100
10000000100001001000000001000000000000000000000000
00101011100000000100010000100000000000000000001000
00000000001000000000000001000001001000010010101000
00000000001010000010100001101010000000000000000000
00100000100000001010101100000100110101100000001001
11000000000000010011100100000000010000101000000000
01100100000000100000000100011010001100100000010000
00000011000100000000000000000100001000000100000000
00101001000000001010100101000000110010000000000001
00000010000000101000010000000100000010000100000000
00000000101000010001000100000000001010000001100000
10011000100100000000000101001000010000001000000000
00100000100000001100010001000101000100000000001001
01000001000000010000000000000001110000000001011010
00000000110000001000000000000000000000000000000001
00100000000010011000000001000000000000001001000010
01000000010000000010000000001110000000101000101000
00000111000000000000000010100000001000001000000001
10100000000000000000100000000011000000000000100000
01001000000100000001000000000110000000100001000110
01001100000001001001000000000000100000110000000010
11 31 6 1 0 0 0 0 