50
36
110011100001000011000000111110010000
110000011100010110101110100011101010
010101100011100010100101100101011101
101000000100100000010100100101001010
011100101000100100101100000010010000
100010010100001100000110100000001001
100000000101001000000001011010000000
000101000110011010110001010100001000
000110110110110011010010000100111011
101011000001111000000100000011110010
000000101110010100000000010010110110
001001111111110001000011000110110000
001110100100110011000011111000011000
100011010011110001000001111100111111
001110000000000001100110000011100001
101001111100000100001010101011110111
001101001100010011100001111101101011
001010110110000100101110001001101010
010000010111001011000000010100001110
100000000011001110111000100111101100
000100010101100001000110100010110100
001100111010011110001111010001100100
100001001001100001011110101100000001
001001000001001011101001100100011111
111001111000000110000011010001000110
010011000100111001001000010111011111
010111010111100000000000110000000100
010110100000000001010010000000110110
001010100001100000100001010010110001
100001110110110101100110110001000100
100000100011110011100010010111101111
000011100101000001100010100111011011
001110000100101110101110000000101110
111000001001100000010001000111000010
100100100100000110011001000011100010
100010000011000111000100011001001001
100111101000000000000001011101010000
100100010000110010000100100001010100
110001011001001000010100001101100000
101110110101100001011011110110100010
010000100011111001011000111100110000
100010000010100100000011011000000100
010000100110010010010100011010100100
110100010100100110110000001001110000
110100110011000000101100010110000111
010100010101111001010010100000110000
100001000001000001000011000000101101
010000001000010010111110101110011111
110011100110110100011000010101010010
000000000100100001110000101011000000
13 66 6 8 2 1 0 1 