60
50
11111100011001111110001001111101111111010101111011
01010111100100111100010011110101001010010101100001
01010001110110100111100100100110010100001101111100
01001111010101111110110000010010110110001000001000
11011100100110011011111110011111001100111011000111
11111010110001101010100010111101001100011111110011
10011001100100001100111001001110110111001101011101
00000110111111110110010011001101001101100001001010
10110111111101101011111100111101111101101111110110
00100101111111111010011100100011011001011100111011
00010100111000001101011110111011101100110011101111
10010010101010110101111100111111000110100110010010
11101111001100111100001001111110011110111100110111
11110001010101000110000110000011110010010100011110
01011101110110110101011001011111010011011100001111
00110111010110011111011101011011110010001100000000
10110100010010111011011000111010001110100100011100
00010011110110110101001110111100000011110111001011
00110110101101111111011000011000111001010110110111
11111111000111110110011100001001100001001100110011
10011110100010010101110110101010011111111010011010
00111011111100110110100101110011110010111010001111
01000111000000101011110010100111110110111101111101
11100101001111010000011010011111110100111111100110
01111010110101101001010011011011101000110101011111
01110011001100011110011100101101001111100010110111
00110111100110101011111000001110000010101111101110
11100011001111010100110000001111010100010011001011
11110011001101000110110111111011001010111000010010
00101100010011110010111110011001101011100111110111
11011000011001010110011111010110010101011010101111
01111111011101011000010010111011011001111011111010
10111011101001111101100001111011100111111111101110
10110010101100101100010111110000111110111101111101
01110011000001110011101110100100110111010111100000
00101111101010111100011110101101110011101101110111
00101011101111110100101011011111101111000011000111
10111110001101110000111101111010111110111100010001
01011011001011100110011010111100111001111000111011
11111100111010010011010111111011111001110110001000
10011111010111101100011111010010001110101101111111
11111110010101111111110110100111101111000111100011
11011111011000100000100010101010111111001111000101
10101101010100001011110110111111101110001011110111
01011011000100110101111000111101101101001101011010
11011110110111110100111111100010001000001111011100
11000101000010001110001111010110010110101111101110
10110111000101100111111011101110011001101111111100
01101011011110111111111011010101011111001101101000
00110101100010001110001011111001011001011011011011
11011111110101111111110010110111110100001011101111
00110011111110110101011110000011100000100011111011
11101110011011011110100011111100011100011111111110
10101011100001101010000000111111001010011001010101
01111111010000001111100101011100010101101101101100
01011111111000011011110110011101101011111010101111
11111100111000111110001000001111001110110011111011
01111110100001001101011111111001100101101001110111
11011101001000011111110011110010010110101001011101
00101101101110010011000100001111011110011011101111
137 333 59 24 13 3 0 11 