50
38
11110010001100101000011110101111111010
11111111111011110111011110100110100001
00010110010010111110010110011111111010
00110010110001001101001101111111100011
11010111101101111111010111110011100101
11010010111010111001101001110010110011
10001001011010101001001010111101111010
01001110111010000101110100110110010010
11011101111101101111101101011000111001
01111011111101000011010101100001100101
11010111101110000101101111101011011101
00110111101111101101000111000010110010
11010101100110111100100001101001100010
10111001011001111110010001110101110010
11111110000101111111101101111110100110
11110101111101101110110000100101101100
11101100000100011110111101111110110101
01011111110101110111110111011011111100
11101101011011101011110001100110101101
11001110101111000111001001111100011101
01010101111100111011111111111000001101
01001100011100111000101111111000110110
01101101001110110011101000110111110111
11111100001000101101010110010100010111
10101111001101011101011000000011111010
10011000010100001001100101111011111111
10000001101101000101100001111101101011
00011000011011110111111110111100100011
11100111001010010000101101101010011000
01100011001011111111110111100011100110
10000010001001110111011111011110011100
10011101100001000111000111001111111000
11111000001001101111001101111011010101
11111101010001111111010101110110111110
11101000100110111110101010111001110000
10000001011101000100110101101001100100
10101101011100001111100101011111010100
00101101011111011000110010001010101110
11110111000001110110011111011111110110
01000111100111000101011111101111010101
11000111010101111010010111011010011100
00110101001101111001111100111010011101
01101001100100011111011111100101100000
11001001111001111101100111111010110001
10011000110111110010001111111110111111
10111101011100010111110101011111001111
10001111101001101110001011111100001100
11101010011101110111010100011001101001
11111110101010100011110001010011100010
10011111001111101110011101101000100110
103 256 47 28 11 8 0 6 