50
45
000010000010100001000010000000000000010111001
100101000000000100001000000000100100000000000
000000000000000000000000000110010000010000010
000100001101110101100000000100101010101100011
000000000000100100001000000001001000000011001
000001000000010000010100001100100011000000000
100000110000100000000000000010000000011010000
010001010000000100000000010000001011000000000
010000001000010000001110000001000000001110000
001001010010000000011101011000010010010000000
000010000010011000000100010100000001000110000
100001000010001011010000011100000000010011010
100000010100000000000010000000100011000010000
000000000000000000000000100000000100000010000
001110000000001110010010011010000000001010100
000001000000010001100000000000000001011000011
000001000010010001000000010000010001000100000
110100010000000100100000001010000000000100000
010010000000001000000100000110010000011000000
100100000001000100001000000000000000100000000
101000100001110000110001101010000000000110010
000010000000010000100100011100000000000001001
111100001000010001010000000000000000100100000
100001000010000000000100000000000010001100000
001000010000100000100010000010000000000100100
000000010011001000000001000000000110000000000
010101110001000001000000000001000001010000000
000000010000001000000000001100001110001100000
100000011000011000000000000100001011101010010
001000000000001000000010001001001101000000100
000010100101010010000000100101010000000000001
000101000000010110100011010001100000100000000
000010000100000000010010000000110000000010000
101001001000100000101000001000000010100011010
001000000000100010110011000010000000000100011
000000000110000001100100000001000100000000000
000001000010100000000000000001000000000000000
101000000101000001100110000000110000100101101
000010001000100000000110110010000000000001000
000000000110000000000101010100000000010000000
000001010010110000000010010000000100110001011
000000000110000010000000001100000011000000010
000000000000100001010000100010000000000010010
000000000100000100010000000000010010000000000
010000000010011000000100001000010000001000100
110100100101000000010010010001000001100100000
101000001000000000000000011001000100000000000
000000000000000000000000000000010100000010001
100001000000010010101000100111010000000000000
000000100000010010000000100000100100000000000
48 121 22 15 0 0 0 0 