20
40
1100000001011111010011111111111110101101
0010000010111011101001101101110110110111
0011101110111110011101010110101001110110
0011111000110011111101100110111111110111
1101011100010111010100100110111001110001
1011100011001110011101110011101010111011
0100110101110010010010101111111100111101
1100011110001100001010110000110101011010
1111100100010010101001111110100011010011
1010110000101010001101001011100110001011
1010110010101101001001011001001110101111
1100101001110110000111111001100111110111
1000111111000111111100011100001110110110
1010101001001010111101011101110001001000
1110111010110011001101111110101001110111
0001101101101100101100101011010111110011
0001110000111100000011000001001011111101
1100011000000000101100011111101101010111
0110000011110111101111011001100111001101
1101101011011010111010000100110110101110
34 85 15 6 3 2 0 3 