50
45
111000011111001111111011100010111011111100011
101001101000111111011010101111011111001011110
101110101101101001001011110100000110101111011
011001100110101110001110110101101011101101011
100010000101111001100110111110101101100001101
111100101110111111000010001110111111110100101
110000000110001111101110010110000110001010011
110000101101110110011010110010011111101011010
101101011010110011100110110011010011011111100
011111100010000110011110101111001100101101111
011111001011100011110101101111110100101101010
111011111101101010011111101001011100111111010
111011011111101111001111000011100101010011101
001111111110011011011001011111011110000111010
010110011010101111001011011110101000000111001
101111000101111010001110101010101110111111011
111001101110001101110110110000101011011100111
101011011111110110111110011010111101011111011
110011110101111011001011010001010010101100110
111011010111110010010111000111001011001000111
110101101011111100111110000101111111011011001
101111010011110111110100110000110011111011101
110111111110101110111111101100000011100011111
001111111110010110000011101101001011111110000
111000111110010111111011111010011010111111011
011110111010011010010100110111001111110010110
110111111100101010111011111001010010010111111
101111101011110000111100100111010111011001111
001111000101101000001011001110111100110000011
000000001100100010111110111111010111001100111
011000000000011111011111111000010011111100000
100010110010110100101011011111010101101110101
101000110111001010000101101111011110100101000
110100011001011110111011111000111110110101010
010010111001011000010010100110100111110111111
111110101100011001001111111011001010001111110
011000100001111110110111001111011110011100101
101100111110110100010110100110110101001111011
111010000001010111011111101111100001000110111
101000111100111011111010111111110101010011011
101111111110001111111111000000001001111001100
111110011111111111001111110001111010111000110
111111110110110000101101110111010011101101101
101101111101000110111101111010001110001101100
001011001010101111111001111011100111111011111
101100110000111011011111001010100111101010011
011010010111110101010101011001000001001110011
110111011110011110000111010110011101101111001
111111010010010111111101111111111111100011110
111001011110101111000100110011111001110001100
89 257 51 14 8 8 0 8 