55
50
01101111111001111111101111110111111011110011100110
11111011111111101101111111011111111111110101101101
11111101011100111111111111101111101110111111111111
10001111111010111111010110111111101001111111111111
11110101111111111111101101111011110101111011111110
11101001101111101011111110111011110111101101111110
11111111111111111111111110111110101111101111111110
10111111111111111111111101101111111101101111111111
01101010011101111110111111011011111111111110111011
10110110111101111011111101111011101111111110111111
10011111101111001111111111101101111111111111101000
11111011001010011111111111111111110111001101111111
01011011101111111111111111111011111101111110111110
11111000111111011111111101111001111110110111111111
10101111110111111111111111110110111111111111111110
11111010111111111111111011011100111111111101111111
01111110011110111101111111101111011111111111111111
01111101011110111011111011111110111100101111011111
11100110110111100011111110100100110111111110011111
11111111101111111111111100111111111111010101111101
11011111001111101110111010101111010101111110010110
11101111111111111111111111111111011110111111101110
11111011111111101001111101111111111111111111101100
11110111111111110101100111111011011111011111111111
11010100011101111111001110011110111101011111101010
11110111111011110101011011111010110111111101111111
01111001001111111011101011111011111011111110111101
01001111111111101010111111111111111011111011110111
11111001111001101111001111111111101111011101010110
10111110011110111111111111011111101011111111111111
01011111111111101111011111011111100101101010011111
11110011111111111010011011101101110111011110111111
11111011111100011111111101111111100101011001111110
11110110111111110111011110111110111101111011110011
11111111111101101111111010111111111111111110111100
10111001011011111001010111111101110110111101011111
11100111111101111101111110101111110101110101110100
01111111101111111110110011111111111111011110111110
01001111111111010101010111111111110111101011111111
11110101111101111111111111011111111111111111000111
11111011101111111111111111111111111110001111111110
11111101111111101111111111101111111111010011111111
11111111111100101011111111111111111001111101111111
10111111001011111101111111101111011110011111110111
11110001011010111111111111111101111110111101101111
01101111011101111111111111110101101111110000111011
11111010100111110111001111101111001101111111111110
10011111011111110110111110110011111111111111111011
11101011111111111111010111111111111111111010111111
11111101111001111110111011111111111111110111111111
10111111111111111011011100111111111101111111101110
11111110111011111111101111111111011111111111111111
11111111101001111001111111111111011110110001011011
11111111100111111101100011110111001011110111110111
11111010111101001111111011011111011111111111111111
58 191 33 14 3 1 0 7 