50
40
0000100001011000000000001000000101000000
0001000000010000100100000000000000100000
0011100000000000000000010001001100000110
1100000000011010100100000000100000000100
0001101000000110000000001000000010111000
1010100100000100001000010000000001000000
0000111000001001000000001000000011000010
0001101000001000000000000000000000100000
0001001001000000101000010100000100100100
0000000000001100010001100101000110000000
0000100100000100000100001100111010001010
0100000000011001010101010010000100010000
0000000010010000010000100100000000000000
0000000000000000000000001000000000010000
0010010000100000000000100000000000010010
0000001000000100100001101001000100100000
1011000100000000000000111001000001100100
0001000000000000011000000001000000000100
0000000000000110000000000100001000100000
0100001000010010011101000101100101000000
0000000010100011000000000000110000001010
0010100010000000000001000001101000001001
0000001010000000010000000000000000000011
0000000000000000010000000011000000000000
0000111010001100000001000001010001000000
0000100100001111100001100010010000000001
0001010010000000000000001000110000000001
0000000010100100010000100010010110000000
0000000100000000001011000000000101000100
0000000001010001010000000000000000010000
0100000000001000000000110100000001111000
0000000001000000000100100000011010001010
0100010000000100100000101010101001100110
1000001001000000000000001100101000000000
0000000100000000000101100000101011000001
0000000000010000001001100000011000000100
0000001000011000100010101000001000000001
1100000010000000100101001001000100110000
0000010000000000000000100001000010000000
0000100010000000001100000111001100000000
1000000001010000001000010000010000000101
0000000010100000001010000000110010001010
0001000010000000010000001000000000000000
0101011000010000000000100110000000000001
0000000001000000000000000000100011000000
0100001100100000000100000000000110000000
0101000100100000001000101011000000010001
0010000001001000000000000001010000100000
1001010000000010010000000001000100010010
0000001000100001001001100101010100000000
22 60 11 6 0 0 0 0 