50
50
01110001111100100100000111110010101111111011111101
11111101011111111111111111010101001101110110110000
10001001000110110000000001111001101111010101110111
01110011010100110101010111110110011100110010010100
10011111100111101010010110100111100101111110111111
11101111110001110111101011010000101111001110101101
11101111100111100111100111110111011110010101111111
11110111011010111110011011110111011001101011100111
11111111111010111011111110001000010110001110101000
01011011111101010111000100110110110001101001000110
11110001100110110101011011001010111010111101011111
11100110110000011110110100101101111011100001110001
11101011011111111011010110100101111101101100100000
11010100101001111110001011110011010011101101100101
11101011111111111110111011100000111111011101111010
10000111101011101111110011001101001001010101111101
10010101101001110110111111001100100101101111101010
11011101010100111110011101101001100001111011111101
11101011111111101011111010111101101011111101101111
10011001001111001001001001101111001100111011011111
11100110101000100110111000110111000101001111111001
11011000001100110011001101111001001111010010100001
00110110001001100100010101110101011011110010001010
01011111001010101100011100111010011111011001110011
11010110010000011101100111111110110010101111011110
01011110111100010111101011001010111000111101110100
11111011111100111110000100001000101101000001011011
10101100110101110111100111011001011010010011011100
11001001101111010011100110111011010001010110010101
11100111001000111101111100001111100010110011111001
11100011011101001110000110111010101001111010111011
10101101011010010010101011010001000111101000001010
01111101110111101100111110100110100100110110000110
10110111110001110110110010101110110111111110111111
01110011011001011011111111111011010111111100010110
10111010110011011110010011101110000001001111110111
00100111011100011010111100101001010111101011101101
01101111110011000000111101110000011110111111110110
01101000111111111011100011110110001000110111001011
11111010111111110011110110100000111101101110011001
10111011011000110110101001100011111011101110110111
10111110111111100011101111111101111101111110111011
10110100101110011010010111011110011100001101101010
11001010111101110101011001011110101111011110110101
10011101010010000101111011011010011111000001111111
11100000111101111001011001110101100110010111101101
10111111101110111111101101110110100001110101111001
01111110011001101101011111111001110010110101111001
11010100101110011011110011111100110110011001000110
11101111110110111111110100111101011001111010111111
103 272 59 26 9 5 0 10 