34
50
00000011000000001000001000001011010010010100011000
00010001011001111010101100000000100101001110010011
10001100010001001000100000101110110101110010111000
00000011110000101110000000010110010010010000011000
00000100100010000101100011100011100100010100110101
00100010110001010000001110101010011100000010010101
00000000010000010110110100000100000001101001001110
01010000100111100110001110110011010100000111011101
00111001001111000100001101000010111110100100111011
10101000000000100001100011010000011100011001111111
00100000101001000000001010010000110001011100010100
01100000000001011010001000101001010000100110000000
10000101110001010010110000111110001000110011010001
00100000000111010111010100000011000111001001010000
01111100100010000010101001111110011010001010000010
11010001101100100101011110000101010011010000000100
10000001011111010000110011100100011000011001110111
10000100101101110100101010010001000110111100010011
00111000000101101001110000110010011110010000011011
01000000000100111011100101100000011001101010110000
01000100001010010100010101100010010100101111000000
11011111000010010101001001000001110101000101100000
00000001001001000110110100001010001100101001000001
00111001101010010110001110001100110100011000011010
01000100101010101001101101010010110100100100000001
00000011000000110100011000011010101001001000001000
10100110100000010010101000000001100000000010110000
11001010011100001011000100100001111000100000011101
10000100110101010110001001011000101000011000000110
00010010001100001111100010000010011000010101001010
00000000100101100101100000011110010100000101001011
11001001101100000000010100001000010111000000000000
00100001110000000000110001001011101100100000010101
11011001100001100000010000111001000010001010000000
49 133 25 10 2 2 0 0 