60
50
00000111111001111110011100101001000001110111110000
01110010011111000000000001010000001111100101101010
10100100010000001110000000100110001111101100011001
10000010100001010010101101110010110001010001100000
10001101000100100000000111001100001010010111011111
00010111000010010001100001000011001000001110111100
00001010111001110000001100000010011100010011100010
01111111000000001000000110110001000011100100110101
11010100001101001001000001011110111111001101110110
00100000100100001100011110010000010100011010001011
01010000101001100000000101101101110000000110010110
11101100001001000000001000111010011000011000001101
00100100010011010000100010111101001001000100000010
11110010101010010001000110011100110001000001111100
00100100110101101000100010000001100001111100010001
01100001100001100100100001111110001011111100101110
11010001100000000001110010000000101011000110100100
01000111000101011111000000011110101001010001001010
00100101010111100001100000010101000100111001110001
11000110000010101110010011100010010010010101110100
01101000110101110010101001011000001000010101000010
00000000010010100010000000001100110010011010011000
00010100110101000101010011011010101101110110000010
10001010001011010000010000010000110011000100010111
10010111010001001111101100000110100100110011110111
00000000001010000101100000000000101110101100011000
10010000100001010110000100000101100000000111101000
00010000100001010000111110010010011111101111001110
10010110100001101001001001000110010001110001000101
10111001000001000010111010011111100101000011101110
10000010001011000100010100011100100110000010000101
00000101100100110100010010111101100001111000000001
11000101000100000100100111100001010000000000110010
01101110100011110010011100010101000100100011011100
01110110001000010001010010011000011100000000000000
11000100001010100000010110010101101010001000011000
01100101111010001000101011000001001001001010110010
00010111101010001100100010010000100111100111100001
00000100001101111000111010111001110000001000001101
11110000010100111000001110100110010011010001011000
00000100101001010000101001000100001001011100000001
11010000000001000100000110001000111001010101011011
10100100110011000110001111000001100101111111001111
01100000000101101111101000100100011110011001001001
00100010000100011010010010001001010101111111101111
11000010010010001010110010010011110010100100000111
11010000000001111101110010000011101000001100010001
01110111000111001111000100100010100000010101100111
11001010100010101000011111000011010000001011000010
00010101010101001110001001101100011001010000110111
01010100101000010000100000111101010010110000011001
01001000000101010100110110011110110010100000001001
01111100011111011000000101011111011010101010011110
00100010011001111010000101101001011110010101010111
10010110011010011000000001110100010100011000000011
10101011000011111101001011000100000101100100010010
01100100100100101000001000101100101011000000010000
01000000011000010000000000001001010101000001111101
10000110101010100111000100100010111110000011101001
00111111110000110001001001000011001000001001100100
86 310 54 23 8 3 0 12 