20
40
0110101001100010111100110011101001010001
1100110110010000101010000110110010001101
0111100111010111100010001011001011000111
0100011110001111010010110110101000111110
0011100010011000111010000000010010011000
0110001101000000000011001011011111100010
0101000000010100111000110001001110001011
0000110000100010000010100010100001011101
1010000001001110000010110110101101011001
0001100111011000000001000110110001110110
1001101100111101100000001001000000010110
1100001100100011110010001010011011000110
1000011011000011011100001010000000100000
1010000100101100001011111101100100011110
0010001010000100001000001001000100000001
0110100101001100000000101000000000101011
0000111010001101101000110001000001000011
0001111100100010001001100000011101000010
0100110101111110000000010000100101010010
0010111111010010010101010011001101000010
33 85 11 9 3 2 0 0 