50
38
00001101000100100011110101001010011100
01010101000010000000100001110000001000
11100110100010110101011101001010010010
10100001101010001000110000110000101000
10001011101110110100011000011000010011
00001010101010111001110010001000001011
01110010111000000010010000011101010110
11001001000111001011000101000000000010
10111101001111101010101000000100011000
11010000010110000100000000010010110100
10100010101100101010100010011101110110
00111100000111100101010101001100011000
00011111110100001101100110000100011000
11011001001010000011101000010000000111
00111001010100001011001010100100000100
00001110001101001111101000110001010010
01110100000000100011010010011001000011
01001011011000001010010101011110010010
11100110001011100110011101110010100010
00001110000010100001101110100110100011
01010000101101100010110100000001001101
00011110001000100011011000100000100011
00010000000011100100110000010001101010
01011101101111110000101110100000101011
01110011101010101101000001001010010010
00000100000101001100011010001101110000
00001000100101011001100100000011010001
11001101000001001001110010011010100000
01110010010001100100110110010010100000
10010001100010100000011100111001111100
00110000100010101001111011010000010011
01000010100001000001001101100011100100
00001010000010001110001000000101010001
00101000001011101011100011010111100010
10101101101000101001010101010011110001
01001111001011000001000101110100010100
11001000101000010000100101100101110010
00000111000110010000000010111000011101
10011000111101000010111001110101000001
01010110011101110010000101001000000001
11111001100000000100100101010001010000
11100000000100001100110000000000011010
00001000011010000001110000010000000100
00011100010010010101101101000010100101
10000000101001000111000001001110111010
01001010000100010001010000001011101000
01000001000110000010011001010110000000
01001000100100010001100001101010001010
01101000011001001110001000111011000110
01111000010011110000001000010100100000
45 111 17 7 4 2 0 0 