50
50
11111110010110001111000110111110000100010000000101
10000010100011000001110010001000001001010000101001
01001100010100110010100001111110000000111001011000
10010111000111001110100110010011000110101100000000
01001001010101000000010001111001010101000110000000
01001000000010111011100110001010000101110000011000
00101001010010001010101011000000011111011011111000
11011000010101000000111100000001010001100010110010
00011001001111101001011110100010100101010001001001
01100100101111111100010011000000010101011111001111
00110101011100101001010000011100000100011100101000
11011011001010011011010110001001101101010100000001
00000001011000000000011001100000010101000000001011
01100000011010001101000111010001001101000000100100
00010001010101110011100000100011010001001101101011
01010000001000010000000010000011100000001011001101
11100011111011100011000010111011100100110110000011
11001011100110000101110001100010011100010001010000
00100000001000011100010000010000111010010100010001
10000000011111111101010100111010000010010000000100
01110000100001011101100100101000101101101100000101
11000110110010101100110001001110010000001000001000
00001010100100011111101010001011010010000001010011
11111010111101110110000000000101000101101110010100
01010100001000001100000001110101001001101011000100
01100110101100000110000000101010100100101011101110
11100101100101011111100011011011010100011010011011
01101011111001001110111101100011000110011001110000
10000000000111000011000010001010101100100100010110
10101011010001100000101101010010011010010000100001
01110110010110001000100110101001110000001010110011
01000010101100110110000000111111000100000001000000
00110010000110010000010000010100100100010001111010
10100110100110110011111110001101010010101101011111
00010000101110011011011110001011000111001000010000
00010011100111010111001001011011000010110011100011
01110000001000011011110011101001000000000001111111
01100000000110000011011000111100011100000000010011
00000101000001000110000010010011101111010101100111
01011010000001101100111100100100101011001001011110
11111101000000100000110010101010000110001001010001
00010101000101010111000110001110000110110001001100
00110100111010010000001000101100000001110100100010
00000111011001001110111110110001010000101000000010
01011111101010100010001010001000000100000101101100
11000010011110001011000101001001001001010001000100
11100010010110111100100001011101011111100001000011
01000000111111000001111011010011100110000001100111
11110011110010010101001011010000100100101101101100
11111010001101000010100110101000010101010110101001
51 132 24 8 12 2 0 5 