55
50
10000000111000000100000000000000001100000001000000
00010000010000000000000000000001001100100110000000
01000000010100000001100000101000010000001101000001
00000011000100001110000010000110000000000100100000
00001010000000000100101010101000000010000000001110
00111000001100010001010010000100000000010000100000
11000001000100000100000000100001101000100100000000
10100001000010000110000001000000100100001100000100
01000010001000000000100000000000100000010000100000
00101000000000001000001000100000000100000000010010
01000010000000000000001000111000000000000100010000
00011001000001101000000001010001000011000000100010
01010001100010001000110010100000000000000000000000
00000101100000001000100001001000001000000000000000
00100000010001001000111010000000101100000000000000
00110000000000000001010000011010100000001000100010
00000010100000000001000000010000011100000000010000
10000000000000000011010000010000000100000110001100
00000110110000000000100000000000000000010100000001
00011000010011011000100010100010000010001100100101
10010000100001000000010100001010100000000000000000
00000000100100000110000010010010001000000000001000
00110001000001100001000000001100000010000000001100
00001000001000000010000000010000000000000000001100
01001000000010000010111000000010000100000001000000
00000000100000111100000100000000010000000001100000
00010000011000001000001001001000101000100000001001
10100000000000000100000110000000000010000000110000
10000000000001000000000001100000000100000000000100
00000000000000110000001010000000000100000001100100
00001000010000100001000000110010000000110001100010
10000010000000100001100000100000100000000000000000
10000000000000000100100000110000100100101000000000
01010000001000000100000101100001011000001001000000
00010000001000001010010010010000000010011000000011
10001000000000001100100000000001000001010010000100
00010000000000010000100000000011000000000000000100
00000000100100101110000000000101010000000000100011
00011100000110000000010100010000100000100100001010
01001010000001110000000000010010000000000000010100
00000100000001000011100000001000011000001011001000
00000000000000000000010000101000010000000000000100
00001000000100000000011010000000000100000000000000
01000000000000010010010001010000001000000010001001
01000001000000110000001000010100000000000000010010
00000000111001000100100001100000100001000001100000
00001101011000010000100000000000000000000000100000
10010000000100000000000000100100000000100100010000
00100000100011000000100111000000000000000100100000
10100110001100101100000111100010000100000000000000
01000000010000000100000000011111001110100101000000
00000001100000100000000001001000000100001010010001
00000100000000011001000100001000000001000100000000
00001011100000100001000000100000000000000001010000
00101001101000000001010000000000000101110001000000
31 107 23 12 4 0 0 0 