50
45
010000000000101001000011100010100110100000000
000000100000000010001000001010001000000000000
000000011000100001101001011001101000010000000
000111000000100100000010000000000000000000000
001100000100000011010100000000001000010000110
000001000010100000100001010000001000110010000
000001100000100000100000000000010100100101000
001000000110011001000000001010110000100000000
000100010100001000010000000000100000000000000
000110000000000000000000000101000100000110010
010110101010000001000000010000001001000001100
000101000000000000001000000101000000110110000
000000000000000100000001000010000001000000001
110010010100000000000000000011001000100000001
110000100100011000000000000011000000010100000
000000000000000000000000001011000000000000000
100000010000000010000000000101110100000000000
010100000010000010000100000000010000000000000
100000011000001000000010000100000000000000000
010000000000000000001100000001000000001010000
010110110101000000000000000000010100000100100
010000000010001000001001000001011010010001000
000000100000000100100000000010000001000000100
000010000000100010000001100000010000000000010
000101000010000000000001000010001000000000100
000100000000000000010000000000000000110001010
001100000100010000010100010101000000000010000
000100000000010010110010100010000110001000000
010000000010000000001000000000000001000000000
101001000000101001000010000101000000100000001
000001000000000100011100010000000000101000001
000001110000000000000001010000111000001101000
010010000101101000100010000000000100000000000
100011111000000001100000000010000100000100001
000000000000000110000000010000001110001110000
100001110001000000000000000000000010110000000
000000010110000100000000010011100111001101011
000000001001000000000100000011000000100010100
110000000000100000101010000000000000000000100
101000000000001001000010000100000110100001001
001000010010001110000100010010000000000000011
000000000000001100000010000000000010000000010
010000000010001001000000010000100000000000000
000000000100000010010010100010000010000000000
100111010001010010100010011010001010011000000
000100001100100010000000000010001010000010000
110000100110000000000000001000000110000000000
000000001000010001000000001000101010010001010
000100000100101000010010100010000100100010000
100000001010010000010010001100000000100000100
30 84 11 13 6 0 0 0 