32
50
00101111110100110100101101110111001001111010110100
10010111101110101101100111111100111100000101101010
11100001011010111001010101100000111111110111011011
10000111011111101101100110110011011010110111100100
00110111100010001010001000000111110001001111111101
11111010011100110101011111000010011001110100110011
00101000101101011001010111100011110011111010010010
01110110011011000100110110101111111110011110111111
11110001101010111111101100100101011010011111110011
11001111011100111111000101011001110001111101011110
01111011110011110010111100110011001101101101011111
11111111010111111110110010011110110011001101110001
10111011101111001101001111011111110111011110101011
01011110111111101001110111000110000010100110111010
10011110101111010001110010001000001010100100011001
01111010101011011011111101110011000101011110011111
01011101111110101110110110011100110100011001001001
10000110101101010100011010001101001101010111111100
11011111001101101000111001101111100111110010111010
01011001111000111011100111001001000011101100010100
11110011110101010011111110110110011010101101111100
01101101010110101010111101101110110101100111111000
10111011010111001101110110111110010111001111110011
01000010110101101111110111101011010111110100010111
11101000100011101010000010110111010001111010111010
00101111100111011010111111111110100010101001111010
11100001010000100101111010001000011010001001010101
01010111100010111110111111011101111110110101110110
10111110110111010111111011111110110010101110111101
01110101001010100010011001011111010111101001001101
11101001011001001101001111000010011010011100011111
10111011001110001100100011111110010110010000011011
44 134 21 10 6 2 0 3 