50
45
010011000000100000000000001001001000100000000
010100000100000001001000000011101000000000110
000100110000000100000000000000000100000000011
000000000000100000000001100000000010100000001
000000100010010100001000100010010000000100000
100100000000101000000000000000000001000000000
100100001000110010000000010000100001000100000
000000000010000000010010000000100010000010000
100000000101000101100010000000000000010000001
001100000000001110000000000000000000101010010
000000000100001000000000000000010000001000000
000000001000000001001000101110000001000001101
010010000000000000100000000000000000100011000
010000000001000000000100010000010000001000010
000000000000000000000111100000000100100100000
000001000000001000001100000000111110000000000
100001011000010000010000000000000000100000100
101100001010000101010000010000010001010000100
000000000000011100000000000000111000000000010
100000000100000100001001000000010000010100100
100100101000110100100000000000000000101100000
000010000000000000000011000010100001010010000
100010001000010101000000000010100001100000111
001110010000000000010100000000001000010011000
011101001001000100000000100010000000000000000
001000000100000000000000000110000001001001000
100001000001010000000000000001100010011100001
101000010000011000000000001000000000000000000
001000000000100001010000000001000000000000100
000000000000000010000010110100001110000001010
001001100011000000000000010100000000000010000
000101000010010100010000000000100010010000000
101010000100011000001001100100001000011000100
100000001001010000000000100000010111000010000
000010001000000010000100000001000000001000000
000100000000000000000110001100010010000001001
000100000000011010110100000010100000000000000
100000001100111000001100010001001000110000000
001001000000011011000000000000000001100000001
010100000000000100100000010000000000000000000
000010000100111000001000001000000000100000100
000001100000010001100100011000000000000010000
001100101100000000000100000001000100100001001
001000000010110100001000001000000101000000000
010000000000000000011001000101001000100100000
011010010100000010100101000000000000100010100
010010000000000000100000000010001000100001000
010010100001001000000000100000100011100001000
100000000011101000011100000000010000010010000
000000001100100011000001000000001001000000000
24 65 14 0 5 0 0 0 