50
38
11111011111111111101101011111111111011
01011010010111111101111001111001011111
11101101101111111110101011101011111010
11100111101111111111110110111111111001
10101101111011111111111101001111011111
10101111110111101111011111110111111110
10110111111111111111111111001111101111
11011111111100111110111110101011111110
11101000100110111111011110110111111110
01011010101111111111100111010101011111
11111100100001110111111111010110111101
11010111111101111111111011101111110100
11111011101101111100100111111111101111
11101111111100111110111011011111111111
01101111111111110101111101111111011101
01010111111100110111111111111011111111
11111111010101111111101110010111110011
11111110111110111011111011001011101111
11100111111100011111111011111111111001
11011111111110111111101110111011111110
11111011100111111011011111111011111111
11001110101100111010111111111011111111
10110111011111111111000111111110111111
11101110011110111111110101111111101011
11011110111000110110110111111011111011
11111111111011011110111111011111111111
01111010111100111111111110111000011111
01111101110111001110111001101111111101
01111101001011110110101111111111110111
11111111010111100011101110011010011101
11111110111111111101101111111111111111
11101111011110101111111110110001111111
10111011011111111111101111011011101111
11110111111111111111001100111111111111
11110100111010111111111011110011111110
11011111110111001011101101111100110011
11110110111001101001110011101111111011
11101101111101111111111111101011011111
11100000111111111111011111111111101111
01111101111111110011111100110011011111
11011111101111011111011111111111111111
11111111111101110011111111011111101111
11111100111110111011011111111101100011
10011011111111111100001111110111111111
11111111111111111100100111101111111101
11111111011101011111110011010000111111
11111111001010111011111001111111011001
00101111100101111110011101111111110011
10111111111111011111111111111111111111
01111111010100011111011111111111101111
58 187 36 21 6 2 0 11 