60
50
11000000001010110000000100000000001001000000100000
00001000000000010000000000100000000000100000000000
10000011000010000100100101111000010011100010011000
00000011100000000100001001000000000001001000000001
00000100000001010000000000010000000011000001011000
00000000101010000000000000101000000000000000000000
10011000001000101000100101010000000000001000000000
01010010000010010000000101000010000001000000110010
00000100000001000011000000000001010000000110001100
00000000000111000001000100000000000000100000000000
10010000000001000001000100000000101000001000000100
00001000000100100000000000001000000111001000110000
00000000011000010000010000001110000100000100000000
10000010010000100001000001001001000000011010001000
00010010000000000000110000000000010000100000010000
00001001101001000000000010000001000010001000000010
01000000000001000000000001000100000000001000010000
00000001000001001010110010000000110000011110001100
00001000010000000000000001000011100010100000010000
00000010000000100110001000010110001000010001000000
00000101000100100000000101000000000001010110001001
00000000000000000100100001000110000011001000001000
01010100010011010000001110000011100100001011001100
00000011101101010000000001000000001000000000001100
00011000000100000000000000001000011101000000000000
00000010001000100000001000000000001000100001000000
01000100010010000001100000000010001000011000100001
01000101001000000000000000000000000000100101100001
10010100010000000001000000100000000000001010010000
00111000001000010000100110100000010000000000000000
00100100100010101001000000010000000000000000011000
00110000000001000011100011010100001100000000010000
11100000000001000000000100000001000000100000000000
01000010100000100010000000001101100000000100111010
00100010100001000000000011010110001000000000011011
00011000011000000110000100000000000100000010010000
00010100000001010000000010001010100000000000000001
10000000000001000100000000000000100010001000001000
00000110010000000001001001000110001010001100100000
00000100010010001000100010000001000010000000010000
10000010100000000000001000001000000100000100101010
00000000000101010000000000110111000000000000100010
00100000010100000010110000000000100001000000110000
00010100000000000110000000001101100100001000001000
00001011000000000000001110000010010000000000000010
00010000010100001110001001010000000000010110000001
00000011010100000100100000000001000001001000000000
01010001000000000011101000000100001000000000100010
00000000100001000001100000000011101100011100100000
00001010010010000000000000010000011001000000100010
11100000110001000000101000000000001001001000010000
01100000100000000010000001010101001000001000110101
00010110100000011001101001000000001100000010000000
00000011001000111100000000000111001000000110110101
00000001000101010000000000001000000000110001111010
00000000110000100000010001000000001000011000000101
00100000101100000110010101000000000000000000000000
01000000101000000100011001000000000000100000000000
00010000010000001100000001000010000000100101100110
00010000000000000010000001010000011100010001000000
39 130 32 11 0 0 0 0 