55
50
11111011101110110001111000110101101001111111101101
11011111010111111111111110001111111010101111111111
11111010101110101010111111111110111111111111101111
11101101110010010111111100101111101011100101110011
11111111111110110111110111101110111110111111111101
11111011111110011110111111101111110101111111111111
11110111111111111111011111011011101111111001110001
11101010111111011100111111111111101010111010011001
11101011110001101101101110111100011111101111001111
11111111110111111010011111110101101101111111101111
00100111111101111110011110011111111110111111110111
11111101111101111110010111101111111111110110111111
01111111111110111110111111111111111111001101001111
01101111111111111000111111110101111111110111110011
10000010011111111111111011111101100011111111111100
10111111110101111101111111111111111111101010111111
10111111101100111110111011111011101111011110101011
11111101101101111111001111001001110011011011111101
11110110111111111100101111100111011101010100111110
11111011011110111101101011111110101110101101111100
01111111111111101101111110111011111111111111111111
11111111010010101101111111011101111111110111110111
01110111111111111000111011100011111110100101111110
11111111001100111011110011111110011111110101101111
11111011111111011111111011111111001111111111011010
11111111111101011110110111111111110111111101111111
11111011111100111111111101111101110011111101111111
11011110100101101111111111111111011101111110101111
11111011111111101110011110011111111101111111111110
11111111111111111111110100111011001101101111101111
11110111111111111111111111001110111111111101100111
11011111111111010111011111111101111101111011011111
01111111101111111111110110111001101110111011111111
10111100111111101001010101111111111010110011100111
11111111111101101111101111111111001111011111011111
01101001111111001010011011111110001111111110111111
10010010111111011101011001011111110110111101000111
11101110111111111011111011011111101011111111101111
11111110101111111111111100001111110111111111110111
11110110111011110111110111110101011101111110110111
11111101111101111111110101101111111111111011011111
11101110011111111111011111111111011111111101111110
01111011111110011111111111101101111111101111110101
01110111011001011111101111101111111111011101100111
11111100111110010011110101111111010110111110011011
01111011111111011110001101111011111111101111111111
10111110101111111101111111111111111011111110011111
01110111110111011111111111111101101010110110110111
11111111111011111111001011110110101111111101101101
11111111111111010110110001111101111111011111010111
00111101100111111011011111111111110011011001011111
11001111111101111111111110111111110111111101111101
00111111011011111110001101111111111101011111110111
00111100111101101110111011101111110101011110101011
11111111111111101111111100011111111111111111111101
89 299 61 29 3 2 0 10 