55
50
00011010000010000011110011100100000100101001101000
11010100010011000000101011101110011010110100000100
01000000101111010100011011101010100101111001000010
00110110110100001011010101111000000100000010001010
00000000000001011111100011010100000110110010000101
00101001101100110001101100001000000110000101110000
10000100111100111000001011010101100111000000010100
01011010010000010100100110101001101110110011111010
10010110111100010110011100010110001001000000100011
11010101000101101010001110010001111110100010000110
10100100001001111000000101101000000000001000100100
00110110110000000101010011001000010000000100000000
00010000100100000010100000101111001000001101110001
11010010011000001010101011000011000000000000010101
10111100001110101010010011011110000001001011110010
00000010101000000000010010011110010011001010001100
10010111100111001000010010001110010000110000010010
01000000000100001000100010001001001101001110001011
00011001000000001110010000110000000010001010011101
10011000000001000010010100100000110001001001101110
01110110110110100010000101000101000101000000010100
01001011011100110010010010000000100111010011011100
00110101110010010001011000000010110011000001100011
11100010010000100100000010101011010000001000001010
00100100110001011001111000001000000001010000110000
10101001011001001100110010010100000100111101011011
10100111011001000001001111001010110011010011000101
10000001011010110001101000011101011000101000101001
00100000000101010001101001100001111100001011011110
11000011010110001011010001101000101010101000000000
11101001010101001111110100001001101110010000101010
00111000010010010110000101000010111011100101010110
10000011110000001010001110000110010001111101111100
00001000101011001111001000010100000100010001011000
00110010100000011011000001101110000001001011100101
11000110101000001001001001100001000000010100101011
10001000011100100000000111101110011100001001010110
10000011100001100000001001000000010100010100000000
10100000101001100111001100000000000000000111001110
00111110111001100000011110011001100110000100100100
10111000010011001010001100110110011110000100100111
11010100010110010110100011010001000111110110000010
10010100100001011111000100101000100000010000000000
00010111100010110100001000110100000110010000000100
01000001000010100011110100000000011000110000001010
10010001000100000100011100010001001100010101101100
01100001000010001000011101011000000110001100110011
10001000000001100000100110100101100011001000011000
10000100010001110000100011000010011001100000001010
00000110010100000100011010010000000000001010101001
11111000001101000101001000110000010111101100010000
00000000001000100101010100000001011000110100011010
11011001001001100000010011100000101011100000111010
00000010101001101111101010100001110011011101101011
11110001100100001000011110100010000111110111000101
29 103 18 4 1 2 0 0 