50
38
00111100000100000010010000001010110001
10101010001000110001000011001110011011
00101010101010010000001001110001011001
00010000100110000101101100100010001010
00110000101010001001011100111010101110
00000000110100100101000010100001010001
11001001100011010101000010000010010110
10011111001010111100001111101010001110
10000100001011100011000110101100000101
00010100001000010111111111110000101110
01011101000110001111000110100100011010
10110110101100001011001010010101000011
10010110110001110001101100000110011001
10000010110001000000000010001110010000
01000000010100100010011001000101101100
10000011101010000100000110010101100000
10110101000010010010101100100000001011
00011001110110101100100000011010011000
00001000011010000010111000110111001000
01000111010011111110000010000100000101
10101101010111100000010000010001001001
11000010000000000101110001110010011010
00000101110011001000001110100100101100
10001001000001100110000010001000100001
01011010100001010001010010001000011100
00101011010010101011010001001100010000
01010110001100001100101110101010110000
01000000000001010010100010000100001001
00100000011010100111001100000100001000
10111001000110111010001000000011110001
11100110000100010001010111100011010011
00100000011001100010001100000000111001
00000010000110110110011010001110010111
00001010100000100110000011100100100100
01001000000001000110001100011111101110
01100011110000011111010000000001000000
01000010000111000110000110100011001100
00111000100000000100100000000100010101
11100111001000110110000101000111000101
10011100010110010001100001101100110010
10001000100001010110100101110011000001
00100111001100010000001101100011111001
01100010000011111100011111110000110010
01111000100010010010110000000000000100
00000101101111111111011101000101000010
00011100110101111001000111100000111100
00011110001010010100001010010100010101
11010001010000000111111010000010110000
00100000011011100000010000110011110001
10010001100001011100101001110110101001
17 64 12 7 1 0 0 2 