50
40
1111111101011111111011110001111101010111
1111101011111110010111101111011111101111
1111111000111111010111111111011111111111
1010111101111000101111011111011011111011
1111111111111110101110111111111101011111
0110111111101111011110101111111111111111
1111110011111011111111001010011111110111
1110111110111111111100111111100111111111
1111011101111011111111110111011111110101
0100110101111111110011111111110011101111
1001011010100111111011110110111111111111
1111111111101111011111111111111001011111
0100110011110111111101101011011011111111
1000111111011111111111111111101111011111
1111111111111010011111101011101111111110
1111111011101101011011110111111101111111
0010110111101101010111011101110111111111
1110011111101111111011111011111111001011
1100111110011111111101101101111111110111
1101111111111111110101110101111111111111
1011111111111110111011111111111001101101
1110110110101111110111101101111011111011
1110101101101010110010110101101111111111
0100111101110111101110111111101011010111
1101100000111110010101111011111111010111
1111111111111110001111110111001110111111
1110111111100111111101011011101110111110
1111101011001111111010101101111011011111
0111011111111111101111111111101111011111
0101101111011111111111111111110111111011
0110011101101101110011011110111011111011
1011110111011110011111111001110111111111
1101111011011111010010011101111111100101
1110110011111111111111111100001111111101
0000111101111111111101001011111100111111
1011111110110111101101111101111111111101
1111111111111111111011110101110101111111
1111111110111001111011111110011110111010
1100111111111111111111111111011111111111
1110111111111111110001001010101100011101
1011111111111101101111111101101111111001
0111011111111111110101011111111111111000
1111111111111110111111111111111110111100
1111110111001011111111111110101111111111
1110100011110111110011100111111111011111
1011101011011110110110111111110110111111
1110111101011111110011111111111101111111
1011011110011100111011111111111111111001
1101111111111100111010010101100111001110
1111001111110111111111110101111111111100
66 203 33 20 13 4 0 7 