55
50
10111111011100010100100011110110100101000101011101
00101110110110011101100110110111111111111001110010
10011001010110111110111010110011111111011110010111
10011111110101000011001111011011001111110111111011
11111010010111111111111101100110101111111010111011
00010101111111111101100111111110111101111101101111
11001101011101011101100011110000111101111111100101
11011011011001110110001111100010110100101111011010
10011000101111101101010110101111101000100111010110
10110110111111100111001011010001110110010110011101
01111101110011111101110110010111101100101010101100
01111110101011110111100111011011010010011110010110
00010011101001010011001110011011010001101001100101
10001001101011011101100101111111010111110000111111
01110111110011111011110111110011010111011111101011
11111110100110110110101110111101010011011001001101
11000100011111111001010010101000101000010010110100
01001010100101111111110111101101111101111111110010
00011101001100011110111000100101001111111110010011
01111100111011010111000101010110010110111101110111
00011101110110011011011110001100100011101101110011
10101111001111001110101111100111101010110110001110
11010000011101111111111101001101101111001010111010
00100110111101101001100101101000011110111111111111
10111010110001010011100111101111010111011000110111
11010110101111101000110011101001101010110110111101
10111001000101110111011101101111101000011100110011
01010111011010101000010011101100011110100011011101
00100101101100111100110110111001011111111001111100
10010100111111110111111111111011001101000111011001
10001101101011001000111100111110111101001100110010
10011000110001110010000111100101111111111101011011
11101100100101010101110101010111111111101101100101
11011111010011100111010000011010110001001111101111
10010101001101000111011001111111111111100001110010
10101111111011011001010011010111100001000001111110
01001110110010101111010111001111100010110111110011
10011110110101111110011001111111011011110111110011
00001111110110011110001010110101001011110111101100
11111001110011111001000001011011010101110011111011
00111110101011100011100110001110111000111110110111
11101110101110001100010011101101100100111100000010
01011110101111011110111100001111111100101011010101
11011101001011111100111111001011011110110110100111
11110110000101000010111011000000110111110111111110
01010101001101111101010011010111111101101010111100
00101000111111001001001011101100100111100100111011
01100101011110110110011100101110111111011111101001
01100010101110111111000111111101110000110011010110
00111001111110111010110111011011111111010110000011
00001100010010110111111101111101111110100111100111
10111001110011110111111000111010000101001110111001
11101111011001101010100001110111101001011100100101
01111111111100111010100101110101110101101110000101
01000001111110010011011001110110110110110101111101
78 230 35 14 4 4 0 14 