50
40
0011001001000000000000101000010010111010
0100000000000100000100110000000000101000
0000000000110000101111000100001010010000
0001000000010000000110000011000000110000
0000000000100010000010110110000110000010
0010010000000000000010000000001010000000
1001000011011001000010000000000100000000
1000000000011100000100100000000000000001
0000100010001010000110000000000001001100
1000001000010000101001110000000000000100
0010000100110001000000000011000101100000
1001000000000000000000000000000010000000
1010100011001110001001000001100010000001
0000000000010010010010000010000000000000
0100000001000000010011000000000101100000
0000000100000010000000110000101000000101
0000100010000001000001000000000000000000
0000101001000110101001001000100000000010
1000001110101000100001010000100110000001
1100000000000000000000000001100010100000
0010000110110000110000000011101100000001
0000000000000001001010000000000000001011
0000000001000000111000000000000100000100
0000000000000100000000100010000001100000
0100001010000000000000110000100000100000
0000001000100010001000000000000000001010
0000000000110001001101001000000000000000
0000101000010010010001111000000001010110
0000000000101011000010000010000011000010
0000000000000000000000100010110001000001
1001000001001000001100000001010000000000
1100010000000010110000000000000100011100
0010100000000100000001110010010100100000
0010100011000000000000110000100000000000
0000000000000000111000000101100100010000
0001000000000100000010000010000010011100
1101000010100000010000000000000010001010
0000000000000000010001000001000100000000
0001010100000000100010010100000000000000
0001000001000000100000001000001000001001
0010000100100000100010000101000000001000
0000111000011001010000000100000100000000
0001010000000000010000000100010000000000
1000000000000000000001000000100001000001
0010001010001000100010000010100101000000
0000100000001000100000000000000000001010
1001000000000000010000010111001000100000
0010001010000001010000000100100000100010
0100000000000000000000000001000000100100
0000100001000000001100100000010001001010
36 95 10 6 0 0 0 0 