34
50
11101101100011101111110111101011010111111111111010
01111110111111111110111110111111110111101110111101
01110111111110111111111111111110100111101101101110
10111111111111101111111001100111110111111111011101
11010011111010111101110001111011000100100111111101
11101111001101011101111111111010011110111111111101
11111111110101111111111101111101111110110110011111
11111111101000101111111111111111111111011101111111
11110111111110111111111111111111000111111101111111
10111010010111011101111111001011101111111101111101
11111101110111111101111100010111110101011110101111
11111111111111111110110111101111111110111111011110
11111010111111111101111011111111000110111011111100
11111110111111111001001111110111110111001011111011
11111111110111111011100110111011111101110101111111
11111001110011011111101110111111111111111111011111
11001111001001001111001111011111111110100101101000
11111110011110101111111111111110111010111101111111
11111100111101011011011100111101110011101111111101
11111101011111011111101011111111111011011111011101
11010111101010101011111011111111110111011111111111
11011111110100001110100111111111111101110111111011
10111101110111100111101111111001111101111111101111
01000101111110010111101111111111111111111111111111
00011111011111110111111111111000111111111101000110
11100111011111101111110111011011111100011011111110
11111110111111101111111011010110011101011111111111
10101111000011111111011111111111101111011100111110
11011010110111111111111110010101111111110110111111
11101001111001111111101001111110110111110111111011
11100111111101111111111110110111111111110000111111
11011101110111111111111101111110011010011101100011
10101011111011111101111011100101011011111101101111
10101111011111111111110011111011111111111101011111
90 328 51 22 17 5 0 13 