50
36
000001001000000000001000001000000000
010000010000000010001000100010100011
010000100010000000001001000000000001
010010011000100100000010100000110100
010000010000000000000000001000000011
000010010000000100000001001000000010
001000010000100101011100000000010000
000010100011001010000110000000000001
001100001010000010000000001000000110
010000010111010000100110001000000000
000010000000000000110100100001010000
000010001011000001001010010100110101
000010111000000000010010000010010001
100000001011011011100000000000000110
101000100100110000000011000000101000
000000111001000010000000000000000000
101000000000001001000000000000001101
001100000000010000000010000001010000
000100010110000010000000001000001001
000000010000010001100001000011100000
100000010100101000000000100010001010
000101000011000011000010010000000000
011010001100000010001000000001000000
100000001000100100001000001100000000
001000000100000100000010000000001101
000000000000000010100100000110000010
100001000000010010001001110100000010
001010100011001000000000010000000000
010000001000000000000000010001000000
000100000001010011001000010000000100
001000101000100100000000001000011000
000000001001000100010010000010000000
000000000000000000000000000000010010
000000001000001000000100010000000000
000000000000101000000010001000000000
001000000000100111000000000001001000
001000000101000000000011000010001000
100100000000010000010000010000100000
001000000001101010000011000010000001
000011000000100000000000000000100000
000001000010001011000000011000100000
000110000010000100000000000000000000
000100000000100000110110001000000000
100000001100000110000001001000000110
000000001000100000010000000000001000
010100001000000100001011100110100000
000000000000000010100000000001000010
001001000000010000000100010010000000
000000000000001001000001000000100010
100000010000000000010010010000000010
52 108 18 0 0 0 0 0 