60
50
01010111111111110101010000110011101001001101111101
11110011101011100101110011100111000110001101000110
11111110010110111100101011111010011101111110110110
11101111001111011100000101101101011010111111011111
10111110110011111110011111001100010100011111111001
01011001111101000111101101011010100100111111010101
11111101110101101100110101001111110100100011001111
10111011111100011110111111101110011001010010000101
01010101001111011111000101110110101010110010001011
00100110000111011010111100101111100111101011111000
00101101110000000101101110000001111100011011110111
00101110110000110011001000111110010111110001101100
11010111101100110110001100001111111010001111101101
10100011001100111110011110111010000100011011000110
01101100110111100001000110110011001111110100111001
11101010110111111101000001110111000101110111101000
01101000100010100010111000111111001111011000100101
11101111010111110000001100100111111101111101111110
10101100010100110111111100001101101001110110111111
01111110010100000010111001101110111110111111110111
00111110100111101000100110110101011110110101001110
00111101000110101110100111010000110001101011010111
10110001101010001100111110011010010100001101111110
10111101101110110101110010001111000011111110101011
11111101011110010011110001111111001110010100011100
10001100001111110100100101011100101011111011101100
00100111010100011101100111110110000010101111001101
11010000101111111100010000101111110111010101101100
10111111001011001111000110011010110111101011101111
11101111000110101100101110001010111010110110110111
00111010111111011101000000000101001010111101101111
01011011111010000000111110010111011111010111101001
10011101001011010101010110011111100110001000111100
11110110110001100110111111101010101100000010100000
10111101100111101011010110011110100110010111100111
11101101101101111110101000111110001111101011100100
01010011110010000111110111111110111111111110100001
10111110011011111101111001111101010100111101101110
01110010011001111010101110111100010110110010010111
11010101100111101000010011100111010100110100001011
11101100100011111011011111010101001011000010101111
11010111001001110110101100111011011111111001101111
10001001110111110001001100111100111011011101101001
11001111001001011010110101001110111011011111010110
10011100111110101110011111011001100101101010100110
00110110110101111111111101000001101101101011001011
11001011110111100111000000010111000111011010111010
01010111111000100011101110111111101111111100011111
10011101110111100101001111010011011111101001111101
00100111111111001101110001011111110111101010011100
00111101101111000101010000111110001101010100110010
11101110001111001011111011111101111010101110100011
10101111011110111100101101011111010111010011111100
01101001101011110000010111010100101101110011101001
01101011111101111101100010010110011011001011011011
00101100010100110100111010101100101001101101100010
00110110101011011000111101010100011000001100111000
11010101111100000111111011100110011101110111100100
10010011001101101000110011000001010001101111101111
01101101001010100101010101001001001111011011011000
136 446 75 42 13 6 0 11 