50
38
00000000100010001000000111001100010001
11000011010000000000000001000000000000
00000000100001100000100100100001001010
10110001001010010000010000000000001001
00010000011010000001001000000101000010
01000010001100010000010000001000000100
00000100010000000000000000000001000001
00000000000000000000000100000100000000
01000000101000000110000100000010010000
00000010111100000000011000100100001001
00100000100001000010001100100010100000
10001010000010000000000000000101100000
00100000000100000100000110100000000000
11000100001100000010001100000101001100
00001000000001100000000000001110000100
00000110000000001000000100010001001000
01001010100000001000100001101000010000
00000100000000001010000000000000000010
10000000000010001000000000100010000000
10111010000000000001001000010101000000
00000001100010000000100000101000110001
00100100011000001110011001010000000000
10000010010000000110000100000000001000
10000101000000000110000000100000001000
00000000000001010000000000000011100000
00010110100000001101010001100001000000
00000000010000000000001000100000001000
00000001000000001000000110000001000000
10000000000001000000011000000001001000
00000000010001000000001000000000000010
10000100010000110000000011010001000000
00010001000000001001000000100100000011
10000010011000000010100001000000000011
00000001000010000000010000000000000001
00001010000100010010000000101000000000
10000000000000000100000000000100000000
00000000010000000010000000000000010000
00001010000100000001000000001101000100
10000100001000000010001000100010010001
01100100000110000000100001000010000000
00001000000001000000000000000111001100
01001100000001000000000000000010100000
00001000010000000100010000000000000100
00010100001000000010010100000010000000
00000100010000001011000000000000010010
00011000001000000010001000000000000010
00011010001110000001000000000100000010
01000100000000000100000001001000001101
00100000000010100000011001010000101100
00000000000100000000001000000010100000
17 36 4 2 0 0 0 0 