50
38
01101001110110100111101101010011000110
01101111111000010100111101110011111110
00001011010011011111100011111110100000
11001101000000111111101111011111111100
00000011000011011001101001111011101110
11001111101100011110111111111010101101
11001110101110110110100010011110111101
00101001100111100111101011011111010011
10110111010000101111101111110101100111
11111110111111010111110111100110111110
11111111010111101100110111011111001101
10001110101111010001110011100010101011
01111110001011011101101100100110010111
10111111100100101101111010111101101101
10101010110110110110011101101001101110
11000111111010111011001011001111011111
11110100001111110100101101010111100111
00100110100101011011001101110100110011
01101011011001101111110101110100001100
00111110100000100010100001001101111011
01111010111111111100110000011111100100
11100011001101010111111000100100110110
11001110110001010111110100111000000010
00010111111110111111010100111001100011
11011110101110111111100010111101100011
11011111000011000011101110011000100010
11110101011001011011110111010101101110
01111111011101011100101101000101101011
01011011001001111000111110101001111011
10011001110101010000001100111101111110
10111101101001000110011111010011100010
10011110010010010111000100101101110000
01011101011110101010010000000110110011
01010100110110111111101100111011010101
01101010110110010010110111010000010110
11110110111111000111011011001101000001
00110000111011101001111110011101010110
01011010010011110101110010000100111111
11101011100110111000000011010101101111
11010011111011111011110110110110110100
10011111010101010110110010111111111111
01101010110011010101000111110000100111
10010011011110001101111100100000110101
01010001011010010101010100100101001010
00101111111011111011101100100011110100
11111100000001010111111111010100110101
11110101100011100101110011110111101101
01110111111000111101011100101101011011
11001100000110011011010100100010101100
11111111110011110110111001110111010100
82 222 39 17 9 4 0 2 