50
50
10111101111011110011111111111111110101111111110101
11011111111011101110111011111111110111111011111111
11111010101111111011110011011111111011111111110111
10111111111111100111111110111111011110111111110101
10111110111111111100001111101110111010111011111111
11000111111111111111011111101111111110110111100001
01111101111100101111111110111111111111010111111011
01100001011111111001111101101111111111011101011011
11011111111101110111111110110101111101101011101001
01011111111111111111111011001111111111101111110111
11011100111111111111111010011101111110010011111111
11111111011101101110111111111111111101111110111101
11001111101000111111111111110101101011111111101110
11101111101111111111110111100111101111111011111111
11111111111101111110111111011010111111111111101011
11111111111011111111010111110101111011101010111010
11101110110111111101111111011011101101101110111010
01110101111101011110101111111111111010101010110111
11001110111010111111111110101111111111111111111111
11111101011111111101011101111111111110011011111101
11101111010011111011001111011111110111111011111111
11100010110111111111111111010110011111111011110111
01111111111110111101011111111111110111101111011011
11111111111111111111011111110111011111011111111111
11101101010110111111111101111000101111011001111011
11111111101111111011111111111111011111111111101111
11111111110101111111111011111111111110110001011111
11111110111110110111111111111111111111111011101110
11111111111011001111111011011111111011111111111111
11110011111101100111001111101011010110111111111111
11111111111011101111110111111110000111110101110111
01111011111101111011111101111111111111101011000100
11111110011111011111111101000011111111011110111001
10111111111101111101111101001101111101101111011111
11100111111111111101111111111111101000000011101011
11111110110111010001101111101111111111101111011110
11111111111111111001111101111011011111111011111011
11110111110111111111111111111011111110001011101111
10111101101111111011111111010010111110111111101010
10110111111011110111101011011101111111011111111111
11111111110111111111111111110101111110101110111101
10101111111111101011111011111111111111111111111111
11111110111110011101001100110110111101111110111011
11111011011011101011111011111110111011111110111111
11110101011111101110101110010111101111011111110111
00101111011111011101110111111111101100101110110111
00001101110001111101110111101111001111010111111111
10011111110101011101011011111111110111111100111111
11011111111110011101111111111001011110011111111111
11100011111011111111110111111011111111111011111101
141 496 80 44 12 12 0 17 