50
40
1101001100011111101111011010011101001011
1111001100011101001010101011101111110110
1100100101010111001100001100110111001101
0100110101101000111011111111111101000000
1011001101001110000010111111111111010101
1111010111010111000101101011001110111101
0000100011001111111101011111010100011110
1000100001001010110111001110001110010000
0101101101011110011011100001011101111101
1100011110110001110101110011111001111101
1111100100111001111000011111010111000100
0110111110110111100111011111011010100110
1111101001111001111110011110011110111110
1001101001001111000011110111101000011100
0111011010111110001010101011110111011001
1000110011001101101111101000011000111111
0101001111111111110001110111000111110011
0110011001100100011111001111101010111010
0010111111110101011001101100011110111110
1000001011010000111101101100110011011110
1111101011110101101011001000101000101110
1100100110000101111100111010111011111111
1111011110101101011110001111101110011110
0010011101000001110000011111000010100101
0101001011111011101001110000101100111000
1011100110110111110110100000111011101001
0111000101101110010011011101100110111010
1111110110111111001000010110111001110011
0111000111011001000111011100111010110101
1101011111001000000111110110001001110100
0101101101100101111001100101100011001101
0011100111111010111111011001111110111111
1111110100011010000011111000101000000011
1011101110010001110011111100110110010101
0101100111101100011100101111011100111101
0001010111001001111000111100111111011111
0100001110111111100011000011001011001100
0110111110010110110101011011111110110101
1110111010111000111111111111010010010100
0111001111100011010101011110011110011011
0010111111011111011001001001010011111011
1100111100101101111011101110100110111101
1001111011011010011101011011001010001110
0101101000111000100111011110110101100110
1000110111101011101110010101011110100111
0000111111101100111110110001010101001011
0101011001101100011011111001111001111000
0111101101101101110010011110010111111101
1101101111001101111111110011010001100101
1110110001111011110011111000101011110111
87 240 30 22 8 3 0 5 