50
36
011010000010101000000011010000000000
101000000000000010000001010000010000
101011000000000000010000010010100000
000001000000100000110000000000110000
110001100001000000000000110000010000
000000000000000010000001000010000001
010000000011000010000001110100000000
000010100000000000000011000000001010
010000000100101000001000110001000000
100101100100011010100000000001101000
000000000000001001001000100100010000
010100101000101100001000000010100000
000010000001000100000000000101000001
001000001110000000000100001000010001
000000100000010010000000000011000000
100000000000110001010110001011000000
000010100000000000000010000001000001
000010000100100000010100000000000000
001010000100000010010000000000010000
000010000000001000000000000000001001
000000000000000000000100011101010000
000000000010000111001000001000000010
000100000100010000000000011001000000
000000000000010111000100000001000000
010011100000010110010100000000110010
000000010000010000000001000000101000
001111000001000000000000000010010100
000110000001000100100010101010000000
010000100000000010010010000000000000
010001000011000001000100000100000000
100010000000010000010001000001000011
000000001000010001000000101010000000
001100000001000000000001000000010000
000000000000000000010010000001010000
000000010000000001010000101000001000
000000000000000010110001011000000000
000100000011000000001001010100000000
000101000000000000000000001000010010
000000001001000000000100000000001100
000100001101101000000001000100000101
000000001010000000010000000010000100
000010010000000001000000000000010100
011000000000100000000000010000001001
000011010101000000000000000110100100
000000000000000001000110001010000100
101001001010010100001000100001001010
001000010000000010000000000001001000
000000000010010000000010110001000000
000000001100010011100010100010000110
010001000000100100010000101001000100
16 36 3 2 0 0 0 0 