20
40
1011110111001111101000110110010010100011
0100111101111111110101110011000000011111
0110101101111000010001111011101001011011
1001011010100100111111101111000001110000
1001110111101111111111011110111111111011
0110000010100100011101111110111110011101
1100011100111110111011110110001011100010
0010111010100011001101010111000010111001
0111101101101111100110110101101011111111
0111010011011010110101111011101001011100
1011111001101111111101001010100101111111
0110111101001111110110010000110110101011
0001000101100101111110011110001100111010
0100111100110110001110100000111111011011
1000001001111001001011110010010111111101
0010011111010101011100100010100111111101
1111011000110110001101011010010111000000
1000001111001101111001011010010101001001
0111100110000101101111100010001110010011
1111011111000100011110110010001111011111
31 79 20 4 3 2 0 5 