60
50
11101010110010011011011110101111110111111111111111
01101111111111111111110101111010111111111110111101
01101111110001101110011111110000111111100111110110
11111011111011111101111111111111111101011111111111
11101111111011111111110111101011111101111101101110
11111111100101111001110011101111110111111111110001
10011101101111111111111011111110011011111001111101
11111100011111011011001101111111111001110111111111
11111011011011111011111111111111101111010011101110
11001101111011111111111111111011110111111111111110
00111111111110101011011111011111011111011111101101
11111011111111111111111111111111110100110101101110
11011111111111110110111111111111111011111111011111
01111111010110110110111111111111110111111111111111
11111111111111111111110011101011111111111011111101
11111111111111111110111111111100111111011111101111
11011110111110111111001111011110110011101111111111
11100111110111111001111111101011111011111101111111
01111111111111011111101111110110011111111011110100
10111111010011111111111101110111011111111110111101
11101110111100111101011111110110110111101011111110
10111111011001101111111110111111111111110101011011
11101111100101011111111111111011111011100011001101
11111111110111111111011000011011111011111101110010
01101011111111111101101011111111111111111010111111
11000101111111110111111001111111111111111101101111
00011111111111110000111111011110111111111111111111
11111011110110111011111101111111111111011111111011
01111101111111011111111111111110111111011110111011
11111011111111001111011111111011110111110101111101
00100110101111111111000111111101111001111110100110
11111110111111101111111001111101011111101110111111
11110011001101110101011111010100110111110010111111
11110101111011101011110110101100111010011111011100
11011110110110111101110110111111110111111010111111
11111111111100111111011011001111101111001110111111
11110111111111111111011111100101111101111111110111
01111011111101111011110111011011010111011111101100
11111100111111100111111101110010111111111111001111
11111010111010001011001111101011111011111010111100
11101011011111001111111101111011110101111101111101
11101001001110111100111111111111101101111110110101
11011110111111110111111111101101111111110101000110
10010111110011111000010111101111111101111110110111
11101111111111111111101101011111111111011000011111
11111111111101110110001111100110111111001111110111
11011110111110110011111111111111111110111011100111
11011110111101111111110111011011011111001100101111
11111111111101111110101110111101101111011110111111
00111101111110111101111101101111111110111111110110
11111101011001111101110111111110101110110101111111
10011110111011111111110111111111111111111011101110
10111011011111111101111110011000111111011011100111
01111000111111110111011110011111111111111101111110
11011111111100111111111111101011111101111111111111
11001011111110111011101110111011101111111111111011
11011111110101111111001100001010100101001111111111
11011111111101111111101011110111111001111101010011
11011110111111111011110011111111111101010011111111
11010111111011101101111100111110110101110111011111
54 213 21 15 8 2 0 8 