55
50
10000100101000010010011010001011101100010010110111
10010011000100000100010111110011010101100010011000
10010001000110011111111100010001110100100001011100
00011011100100011000001100001111001111011110010000
00101100001101010001010110010001001101010010000011
00011000101001110011001000010000000100100010100011
00001001100010010011100101000010011111000010111101
00000000011010000010111100110111001010000100110100
11000000001110011110011101110011010110010110001010
00010000001110101100101110000011111010110011011010
11000110011001010100101000011010100110101101101000
11001000011101001001010001101010100101010100011010
00001101000001000000110001000000101000100110110000
11110110100000011001100010010010111001010100001111
00111000110010110110000110011000000010100000111001
01011010010111101001111111000000111101100011110010
00001010110100100001110001011100010100100001111010
10110010000100011001001001010000000011011010011000
01000100000100100100001010000011101001101011000111
10001100000100111010010110101010001100011000101100
11111000001011101111111100101110100010001011011000
11100100011010011110110000000000101110000011000001
10001001100010000100100001100000001010010010000100
10001010100000100011100111001111010101000101100000
00001111101100111001110110011100111101001111101011
01100010010100101101110011101100111010000100111001
00000101010000001110101000111001010100100111001010
10011101001100000000100100111110100001001000000101
00001000101001010111100001010001000011011010001101
11100000100110011000100010010001101000101011000111
01000011110101100010000010111100000010110101100001
00011000011001111000110000101001010011110001010010
00010000101100110100101100100000011010010000101001
00011000100000110000000100100000000001101100101111
10100001011001100000000000100000000001010010010111
01000100100011010110110100001000011001111000110001
00000001111010111100100011110101110100100000010001
00100100000000111011010111011000100000100011001000
11101101101010000011110010011100111000110001101001
00010011111000001000000011110110011001001010110000
10100000000110010000101100001100000011010111100010
01111100000111000001110101100010000000101011111101
10000001001111001011000110110000101001100010011100
01000100000110011000000001010000111001101100100101
00011101010110100101001110001000001010110101000000
11110111101100001000001001010011011101101011110001
11001010110010001111010001100110110110110100000111
01000000111010001110000110001001010001010111010111
11010010001000000000111000100100001010000111010101
10010000001001001011110011100101100000101100111100
00000011111010010110101001111001101111010000001010
11010011000000011111000100010000000000011011100010
01000000000001001010010000010110100000100101000001
00000001011001011101000111101100011010100001110000
00010011010101100110110010100000100101001001100001
52 144 25 14 2 3 0 10 