50
36
110000000100011001100110000010000010
100000111110001000111101000101011010
101100010100101000000001101100011100
100111010111000101000010100100100000
110100001100111000100010010000101000
000011011010110010110100010011111001
010111111100010010101000100001101100
101111000010110100100000011010010001
101010110000100010000110100000000001
100000000110001101000111011001111010
101010011101001000000100001100001000
011000000000110001001001001010111000
001101110100100000101101010000001001
101111100010000010010100001010000001
000101000010001110010000010000010100
001011110010001011001111011110010000
000110010001000101100000100111001111
010100000010010000010100010110010000
100010000010000000100100000110000000
101000001010100101111001101001000010
010100011110010011010001011100000010
100110010011100001000001101001100100
000100011100000010101010110110111111
001011110011000111100000110000110001
110011000010001000010110001000111110
011000100010110000101101100000010000
001110010010011010101001011111100001
011011001000111011111001100010000001
100101001110010000000100000000110001
000011001000011000010101001111101000
001010101110010000010101001000011100
110011000000000000000001000010001000
011001000010100011000000010010100000
000101011000111101100101001010000001
011011011000000011101101101000000001
100001011110111000101010010100010011
001000100010101100110000100000011001
010010010010001100010100001011000100
000011000110101001000010111010101011
110010100110111100000101111000011000
001001001111100000100010100000111011
100011001101010101111101011101100010
001000010110000001011000000101000000
000001001001111110101010101001100010
010000001110000101111110010111000001
101010001101001010111101110010001100
110111001011001000010001000011011001
011010110000100000100100000101100010
110011001110000100110000111001111100
101100101000001001000100010000001101
66 188 36 12 7 1 0 0 