50
40
0010110001000110000001010000001010001000
0000100110010000010001001110000101001000
1000000000010000000100000001011100010101
0010000110001011000100000000000000001000
0010000010110010001010110000010010000000
0100100001000000000010000000000100000000
1110000011000010001000000000011000010000
0000000000110000000000000000000010100100
0000001101000000011100101000000000000000
0000001100000100010010000100000000001000
0000011001000000000100100001000001100100
0000000010000000000000001000101000000000
1100011000010010000000000000010001000001
0000000000011010001000000000000000110101
1010000011010100010000000010110101000010
1001000000000000000001000101100001010000
0011010110000010001000010001010000001000
1000000001010010000001010000000001001000
0000010101011100000000000000000010001000
0010110000100100000000001100111101000010
0110000000000011000000000000000000000000
0000010000000001000000000000000000011110
0000101001001100000010000000000001011110
0010011100010001100100000100000001000000
0000000010000011101000000000010010000001
1010101000001000010000000110100101001000
0000100000001110000000000000001000000010
0011001010010000100000000100010000101000
0001010100000000000100100000000100101000
0010000011100000010000000001000000000000
0010000001000010000010000000011000000010
1010010000000100100000001000000000110001
0000001001010000000011000000000000000100
1100000000001001010001100001001001101000
0000000100000010000000000110110000101000
0100001001000010001100010000100000100001
0100000000001100010010010000000010110000
0000000000000000010000000000111110110010
0111100000000000000000000000000000101100
0000000000011001000000000010000001000000
0010000011111100010000100000010001001000
0000000010011100010100100000100000000000
0000011011001001000010010000001001000000
0100100100100000010001000000000001000101
0100001000000000001000010110001000000001
0000000010000000000000100001010100000010
0010100000100010010000010000000010010001
0010000000010100000000100000000000000000
1000010101100000010010000100000100000000
0000110011000110001100100000001010000100
33 94 14 3 4 1 0 0 