20
40
1111101110111111110111011111111110100111
1111001011001111101111111111111110011111
1111011011011111100101111111110011111111
1101111110111111111111111111101111111111
1101111011111111111111101111011111101111
1111011011101111011011111111011111100110
0111111111111101111110101111011000111100
1111011111111111110011111010000111011011
1111001111111110101101110111001111101100
1110111111101010101100111111111100110111
1101011111001111101111001101000101111101
0111111110111001111011011111111111111110
1111111111111011010111011111111111111111
0111111111111111010110111011011111011111
1010111101111111101111111111001100011110
1111111111110011101111111010111101111111
0111111111101111100111101111111111111111
1111111110011001111011011010111010111110
0111111101111110101111110111111111001101
1101100100111111111001101111011111111111
36 119 19 12 4 3 0 4 