50
45
011100101111111111011111111111111111111111100
111111111010111111111001111011110111110110111
111111110101111011111001111111111110111110111
111111001111111111011111111111101111111001111
011101110111111111110011111111111001111111111
111111111100111111111111101111110111111111111
111111111111111111011111110111011110111111111
111010010111111111111100100111110011101111111
111101111111111101110101110011101110011111111
011011011111111101110111111011110001101101111
111011111011101111100111111111111111110011011
111011111011101111111111111110011101011111001
000111011100111110011111111101111110100100111
111111011011111010111101110111111100110101101
111110100101011010111110111011111111111110111
011011111011111111100010001001110110110110110
011111101101111110111100111111110011111111110
110011100100111111110111110111111111111111111
011111101111111111011111111110111101111011010
111111111100111101111110111111111101111100011
100111111111011101101011111011001011111111110
111011111110111111111011110000111011111101101
111111111111111111111110111011111001111000111
111110111000111111110111010110111111011101101
011110111111111111111101110111101011110111101
111111111111111101111111011111111111110110111
011110111110111100110111100111110111101111011
110111111111101110101111111111111111111010110
101101111101111010001101110111111111101111111
111111011110111110111101111110111111101011011
111111111001001111101011101101011111101110111
101111010111111101111111110011111110110101100
110101111011101111010111111110111110011111111
110011111010111111111111111110111111101001101
111111111111010111111111010111110111110111110
100111111010101111111010111111111101101011111
110101111110111011111011111011111111101111111
110101001101101011111111111111111111101010111
101101110110111111100111011101001111110111111
011111011101101111111110100111111110011101111
101111101011111111011111111011111111110111111
011011011011101001111111111111110111101111111
101101011111111111111111111101111111110111010
101110101111001111110111111101011110101110100
011011101111111101111111110111110111110001111
111011111111111111101011011110110111111110110
111011110011111111011111110101111101101010111
111110111111111111011110111011111111111110111
111101011001111110011111101111111111111101111
010110111111110111110111111111100010111111100
47 140 27 7 7 4 0 6 