55
50
11111011111111111001111101111111101100101111110110
10111101001111111011011111111010100001110111001000
01001110110011011101111111111010001110011001011001
11011100011001101110101110000111000101101110111011
11010101100110101111101101111111000100011111101100
10000101011011110111111110011111011111010111100101
01100111101110111100100100011110001100110100110111
10111001111100111111011111101111100011101110101000
11110110100011100100001010010101101110100101001000
11011100100111010011000101011111101111101110011111
11111001101111101111101110011110000010010110010111
11111110011011110001001100101111001111111111110110
01101011110011100011000101111011010101011100111110
11111011010100011111110111010111110111001000001111
10101101100111011101010010100100000101001101100111
10110101111111100010110011000011110110110010110010
10011011100100100000111111110100101101111101111111
10011001110000101101111001101111010010110010011011
10100110110111110111111110111101011111011011110001
10001111101110111001111110011101101101001010100010
01111100011101111110110111101100100110100011001110
00001110111000111101101111011110001111111101101110
11011011111110110011111110101111101010110101001011
11111111111110111111111110111101011011100111010011
11111000111100110000100011011010110001001001000001
11000100111101111111000111001111001011101101110010
11101011100111100001001010100010111011110001010101
10111100010110001111100010001110011011010010010100
11111011011011010110100110110101100100111011111100
01100011100011011110010101111110011110100100001110
10101110101111110101100101001111101010101000111011
11110010110100110110110011111011011101011001101100
10101000010111100010000000110101110111111001011111
00111101011000011100110110010100110101101101010000
11100010001110011010010011111110111010010110011001
01001101110111101101011010011111011011111100011001
10101101110110110101011111010110101010111101111011
10100010001111110011101010011101010011011101011010
01110100001111111001110000001101111111011111001000
11010100100001111010111111101001011111110111101110
00000000011001101110111001111110101000010100110000
11100100111010101110111111011110101111110100011101
10101111101101111111110001101111111101110001011110
00000001100011101100011010110111011000111101011101
01011101011001011101101010101110111111100010101001
10110001110001010000011001101111110110110111111001
11100000110011110110011001011101111111100111110111
01100110001110111111111000101111110000000011000011
11011000111110101011111001011000010011000111010011
11110111011100111111111111110001101111110101111011
01101000111101101110101100011100100110010011111111
11010111100001111111011111001001110100011111001111
11110000010111011101111011111111101100001111010110
11111110100100111110111101000011010111111101110000
10001111100101111001100100101110001101010110001000
72 232 50 15 8 2 0 6 