55
50
11111011111111011111111111111010011111111111100111
10011111111011111101110111111110111011011111001011
11111111110111011111111111111111011111011111011111
11101111111111101111100111111110011111111111111001
11111101111111101111100111111111110111111111110111
11011111111010111100111110111101111101110111111110
10111111110111101111111111101110101011101111111111
10110110111111111111011111010111110111001111100111
10010110111111101111110111111110001011011110110101
11110101110111001101111100001101110110110101111111
11010011110111111111111111111011111111011111100100
01101110101110111001011111111011011101011111111011
10111111011110111011111110110101111110111111110111
11111111111111110001011101111101110111010111001011
11111101011011101111101111100011111101000100001111
11011011011110011110101101110111110111111111011111
11100111111111111111110111111110110111111101011111
11011111110111111111110111111111111111111110110110
11111111100111111101111111110111101111111110111101
11111111111110111111111111111101011111111111101010
11011010101111100111010111111111010101011011111111
11001111110111111110111111111100111010111101110100
11011101010101101111110111011010101111111011011111
01111110101011111100111111111011101111110111110011
11100101011011111001101111010001101011101010111001
11111100110101111111111111011111100111010011111100
01110111111110100111110111111011101101111111111101
11111101111100110100011111111000111110110011111111
11111110110011111110101111001111011010110111111111
11111111111111011011111111110101111111111111111111
11100111101111110100111111111111011110111101111111
11111101101111101111101111111100111011111110111111
11101110111110011111101101101010011111011010111111
11111101111011111111011111101011101001110011001011
11010111110110111110001111111101111110111011010110
10110111001101111111101110011111110111011111011101
11111011110111111110111111110111011101111111111110
01111101100111111011001111000110011111111110011111
11111110111111111111011111111110011100111011111111
10011111111111101111111110110101110101011111111101
10111111101011011111111101111010111111111111111111
10101101001111111111111111111111111111111101011101
11111101110101111111110111110111100010011110111011
10111101111111011111111011111111111111011101111111
11111101101111111111111110110111111111111111111111
11001111111111111111111111001111111110111111111111
11110101101101011110110110111111111101101111111110
01111110110111111111111111110111111001100101001100
01111110101011111101101111110111111010110111111101
11111010011100011111110111111111011001111111011010
01100110110111111011101011001011110011111111111011
11011111011011111101110110110101011111111111000011
01111100111111111100010111101101111111000101111101
10111101101111111110111111110100111110111111101111
11110111110000111001111111111111011010111001101001
157 555 77 42 14 11 0 20 