50
50
00100100010000000100101010000000010010000000100101
01000010001001011111000100000100000000010000000100
00000001111000000000010010010000010000000000100100
00000000001011010000010000000000000000000011000000
10110010000000000000000100000010010010000001000000
10000010010000000110010100001001000100100000100001
00100101000000001000101001001000001000000000001000
00010010001110000001000000001000000000000000110000
00000010000001000010011000001100001000000000000000
01100000000001110010001001000000011011001000110100
00000000010000010100000000000010000000000000000000
00100010100010001110101101001100011001001000100000
00000100000000000000001011000011110100001001000100
10000011000001001000101100100001001000000000010000
01000100010000000100000000000000101100000100000000
00100100001001001101000100000001000010000001101000
00100000100000000010010000000000010000110001001010
00000001001100000000100000010101000000000111000000
00000001000101000011100000001010010000101000000000
01000000011000000000000000000100010000000110011001
10101000010010001000000000001000000000000000000000
10001000100010000010000110000010000000101010001011
00100011000001101100110000100001000011000100000000
10100010000101000100001001010100000100110000000000
00010011000010000100000000010000010000001000001010
01100100000000100000001001000010000000000100000100
00000000000000001101100100000001000000010000001010
10100001100010001000001001010010000001101000011000
00000000000000001000000000010100000001010000000011
10001001100100000100000101100001010000000000100000
10000000000010100000000000000100100000010110000100
00000001000111100000000000000000000110000000000001
11000101000000000000010000010000000010000000000000
00000000100000000001000000000000101000011000000101
00100000111000100010000001000000010011100001000000
00001000000000000100101000101011100000001100100100
00000000001000000000100010010010001100000001001011
00010000001101101101000000000000010100000101001000
01000010000000000000100010100100000000000000100000
01000000000010100000000011000000000000000000001001
01000000000000011100010000010100010001000110000001
00100000000010000100010100100001000001100000001000
00000100000000000000000000100000100010100000000100
01000000101001010000000011000001010000010000000010
10000000000000001000111000000001101001110001001000
00001000100011010000001010000110000100010100000000
00000100011010001010000000000001001000000000000010
00000000001100000010000100000000000001000000101000
10100010000000000000000000000100000111100000000101
00001000100010101010000001100000000000110011100100
17 41 12 2 3 0 0 0 