50
50
11011110111101110111111101101111111011110011101011
10110111010111111110110111111101101111110100100111
11110111111000100111111111111111101110111111011110
11111111111101100011111111111111111111101111111010
11011111101111110010111111111111111101111111011011
11111111111101111111111111110111111111111111111011
11111100110010111111111101110100011010110110111111
11010111111011011111011111111111111011111110111111
11010101111111101111011100111011111110111011110111
11000100110111100100101111111011111110111111111101
10111111111010111101111111111111111101011111111101
11111111111111101111111111111011100101110110111101
10100110111110101111111011001110110001110101101110
11111111101111001011110001111110011111110101101111
11111101111111111111111111111011111111111001111111
11001110111111111011111111111101111110111010111111
01111111110110110110111111110110111011111111110111
11111111111011101111010011011111111111111111110011
11010111111111111101001111111110111111110110000010
11111101101111111111111111110101111011111101110101
11011011111111111111111001011101011111111111110111
10101100011010111011111011111111111110111110011111
11111111111111001101111110111111101111100101001011
11111110011111111011001010011111010111111111011111
11111111111101100111111011000100011111111011101111
01111110110111100111111010011111101110111101101011
11111101111100111111111111111111111111111111111101
10110011101010100101101011101111110101101010111110
11001111110011111111111101111101111111011111010111
10111111111111111111100111011111101110110101110111
01111011110111001001111111111111101110001111101111
01111111110111011011111111111111111111111111111010
01111111111100110001111011101110111111111101101111
11011011011101110111111111011111011010110010111001
10111111111110011111101001111111111011011011101111
00101111111110111111101111111111111101101101110111
10101100111111110110111111101101110111110111101110
11111111011111001011010101101011110111101001111111
01111101111110101101010110111111111111010110011111
11110111111011111101111101111011001101100101110011
11110111101101001111011111111101111111110101001111
01011111101111111110100110110111111111111010011110
11010111101001111101111111111111111111111011111111
11110111111001111111111111111111111111111110111111
11111111111011001111111111111011111111111110010001
11110111111111010001111111111110101110101111011111
11111111111111111110011110111111111011101100101111
11111111000110111111111001011111111111011111111101
01101011011111101011111101111111111101111111010101
11111111111101110111011111101111010111011111110110
127 386 50 33 15 6 0 14 