34
50
00000100100101000100010000101001011101010010010011
00011100010101100111110011100000010010001000010100
10011000110100100000100011110101110110000100011111
00010101010010000011010010010110100001000100010100
01100010101100100101110110111010001010010100010011
00010001100101011101000001001101110010001000000000
00100011000111010101100011100010010111000010000011
11000000001101101010010110101100011010010011110101
00010000100000001011001100001111100011000010000010
00110110111101010111110101011010010110110001001100
01101000001100010111000000101000001010110000110000
01010100011100010111110000000100010101110101110011
00000000010010000000000001100101010011101000001101
01001000000100000110110101010100100011000011011001
01101000011101101101010001100000000001001100110101
00000010010000001101010000001011010110000110011000
01000110000111000001001110010000000011011000001001
10010100001000000001000010011100001010000001110001
10000000000111001111010011010110100011100001100000
00010101000000010010010000001110001100100111111001
11110000000001010011011111001000000110001000010000
10101000100011000001110001010011100111001110010100
00001010111010000011011000010010110100101111010010
00010100011110010011011000000100000010111000001000
10011000001101110001100010011001100010100100010110
00000000010110100000100000010111111000100000111000
01001111100000110010101001000100100001101110110011
00001100110010110000000001111001001000011101001110
11101101101100100111101100011001101011111010111000
00010010010000101010010101001001000010001001000001
00001000001000101110010000000010100111110000101101
11111001001001000011110111010001101001001000010100
01010010000000111010001000010010101000000100101100
01001001110011110111000011001000100001011000001101
47 137 24 12 4 2 0 0 