32
50
11111111111111101111101111111011110011111011110111
11011100011111110111001101011011110111111111110101
01110110101111011110001011111110101111111101111011
11111111010111111111111011011110111101101110001011
11111010111010110111111110111110001010111111110111
11111011110011111101101000111110111101001110001111
01111111011111111111100111110111111101111111111100
10111111110111111011110011110110110111101101111111
10111111111110111101001111110011111011111100111111
11010111111111110101110111101111011111111011001111
11111110111111011110111110111111111111101101111101
11111111001111111111011111111111111101101111110111
11101111111111111111011111111110011011111111001111
11011001110111111111111111111111101111111111110111
11111111111101110111111111101110111110111010110111
11011110111100111110111001111011011101111111101100
11110100101111000111011111011011111110111111111111
01011101111111111111011111010101101111110111111110
01111111101111110101111111111110100110111000111011
11000111111111100101111111111111100111101111110111
11011111111101110110111101111111111111110111110111
11100111101101111110111111101111111111101111001111
10111011101101111011010011111101111111111101010110
10110101111111111011111111111111011111111111100001
11010111110101111100110101111100011111111111100110
11110110111110111111110111100101101111011111100011
11101111111110111100010101111100101111101101111110
10011111000111111010101111011111101111101111111111
11011111111011101110111111110010011100111111110011
11111111111111111111101111111101111111111111110111
11111111111111111111000101111111011010101111101111
11111110100011101101101110111101111111111101101111
57 177 27 17 7 2 0 4 