34
50
10000000000011000000000000000010000000000000000001
00000000001000000100000001000010100010100000100010
10011001110000010111010010000010001000000000001010
00000001000001011000001000010000100010000100001000
10001000111101101000000000000000000000000000000000
00001000000110000000100000000100100100000000000000
00000110000000010100000000010000010000000100001000
00000000010100001000000100000000010010000000000000
00000000000001001000000000000000000000011000000001
01000000100001000001000000001000000000000011000000
00100111001000000000100000000100000100001000000101
00101000000001000000110000101100000000000000111000
00000000000000000001000000000010100011010001110100
10000101101000000101000000000001000010010101110001
10110000001011000010110010000100000101000001000100
00000010100100000000100001110010100000000000011000
00000000000001100100001010000010000000000010000100
00000001001100100000001000000000000100000000000000
00100000000000000011000000000001000100000000001000
00010000100000000000100110000001000000001010111100
00000000000100000100000000001010001100001000101000
00000000001100000000000000101010001000000100000000
00000000001011000011001100001000000010001000000000
00100000000000100100010010010100010001001101001000
00001000100100001000000000000000010010000001000000
00001010000001001000000010010000000000000000100000
00100001010000100110000000101000100100001010100000
00000110100010001000000001010001000000000010000000
01000000001000001001000000000001001000000000000101
10000000011001110000010010010001000000000001001100
11000010000100100000000000000000000000100100000001
01010001000100000100100000010010100100000000000000
00011000000101000000000000010000000010100001000100
00000000000001000000000100001000010000001000000000
27 90 18 6 0 0 0 0 