20
40
1101111101101111111100111100110111011111
1111111111101111111111101110101111111110
1011101110111111111011111111110011111101
1111010111111111111110111111011100111111
1011001111001010100111011101111101101111
0101011111111111011111111111001111101110
0111111101101101110011011011111111111111
1011011110111111101010111111111110111011
1011110101011111101111111111011100111111
1101111110011100011111011111111101111111
1011101110111110111011111011111111011101
1111110110001111111011111111111111110101
1111111010010111111111011111111111111110
1011010111111111111110101111111000111011
0101111010111111111111111011111111111110
1110111110110111110111011111101010110111
0101111011111101101110111101111111110000
1111110111000111100110110110111111001111
0111111011011111110110011111111111101111
1010111111011101111111110111110010101001
13 43 8 2 4 0 0 5 