34
50
10000111100010010001010000010000100101001100001100
00110110101101111101101100101000110100000000010000
00000000110101011010000111011001001100000001010110
01000111000110010001100010101001000010011101001011
10000010000101100001100011000001001001011110000101
00010010010101101000111010100000100100101100101100
10010101101100001110010111010100010111100100110100
10010110110100001110001010100100101111000111010110
01001011000010101000000001001000101101010000100000
01010000001001000011101000010001101101100010101001
00101010010100100011010000100100001001110000110000
00011000111100110000101110101000100010101000001100
00000010010000000000111011011010010000100110100000
01011101001001001101110011100110000100110011000100
00100010100000100001000101000111010010011001100001
11000101010011000011001001011000000001011000110101
00010000010011110010001010001000001000100000101100
11000010000001110011111111100110100001010001111000
00000000110110100100001100001101000001100100001000
10000001101010111001000010100001011011000000100010
11101010000000000000010111010011010010101000100001
10010010101000110010100111001000110011010101100001
10011110011110010111101000000000011001110000101000
00010110000001011011000010000100111110100000100110
00111100000000001100100110001110001101001110010000
00110000010011011001111100100110100000011100100101
00010010101110010100110001000010000000001010001100
11011010000000011000011111011001010000110011010110
10001000011101100001110100111101101010000001110010
00011111001001000000000010111000001000000100001010
11010010000011101101100010001100111000010110001000
00000101000101010000010001100111010010111011000000
10001100101100000010011011010000001010100001100011
00110010100110010011001000100100011000000000010110
38 83 16 9 1 1 0 4 