50
45
001000000000100000010010010010000000001101010
001000001000100000100000010010000000000000000
100000100000100000000010000010001000110010001
010000000000000001000010000000000001000010000
001000000001000001001100100000011000000000001
000000000001010010000000001001000010000001000
001000000000001000001010101000100100000000010
000000000100000000000001010000000001001001100
100010000100000110100000000000010000000000001
110000000000000001010000000110000000000000000
000010100001110010000010000000100000000010000
000010000100101000001100000111010000010100000
001000000000000110100000000001000001100000000
000010001000100000001000000110000100010010000
000000000010000000000110000000011000111000010
100000010000100000001000000001000000000000000
000000001000100100000001100001100100100001001
000001110100001001100001000100001001000000000
100000000000100000001000000000110011000000100
001001000011000000000000000000011001000001000
000000000100000000010011000000010000011010010
100000000010000100000010000000000110010100101
010100000000000010010000000010100000000000010
000000000100000010100001001000100000000000001
011001000000000000011001001000100100000000101
000000010010010100000001000110100010001001000
001000001000010000000001000000000000000000000
000000100000000100011000010010110010110000001
000001000000010000110001000000001011000100000
100111000000000000001000100001100000100000000
101000100010000000000011000001001000110010000
000000010000000010001000000000010110000110100
010000100001000000000000000110001001000000000
000000001000000000010011000000000000100000000
010100010000010000001100000000000010000000001
110110000100001101001000000001100000000000001
000000000001101001001000001010100010010001110
000010000000000000001000001101000000000010000
000000100001001000011100001010001000000110110
000100000100001010000000000001000000000100010
010000101000000000000000000100001100100000000
000100000010001110000000000000011010001000001
000000000100001010001010001000001000000000000
001000001000000000010001000010101000100000000
100000001010010000000001000000101100000000010
100010000000000000100000000000010000001100010
000010000111000010000000001000101000000010001
110000000000001000000000001011001110000100000
000010000000000000000100000000011010000000000
000000100100010000100000001010000100000000000
36 69 13 0 0 0 0 0 