34
50
11001101110111100110001111111110010001000011011011
10100001011111001010110110010001011111100001111100
01110100111111100000111110001110001011111111111100
11010101101111010101100011001110011100000010111110
00010001110100000010011110011011111010001101001111
00111001111001110011000111011011101011110101101010
11010101111010001111111011011111111011001010110001
11110001011111010110100011111101011100111101001101
11111011010010111111000010111101111001001011011011
11001011011100111010100001001001111111111010100101
01010011001101010011111100100101000000101100101011
01001010000011011111010111010110101110101111001111
11110100001011110000101101111000001110111111000111
10111011111111000001011001110011011011101011011111
11111110100101111110111101110100100110111111001101
11111111101001100110101010010111111011100011101110
11000100111011010011110000011010010100011010100001
01101111111111010101010011110010111010100101011011
11001010110101000111100101011000101101110011101000
00111111100100011010100110011011110101001110111010
01011010011111111111111011111010010010111000111000
11100010111110101101110110011010101010111010011000
01101011001001111110010001010001101111110101000111
11110010100011110011100111100101110100001111000111
10011010001100000111101010011111111101110010101011
11000000101111010010111111010111011011111011101001
01111101110011111011110101110001111100001011101011
00011111110010111111001111101110101111010111101111
10111011010111111110100000011000101011001101000010
11101110000000011110111011110100101111111000001111
11010101111011111111111100000011001011001110010011
01110111100111010010101110001011101101010001010110
11001000110000111000111011111110110101000110011101
01110101000011111110000101100111111011111111110100
72 189 33 12 8 3 0 7 