60
50
00000010010100011101010000010101011001100110111001
01000010001000101000000111000001010001101000010011
01111001100111100000100110100001010010110011110011
00100000110110010001010010000001001010010001100100
10000010011000100100000001001000110010100101001101
00010000110100101010010111000011100010001110110011
01100001011100010001101101001010000011110110001001
10000101110001110010001011000011100011010110110100
10000010010100100001100111000100010011000001001110
10110000000000010101010110100110110110100000000011
00111101011110001001010100111010001110000100100000
10101000000011100101011100010110100001001011011111
00101100000100000100000000100110011110100010100001
00000000000110001001011001101000011100001111010011
01001000011100100001100010010100100011001010010111
00001101000000101000110011010100011000110000111111
11000100100000000110010101000010101111000010000001
00111000001001100000000000000101000111001100000001
11000011011010011011010010010000011101110010110100
00000110001100110101101000100111100100001101011010
00101011110101100010000100010110010011010101101100
11010001110100000000110110110110000001100001101000
00001110011100110100110000110111101100100000010100
10000000010000110000010101101010001100011110101000
01000100100000010100111011001110111001000100110110
01010010100111001101000001110101000011001000100011
11000000001100001011011110010001111100101011001000
01011101001100001000100011100101010100010001101001
10001100111000000100001001110011101101011101110000
11001001110110100001001100000000001010010011000001
00001110101000011000101111100100001111100110100001
10010001100001011001010001101001001011110000101100
11010111001001010110110110101101010000001000001010
01000001011001001100000000010000100100100110011001
00001010100010000000001100000001110001011100100100
11100011010100111100010110110000100000110001100000
11110010100111011101010100100000000110000111000010
00010001010101101111011010001100010001001111001000
00001000101100010011000110100100010111111001001101
00000011110111000100000001001010000100000111101101
00110100101000110000010111010010100111110100010000
01101010101010111110000000000111111100010010000000
00101100001100110010001101011100110001010110000000
01011001010011000111010101100111000010110100100011
10001011010000110001001101010010011010101101010010
11000100100101001000111010000101000011100100100010
10011000011000001001000000000110100100111111001111
00011001111010100110011010110010111110000110000100
00101110111100111011101010010000110100000000100001
00101001000000100100111110100100000100001110001010
01000010101001000010100000011101010100000100101100
01000001101100001100000010010111100010001000000001
10100111000001101101100011100101000000001110110100
00001111000100010100001101010010100001000110001001
00100110100010101110110000110101010010000010111110
00111010001101001100011011101110101000100100011010
00011000011010000100000010000011011010100010110110
01101000000000001101011101000011100010010001000011
00000010100001000000011011100001100010000001000100
11010000000000011001110000111000111010110001001001
111 325 54 21 11 5 0 0 