50
45
111111111000111110111110111111110111001111101
111111101111111111111110111111011110111101111
001011111010011001110101111111110111111111111
101111000111011111101111110110111111111101111
111111111111111111111100001111100111111111111
111111101100111111111011001111101011011111111
111011011111111111111110110111110111111011101
111111011100111111111111111111111110111111111
111111111101111011010011101111111111101101111
111111111100011111110111011011111110111111001
011101001110110101111111111110111011111111111
111110011110111111010111111111110000111111111
110010110111011111111101101010111101111111101
111011101011101111011111111010011111110111101
111101111111111111111111110111010101110111101
110001111111111111111011111101111111101110111
111111011101110111101111101111111111110001111
111011101010111111011110111101111100111011110
010110110111111111111111011100111111111111011
001111111111101101111111010100010111111111101
011111011111111111011011101111111111110111111
110111111011000001011101111111111111110010101
111111111111111111111101111111110111111011011
100101111111011111111111111111011111111101111
111011111111101111111111011111111110011111111
100111011111011011111111011111111111111100001
111101011011111011111111111101111111101110111
110111111110011110101110111111011111100111111
110111110101011000111101110111000011111110111
011111011010011110110111110011111111100111101
001110111011011011111111111010011111100111111
010111111111011011111111100110111111111101101
101111111111100111111111111111011111111111111
111111011111110110011100110111111111110101111
110110011101011001111111100111111011111101110
111011011101111111111111111111011101111101111
111111010110101111111111111001110110011111111
111111111111111101101111010011111111111101011
111111111111111111111011111001011101011011111
001111111101111110001001110101111111111011011
110111111111111111111111101110100111011101111
010111101111111111011101110111111101111110111
111111110101101111111111111110111001101111110
111110111111011001101010111111111111111101111
110011111111110100010100110111111111111011111
101111111110101111101011111111111110111110111
111101111010111111110101111101101101101011100
011111111111111011111111111110100111110011111
101110010101111101111111111111111011101011110
110111111111101111110110001111111101111111110
109 335 61 24 15 8 0 12 