60
50
11111101100110111111111110101111111101111101101111
01111101101011101111011011101011111101101111111010
11111111011101101111111111111111100011101101111111
11101111110111111111111011011110111111111111101111
11011110111001001101111111101101101111111111111110
11001101111011111111010111110001111110111101111110
11101011100111111111101111111100101111011001111111
11111001101011101111111101111111111111011110111111
11111111101110011010111101111001101111011110110101
11111101101011001111111101101111111111111111110111
10111100111111111001011011111111111111111110010110
10111111111001110111001111110111111011110111110111
11111010111011111110111111001111111111111101011111
11101101111101110111001111111011110101100111110011
11111111111111111100101011111101111111011111111111
10111010111111111111000010101111010110101111110111
11110011011100111110101111011111101111111110111111
11111011111111111111110111111111110011101111110101
01010101101111101011111011011111101111111111101111
01010111010110101111011111111111111001010101111011
01111111111011111111110101111111111111111111110110
11111111010111111111101001011101011101111011110011
11011111111100111011111101011111111111101010011111
11111111101111111101111111111111011111111101011111
01100111101010111011111110111011011000101110110110
11110111110101111111101110111111001111111111111111
11111111111110110001101100110011110110100111101111
11111110111111111101101111111010111111111111101110
11110111111101111011111111111011110111111111001110
00111111111111111100111111101110111111111011001101
01110111111101111101111111101111111111111111111110
11111111101001111010011111110111110111111111001101
10100101111011111111100111111000101111101111101010
11100111110111111101011101111111111111111111010010
11111011011110111110111110011101101111111111101111
01011010110111111111111111111110111110111111111111
11000111101010110111011011111101111101111111011111
11100111111111111111011010101111110111110010101000
11111001110111111110111111011101111111101111101111
01111011111111010111111111111110110111011111101111
11101101111011011111111100111101111011001011111111
01111111100110111111111111101111110111111111111111
11111111111101111101011111111011110101110111111111
11111110101101110111111011111101111101110110111111
11111101101111001010111111110111101110100110111011
10111011111001100001111011110001111110110101101101
11101011101111101111110101111111111111111111110111
11101111111111111101111111010111110110111101101110
10111111110011111110111110111101001101011111111111
11111111111110111010111111100111110110111111101100
11111111110111011101111101101110111010111111111111
01111110111110111111111011110011111111111110101011
11111111111011111011111111111111110111110111100111
11011111001110100111101101111111011111101111001110
01010111101111011111110111111101111111111110111111
10111011001001011001010111011000111011111111011011
11111111111111111011111111110111111110011111111101
11011111011011111101110011101101001110011111111110
11010111111111011101100011111111111111111110110101
10111111100111111111111111111011110111111011111101
101 338 60 19 12 9 0 7 