60
50
11011010111011000111011000111111101111110111111110
01111010100111111111110010000100111101111111100000
01101110111111100011101100111111111111110101101010
10011111101011000001001100111110110101010000101111
11111101010001000011111000110101101110111111000010
01110011011100111101110111011110110111110101100101
11110100000100110011111010001110100000110111101101
11111011011100001111000011110100101000001110100011
10111110101111101000110010111001110000011001001001
10011100111101000001011100110101001011000010000100
00011111000111100001111101000100011100101011101001
10101100011110010111101011111101011110110110101100
10100111110100110001110111111111000000111100110101
11110110111101100111011001110111000101100000000011
10100010001000101010001111001111111010111100111011
10111100111001000110100101111100111100111111101010
10011111100100010010110011101111101000100110110111
11001111101101101101111100001100111010011111111001
11111111111010111110101101111111011100010101000101
11111010110011011011001101010100011011111011111011
01011110100110011101011001000011011000111001101101
10011111101111101110001011101100110111111111111100
10111011000100101001111000110110110110110100110110
10100011111011010111111101001011000110110001011011
00011101111000011000010111111111110011101100111001
10100011111100010010100111001111110100010010110111
00111101101010010100011111100111111101110101100001
01101101111001111101111101110000101100111001010010
00011011010111011001111010010011010110111110011011
00110000010011000101011010011100111011011111111100
11001111011001111010111101000011000011011111011100
11111100110111101111001010101110110111101010011110
00101111001111110100101000011110111010010111001111
10100101000110111111011010011000011101011111101101
00010101111111110011011000011010001011100000111101
10110100011111101111010011110001111110111010111010
00011111100110100110011000101010101101111001011001
01000110001101110111101110110111101101011000001011
01111100100101111101111011000110111111101101100100
01100011010111110111101011101010111101110011111111
10011111110111110101001000111111111011111101100101
00111001011001101110101011011110010010001100111010
01000100111101011101011100010111001110000111100010
11111111011101111110011111110110111111001101010001
01111011101100010100101110100010111110111001010111
11011101000001111110000110111100100100010100010110
10000001110111011101011010110010101110001111111111
01110101001101000111100110101101101000110000111010
10101011110101101010001010111101110111110011100101
11100110001111001111110111111111000100101110000111
00110001011100001001111111010111011111011011001110
01101001001111011111100101111001110111011100101111
11110010010111101110110100110010110111111000101111
11111110110111111101010011111010111111011010111011
10001001001111101101101111001001010001001010100010
10001100110010001011000110001101111100101011110101
00100111100011010011110011011110000100111000000101
01111011001010111110110111100111111110110001101011
10011001010111010101111011111110111111111011110111
11001001101100010111101011111100010110111111101010
53 143 23 10 9 2 0 5 