34
50
00100100101011010101111111001010010110110100000110
10110011100101101011110111000011100010010110111111
11010011011101011110101111110111101001111010011010
10111111010011011010110101111100001100110111110110
11010000011111011110011000011111111001011111111011
10000010001000010110101001101011010000111011001010
01111011111100100100101001100101001111111001100001
11111011010011111100111110010000010111111011001111
01001001011101000101100111111101101100001111001111
11011011001000011100110110111100011011110001110111
00110111111100000110111000111101001011111110110110
11011101001001000010110001101110111110011101100011
00011011011111010001010000100010101111010001111110
11110101101110001100111010101000000100000100111110
11111000101100100111100100001010101011001011111001
10000111011111100010010110001000101001110110111001
10001100110000110010000111011111001010111110010110
00011010001011111011110001010010011001011100101110
11000111110011001011111011111001001110100110101111
10100100011100110010011111111100110011001100010100
10011101011011011101111110011111001110001010010111
10111001010000100101111101010000101011111001110110
11000001101110101110111001011101110100100100111011
01001110101010010111101101011011010101001111111101
11111111101110001110101111010010110111011100111000
11101011111111101100001101011110111110110101110100
11110100110110110100011000101011110111001110111110
01010111010101010100110010011110011100001010101110
10111111101111110101111011110111000100111001001101
10101101111001101011001011000011010001111111111110
10111001011011101111111110101101001111010100010011
10111001110101110101111000001101110111100101111011
10101111000111100101101101110011011001111011111010
00011011111010111011001000111111110011111110111001
15 77 16 9 1 1 0 5 