50
40
1000110111011001010111010101110110110110
1111110010110011100111011100001110101100
1010001001011110001000000111101000000011
1011011111111111010000110110110110101111
0111110001011001111111101110110110111111
1011000101010111000101111110111111101100
0000011010111111111110100101110011100111
0001111101010100110101111111111010101110
1001011011100111101010110101100110100111
1010111011011011010010111010100010110111
1110110101110011101100010001011000011111
1101100001101100011111010100001000001100
1100000101011110011001011011101001100101
1100101011110001111011111111110101011101
1101100111111111111111110111000001111011
0001110110001100011111010000011010111111
1011101101001100100100110011000000101101
0001011101011001100111100111110100000100
1011110110100111110011100010010111011111
1110110110000100011110110110011010101110
1100011111101110011110110100111111010011
0111010011110010110111011101101111001110
0111111011011010110011111111101110100100
1011110110111110100100011101011011011110
1101011111111101010111111001010001111101
1111010011111010001111110001111100011000
0110010111001010110011011111011001100011
1100000111000110011110111110011001100101
0000111001110110011001100011010110111101
1111110110010001010101111011011111011111
0111110100111101111111110110101100110001
0101101100011111100011011110100100100110
1011000000011111110001101100000011111011
0111001111010100010101011101010101011111
0010111111100000111000111111101011110110
1111111100101000001101101101101010111111
0000100111110110001111101100001110111011
0100101111010011101100011010110111010100
1111111110111111100011111011001010100001
0011111011010011111111010100010100101001
1111110101100001001111010100111001110111
1100011101110100011001111111100001011001
1111011010001011110111101111110010111110
0011101100111010111110101001111010001101
1011111101111101010110110011111110111100
1010101001111000110111111100011111111011
0111011111011101110010010110111010110011
1011011100010110011011111110111001100111
1110100001100101111011011001011110100011
1010100101001011011010001111000001001101
58 170 29 16 5 1 0 4 