50
40
0100000000010100000101000000001000000000
0000000000000000100000000000000010001000
0110000110100000010101000010001100000000
1010000000000100000000000001011110011000
0010000010000000001000011000001000010000
1000100000010000000100010000000100001000
0000000000001010000010000100000000000000
0000100000001000000001100000101100101000
0000000000110000000001000001000010000110
1000000000100000001000000001010000000011
1000000000000100101100001000000000000000
0000100100000000000001100001000000000000
0001000001100000000101000000000000000010
0000000000000010100000000110001010001110
0001000001000100001000100000000000000000
0000000000000011000000011000100000000000
0000000100000110101000000001101110000010
0000000001000001101010110000001010000010
0000100001100010101000100010000000000000
0000100000001010000110000100001000001000
0000110100000000011000100000010010110000
0001001000000000100001000001000000001000
0000000111100001000000000010101000100001
0001011000010000010000001000001000000100
0010100101000000010000100000010011000000
0000000101011000011000001010000010100000
0000000000100110000001010000000000000000
0100110000001100000001001010000000000101
1000000000000011001001000000000000001010
0000000000010000100010000000000000000110
0000000010000010001010000100000000000000
0000000100000000001000100000100010000000
0100100000000000100010010100100100000000
0010100001010000000000010010110010000000
0000001010000100000110110000000000100000
0000000000001100000000000010001000000000
0101000001010000000010010100000110000100
0000101000100100011010000000000100001000
1000000001100001000001000000010100000000
0000000010000000000001100000000000011000
0000000000100001000001000000001011000001
0000100000000000001010010000011101011000
0000000100000000000100011000000100000000
0010100000100011100000100101010010000100
0000010000010000101000100000100101100100
0000100000000101000010010000000001000000
0011000100000100100000000010101100000010
0001010000010000000000100000000000010100
0100011000101100001000100000000001100000
0001000100100000000000000000010001000000
10 42 5 1 0 0 0 0 