50
38
11111111111111110100111011111111111111
11010111111111111000011111010111111111
11111101111110101111111111110111111011
11111111110111111111011111110011111111
11011111111001011111100110111111011011
00111011111001001111111111111111111011
11101110001110110101011111101110100011
00101011110011110111101111000110111111
11111111111100111111111111011101111101
11111101111011110111111111111111001010
11111111110111101111101011111101111100
11111100011011101110111011011111111110
11111110111101111111110110111111011101
11101110111111101110011101100100011111
11011110111110011111101101011110011101
11011111001010111111110111111010111111
00011110011101110111000111110100111111
11101011111111110010010111111111111111
11101101111111110001010111011111110111
10001110011111001111010111111111111011
11111111011110111110111001111111110001
10011111111110111111101111111101111111
11111101110111111011111111011111101111
11011101101011111111011111101101111111
11111111011001111111111110110010110111
11110110000111011011000111110110111110
10111111110101111111110111011111111100
11111110110011110111110011111111011111
11001101111101111111111111111111101110
11111111111111011101111110111111011111
01101011111111111110111111111111111011
01111111011001010011001111111010111101
01111111011001011111011111101111101111
01110111001111111111110111110111110011
11111110100111111101101101011011111111
11011111111011111111111100001011011110
11010101111111111111101101111110111011
11011110111111101111111111111101101101
10011000100111110111111101101111001111
11111111011101111111111111010111111111
01001111101111010111101110101111011111
01111111110101111100101111011110101111
11101111011111101111101111111111111111
11111011111011111111111111111110111101
11111111111001111011110111000101011111
01101111111111111111111011111011111010
11111111111111011101101001110101111101
11011101101111101111111110111111110011
10110011101111011101111011111011011101
11101111101011110111111110101110111111
65 199 33 21 6 4 0 7 