20
40
1010010000000010000000101000000100000000
0110000101000100100010000000100001000000
0001010000000001010010010001000000000010
0100010010000000010000000010000000010000
0000001010001000000010000010000100000100
0010011000000000001001001000111010010100
0000000000100000000010100000000000000000
0111010010101000000000000100000000110000
0100001000000000100000100010011000000000
0010000000111000100000010000000010000001
0000000000010000000100001000000110010100
0100000010000110011101000011001000000000
0000010000100000101000000100101000000100
0001000000000010000001010011100000000000
0000011000000000000000001011001000000100
1000000001000100000011000001000001000000
0001000000000001000000100100001000011111
0000100000000100000101000010000100000001
0000000001100101000000011000000001001010
0000000000000000010000010110001100000101
16 45 5 3 2 0 0 0 