50
45
100000001100110010010001011110000000010000100
110001100000100100111011000100011110000000110
010001000001110001011001101000000111010010111
011001001100011000000010100111001111101011100
111010000000100000000100000110100100001001001
101000000101010100001000001000000011011000010
101101110011001001010010101101000110101001000
001100100110001001000100011101101110101001000
000100000010000110110001011001100000110000100
100101100000001111000000101000010001000001000
001110000010111000110000010000000100101000110
110111001101000001001010101011111001010100010
011011000100111110011110100001101010000000000
011001111110010101101000011100001100000011110
101010100001001010011100001001000101010110100
011100000001100010100010111100110100101101001
101001100000000111000110000001110000010010011
100100000101011000100001100010011100101011110
111110100000010100000110111110001000100010100
000000000011000010001001001110110001100011000
101000101011100000101011010101111011110001010
010100101001000100000111010011101011010010100
011001101100000000000110100110100101111001110
000100000000011101100000011101000110101001001
000001110101100010110011101100000001001110101
010111000010011000111000010000001110110100111
100001101000101001111010101110000011110000100
110001010000111000010000001000011001000100001
000000000001010000111001011111111010000001110
001011100100011011001011110101000010010000010
000101001110100000000011101000100010010000100
100001101110100010100100011010000101101100000
110110010101010000101011110001000101000100000
011010000010100010001000000110011000110000101
100010000001100000101001010000110100000101110
010100000011000010010000001001001011111011110
000010000100010011001101110011010010100101000
100001111101110110000010100101000101011000010
000010110111100110001100100110110100000001000
000100100001000101101001100100010011000011001
101111010000100010011000010000110001110001001
000001001000110011011011010000001000011011000
010011110000000011110010010010001011010000001
101010101100111001000001111010010001000000010
000010000110001000010111000011001001010000100
000111010010100101011000000010101111110110010
100100010101011101001010110111111100111010101
111011101000101000011100000000100100000100010
001111000010001001000100101001101010000001010
101111100111111000001101010011000001010001000
26 74 8 4 5 1 0 3 