34
50
10010000000100001001100001010001000111100011001111
00001000101100000001000011000110001000101100011011
00111000000001011100110110000110010000110011001111
10101110001000011101110110001100100000000101011001
10101000100101001110000001100010000111000011110010
01101101100100110010011100011001010111000011000000
01111110100010000111010101000010000111001000100110
00100101110010000101101010110100101100110111010100
00010111011100000000110000110000010010011010001010
00001000110000001001000011000111001010100000101010
01110011000110000001001011101010010011111000111010
00101010000011100000111100000010000000110010110000
00010000010100010001011000110000000010101110101000
00000110010000111000001010000110010100111100011110
01101101110011001010001011101001000101000000001100
00101110100010110111110111000110000000100001010101
10110011000011001100110111000000010001001100010011
11000100100101110101010011110011100110010001011110
10000100100100101000010010000101001000111010100101
10011000100111010010010101000110110000010000100000
11010000001110011110111000001100110000000001011101
10001110001011001001001110000110001001011011000000
00000111001010110000010000011110001110101100100101
01000101001011101000100110101111010100010100000001
01111100100111010000110111100110100001011100010011
11000100101011010001111100101010110001100001001111
10000001000000100111000000010111010101000010100100
01111110010001000001000010011001010010001000001101
01100110000000001101010100000000100011010011000000
00000011110010111011101000001011010110100111111011
10101100000101110101101110000110100101000001011010
00000101010101011000010100011010101000001000001000
01100011110001100010000001000000110100100001111010
11101101010010010010010110100000101001101110000101
29 108 18 10 1 1 0 0 