20
40
1011111110111111101111111001111111111111
1110111111111111111111111111111101111111
1010011101011110110011111110110111100111
0110111111111111011111111111101011101111
0111111101111001111100110111111111111110
1111111001011110111010110111111110011111
1011111000101111010111111111111111111111
1111111111110111111010110111111010110111
1111110111111101110111011010111011111111
0110111010001111111111011110111111111111
1011111101101111111111101111111011111101
1111111111111101111011111110111111111011
1110111111101011110101001110101011110011
1111111111111011111011000111110010101101
1111111111101111011111101101111110111110
1111110111111101111111111111110011011001
1010111001011111111101011111111111111111
0111111110010101110111111110111110110111
1101111111011111111110011010111111111101
0111111111111111111111101111110100001110
35 97 18 4 1 3 0 1 