50
36
100000001000011000000000000000000000
001010000000011100000000000000010000
000000100000000010001000000100110100
100000110100000000000001001000001000
001000001000010000101000000000000000
100000101000001000001001000110001010
000000000000000000000010011100000000
000010000100000001000100010001000000
001000000100010110000001100000101100
000110001000000010010000000000011100
001001000000000000100000010110000001
010000000000011100010010100000001100
000000001010000001010100000001000110
100000000010000010100101000000000000
000000000100010000110001000000000100
010000000001000100100000000110000110
110000000101000000000000000000110000
100000100010100100001000000010101000
000010000000000001010001010100000000
000000000100100001000000000000011000
100100000000000000100001100000000100
010001000000000101000100001000001100
000000011100110000000100110000000000
000001011000000000110000000000000100
110000010000010010010000001110000011
010000010010111000000100010110000110
001000000010000000110000100011001000
000000100000000000100000000000000001
000000001000000010000110000000000000
000000001100001000000000110001100001
000000000000000010000100000100000000
000000010000000000000000000101000000
011000000000000000000000010000000000
000000000101010001100010000000000001
000000000000001000000011000011001000
000000010001110000001000100100110101
000000000010000000010011101001101001
000000000011010100000000000000000000
000000100100000000000000001000000010
100000000000000001100000100000000000
000000000000100101000001000100010100
001010000010100000010010000000000100
000001000100000001000000000000101001
101010000000011000000010101001000010
000001001010000100100000000000000000
010000000010001000000100010010001000
001100001000000010010101000100100100
000001000000010000000000110000000000
000111010001001000000001000100000000
010000100000001010000010000000000000
13 40 3 0 0 0 0 0 