50
36
100101100101001100111101100111010001
000001101010001000111110100101010011
110001010011000101100000000011100101
111000010010111000111000101000100001
000011011010101011011010000001001010
110000011100000010010011100111100000
000111000011010011111010011100101000
101100101100000110011011000101110011
100001010110000100011000001000100000
101101010011110001111001001001000001
011110111010001111101011110011010110
110000110000011001010011101000110111
000110000000001100100010010101001001
101110000001011110010111001000101101
101011100010000101010100010000010101
100011001010100101000111001011010011
001011010101100101101000101000110000
111010111001010001100111100011000001
101111010101110110001100000010100110
000011011110010011011110101110010011
001000010111001111011100000010011011
000111110011001001011001011011001010
000010000010000010000010001010110001
010100000000010100011101001000011000
111011110111010010000100100010101101
100101100001000101000110110010011100
110000000000110010000010001111011100
101010001101111000011101100001010100
101011110101001000100001010010101000
011100001000100010000110100000011100
100000000001100101000000110100010100
000000000001010010000000001011000010
010000000110010001111011001001000000
110110100010000000100101011010110000
101110001001101010001000011001010100
000000110000111000010100110111001100
100110100100101100011111110010111101
111100010100100001000000010010000001
100100010111010001011111000001000111
010000110010111011110110111110100101
001010000110100010000001111000110110
000011010000001000000001110101010110
100111010010101000000001001000110110
011100000011000011011101111001010111
101100011011111011010001100010000100
011100100100000010001110000110111101
011000100010011001000100000000000000
000111110101011000000100101001011010
000010100011100001011000110010110000
100011010001001010001010000000111001
22 76 6 5 0 3 0 0 