50
50
00001001010101000000100000100101111001001111101111
01001000001100110000001000000001001001001100101010
10000100100001100010100101010101111100011111010100
11000110100001001100101010011000100011000100101001
00110011110001011101001001110001001111001001000100
01000100000000000101010111000011101101110000100011
11001110010000110011011010100001010000001101000000
01100110000011101001010010111010100000001111101001
00001010001100100000111000100001110001100100000100
10000000010000100010000001000100010101001011000000
10111101001010110011001111110000001100010001011110
10101100000111001000000100000000001000000110100011
01100101110001100010000110110000011000001110001001
10001010111111011001010100000000010000100101111000
10011000000010010000011000001001110111100011000001
10001001101110110010011000111001101001100001100001
11100000010000101110100000100000101100000000010001
00110111100100010110010000000011000010101100011111
01001101101010110010111101000111010000010101100110
01111010010000110100010110010000100100110001000101
11110000010101101010100110100011010000000110001110
01001101001100010000000000011000101111100100011110
10000011011000001110010111101100000010100010011110
00111001100000010100110000110011001011111000010001
00000100110111010110000001011010000111000010000111
10100100010011010001010001001010000010000101110100
01111001000001011000100000000010110101101110100001
01100010001110000101001011011011100011110100110010
00100001110011000010110110000100010010000110111010
00111010101000010011001010111100001100110010000011
10110101011010000100100010010100010101010001100100
01000100001000101101001100000001100011010100101011
00010011010100001011010000110100001001100111000011
01100001101000000000100100010101110010011010110010
00010011000000100100011010100010000101000110011000
10111111000111011010000000110011111110101000000101
10010010111000110000000011100010001101100001011001
01100100000010000001001011000101101000001010100000
11000111001101100100001000011110011000000100101011
00001001000110001100100101011000000100001001001011
00000110000111100111100011100011100000000100110000
11000000100101000100101001100101000001000001111001
00100001000000100110000110110100010110000011000011
10010000000101001100100110101010100010110010011101
01010010010011100100101001010111010000010010011000
00100101010010100010111000001000000110001001111000
00010100010000010000001011100110000100000011000010
11100101000100110010100100011001011010011000011010
00000111010001100010110110100100000000011101011101
10000000100011011010100010011110000011011110001001
33 150 19 10 6 6 0 0 