20
40
0001000011010010000001101010000100000100
1000100000000000010000000001101100000000
0000011010000100000001000101010000001000
0100000001000100001000000011000000000101
1010001000001101100010010000010000000000
0010001000000000000100110000000001001010
0000011001001100010000100000100110100110
0000001010001010110000000000010000000010
0000001110000000010000100000100100011000
0011100000000000011000000101000001000100
0110000010000000100011010000001000100000
0000001000000000010110000100001001001100
0100000000000000010000100001000000100000
0000000100110100001000101001001000000100
1010010001000100001100000111000100001010
0010001000001000000000000100001000000000
0001000010000000100000000000001000010000
0000000011001010001000100011101000000100
0010000000000000000100010010010000000010
0001000010000001000101000100010000011000
12 59 9 0 0 0 0 0 