55
50
00010000001100000000000000000000000000000000010000
00010000010010000000000000000000000000010000011000
00000010000000000000000000000000000010100000000000
01110010100000001101001000001100000010100000001000
00000100110100010110001000010010000000001000000011
00001000000000000000000100010011110000000011000000
00000000101000000100001100000001101101101000001000
00010000000000000000000110010000001000000011000010
00100000000000001100011000000100000001101000010100
10101110001000000010000100001000000000000011000110
11000000000001110000000000000001010000010000100000
10000000100000000000000000000000101000000001000010
00000100000000100110000000000100010000000000001011
10100000000000000000001001011000101100100010000001
01010000100001100110001000001000000101001000100001
00101000100000100010011001011000001000000000010101
00101000000100100100100000010000011001011000000100
11000010010100000100100000000000000000000011010001
10110000000001000000000000001000000000100110000000
01001100001000110010110000000010010100000000000101
00000000000001000001000000000101000010110010001000
00110010010101000100011100000000010000000010000000
00001001000001000100011000100000000100000000010110
10110100001000001111101000000000000000000001010000
00000000000000011000000000000000000000010100010100
00000000000000000000000010100010010000001000000000
11001000001000100000010100010001100010000011101000
00000001001001001000000000010000001100000000000111
00001000110001000010100000000010000001000000000100
00000001000010001100001001000011001000001000110000
00101000000000000000000001000100000000000010000010
00100100100001000000000010110010010010011110100000
00000000000000001100000000100000000001000100001011
10010010000000010010000000000000100010000100000000
10100010001000010000000010100000001000000100100000
01000000100001110010000000000010010100001000000000
00010011000000100000110100100000011000000000000000
00101000000000101010111001000101000011110000000010
00100100000001000000000001101000010000010000000100
00000000010100100000000000100000100100100010100000
01101000000100000011000000010000100001000000001000
00001001010000100100000000100000010001010000000000
00000000000010011000000010010100000000100000000000
10000100000111010100000011000010001001000000000001
00001000010110100000000000000000010110100000000000
00100000011000000010000001000010000100001001000000
00000000000000000000100001100000000100100010000000
00000000000000000000100011100001000000000010000000
00100001000000100001001000010000010000000000110100
01101000000100010001011000010000000000000011000000
00001001001000000000000001110001001000010001000100
00010100000000001001000000000000000010000000000001
01000010001001000000001010001000010000100000000010
01001010001010000000000001000000100000001000011101
00001101000101000111000000010000000010001110000010
14 53 7 5 1 0 0 0 