34
50
11111110001011100111111111101111111111010100101001
11110110111011111110111101111110001110111001111011
11110110110110010111111101111101101111111100111011
10111111101111101110011111101011111111110111111111
10111100111101111111110111111111111010110111101111
00101101101011001101111111010111110111111111011001
11101110111111111111001101111111000111110111010111
11111111111001110111111011111111110101111101001111
11110110111111111000111111101111110110111111111010
11111011101111110111011110011011011111111101111111
11101101111100101111101101011111011110111111111111
10111110110111011111101101111111011111110111111011
11011101001111101011111111110111100111111001110001
11111111111111111110101111101101111111111011111111
01101101111011101011100111111011011100010100111010
01111111110111111101000111111101011011100100111111
01111110111111111101001111101110111111111110011111
01011111111111011100101110011111011111111011111011
11111110010100111111111100110101010011001111001110
10011011011111111001010110001001011111100111111111
11111111111101111111111111101111010111101011110111
10010111111111010111101011110110111001111101101101
11001001101000011111111011111110111101111111101111
11101011111111111011111101011111111010111001111111
11101101111111110111111110111110011011011111001011
01111111011101011011101011110111111111111111011110
11111111111011111111111110111101100111001001111011
01111111010111111111101111111011111111111110011011
11110111101000011111111111111111001111111110111111
11111111110111011111111111111110111100111101101111
10101111111111101101011111100111110111111101101011
10111001111111101111001001101011101101010011011111
10111010111101011111111111011111111111111011011111
10111011111111111110011111101011101101011111011111
55 170 33 23 4 3 0 5 