32
50
10000001110110010011110010010010010000110100100000
10011000111010111100100001000100111011101100100101
00000100101100111111110110000100110000001010000001
01100000001000110100000010111110010101101010011010
01001011011101110110100000110110011010000111110010
01110101000011000010100101010010100100110101010001
10101110011011000100101010010000010011010100010111
00000001001111011000000011000110011011001000111101
10100111100000110000001010100011001011000110011001
11100011110011100111000011010011100001000000000101
00011110011101001010100001000111101001000100100111
11101010111010000011010001000000001000101010101001
01100110001000000011010001110101010101100111000010
10010010111101101100010011010000000000010000000100
00010011011011001001011011000010000100010001101000
01110111010000010001110110010100010010000000001000
00010000000010110101100010010010101111001010100000
00111000000001000010111001000000001011100011001011
00110110101001101001000110111011001111111010011111
10100001111001100001100000011100101111101101011100
00000111100100100101001000010000100001010101001100
00011110010111100110100110110000001101011111010010
00001001000001101100000000111110000001001101111100
01001000001000000110100111100101000010001000100101
10000111001000101000000000001000010001100111110110
11110000011101101010000101101011010101100100110001
01010100010100110011011111001000001001101011000111
01001001100101000000000100101011101101001011001010
01000011110011001001010011001001011001001100010000
00000001000010010100101010101001101001110010110000
10100101000010111000001000001000000000000010001100
10110011000000100001000001100001001001001000111000
40 122 22 3 5 2 0 8 