55
50
10011101111110011000011111110101011111111001110111
00011100111101101010100011111011100011001101111100
11001101100010010010011111101001001010110000100011
01100000011110101001001111101110001101110101110100
00100010100111111111010001111111011110100000110010
10010101111011111111001100110110100111001110011000
01010011111101101110110111111101100001100110110011
10111010101000111010110111101001001100001010111011
01001111001111110111000110110101001111010011011001
01001100110100000101011101001111101110111110010001
01010001010101110111111100011111001001100111100110
01111101010110111000101011011100110111011100111000
01010110011010110010001000101011111011111111101011
11110000101001001111110011010100100001010011010100
11101001000111110011011011001000000010000101111011
11101111110010010011010011101000010110111111010101
11111110111110010001110111111100101000110101110001
01000101100110001110101101000111111110111011101010
00100111001110001111011010110101011101101001111001
10101001101100011010111101100110101001101011100001
11001011011110010101011110011110101010111110110111
11011001011100001000001111010110110011110101100100
11101000110110110011011101011101000110111011110111
11011011111111101100001000100101010111000001111010
10110101101101011000011111001011001111101001001110
11101110100000111101001001110111000001001100111000
11111101001001001010101011101100000111101110011010
01010110101111101111110101010001011000110110011001
11100110111000000111111000010110010101100000001010
10110011101111100111000111000001110111111111101010
01011111111101000001111000010100011111011110101000
00011001111000000111011110111101100011101101011110
11100110111011000011001110101001101000110011100001
01111011010111110110011101111001101101101101101100
10011011100100111110011001010101101111010011111100
11011010000010100100100101000111111011010001100110
11011101011010111001100101011111110101011101010100
11010100011001110111111101000001011111010111100100
01111111011110111011100001110100010111100101011111
01100010111010001111110101011100011100100110111111
10011000111111111000110001100111100010111011100101
01100111111011111011100011110111101111101110011001
11110011100101100101101101111110110100011111001110
11101111101101110111011110111110010010101011100001
11000011110011001011001100101000011110111010111110
01001111001010001001001010110001110111010111011110
00001110001011010001010101011001110110011000110000
11010001111001011111000111111101111111111011011101
01101011101101001111010010011111110101111101111001
01110011010101011110111101011111011111011110001101
00111010100101011101110000110101110010101111010111
11101100100101010000111010001101100111100111000111
00101100100001010110011100100011111110010011011011
10110111011110110011100111000111111101000101001011
11010000011110100110000001111001101010000110010001
46 137 13 10 4 5 0 4 