50
40
1001011100101110100101101110001101000010
0111111110100110101010100011110010111111
1100111101001101000111011111100110011100
1011100101011111001001110111101011101110
0010110111110101011110110111111101110010
1010101111011101111000010101110001110101
0101011011100110000100010011111000111101
0011101101010011111100001101101100101111
1110101111000111111101010011001001010000
1101100011101111011111111001001110100011
0011011010110110111001110010101111001100
0010101001011011001010111111011110100010
1011001100010011100001111101011101101101
1010010101011010110111111010010111110111
1111101000111101100001001001010011100001
1000011000001000011111011111110100000011
0011001111010011111101110010101110100100
0110110110111010110010110100000101010000
0011111000110110101101110101110111010100
0110001111111111111011100101000100010101
0011010110011011111010111011010101100001
0011101001001000110111110111111110101001
1011111000011101010011000001011111101011
0001110110111001100011110101000000101011
1011111001010001111101101101011111101001
0100111000101101001000110100011101010111
1111100100001000001110011101110001010111
1001111100100100001110110100110101110110
1011111111010101101110111001100011100111
0101111111111111000111100011011011110101
0110101011010010101011101101111111000010
0110100101111111010110111101110111101111
1011111011011110011111010000110011011111
0000010011011000011000000011111011110001
0110101011101000110010111100111101101001
1011101011100001000110000111010110111101
0100111011110110110110000110010111000111
1111001011011111001110100001111011111010
1011010000111111001101111110010101011110
1000111000111111010110111110100000111101
1101001101010101011001001100110000111010
1111100000001101010100010101011001111111
1111011000001011001011101101111111111111
1100000001111100111100100110111100100010
1011101100111010111100111010101011001100
1100110110101101111110100101101100001010
0001000110111111101010011110100110010110
0111110011010011010110010100111110101100
0011000110011111000100011011111001010101
0111011100101011111111101110100111111101
63 163 28 9 3 2 0 6 