20
40
1110010011110111111111111011100101100100
1111111111110111011110111110111110111111
1111011111011010111001101111011010101101
1111110111111111100111111111111111111111
1111000101101111111111111101111111111111
1010111111111111111111111111111101111111
1011100111111111111111011011111111111111
1111011111111110111111110011111101111011
1101111110100101111100111111100110111111
1101110111100111111011111101111111111111
1111110101111111111111111110011011101110
1111011101111111100111111111011111111110
1101100010111111110110101111111111011111
0010101111011111111011011111111000111101
1011110110111111111101101011111111101111
1101101101111010011101010110111101001011
1111101111111111001110011111111111111101
0101110001111101010101111111111111101011
0111111111111011111111111110111111101111
0111100111111111011111111100111111110111
16 37 14 8 2 0 0 3 