50
45
001110010000001100111010000100010011101000011
111001000110100101010100100010110000000001011
110111001000101000101000011110101011011111110
101110000000010100011010010000010101000101010
001001011010000011101001001001000010101000000
000010101001000100010011111000000110101001100
010100110011000000100000001001011000010110001
101110010101110100000011110010100100000001111
110011000001011100000000000001110011011000111
001100000010001110011000101110100000000111100
110101001010010000111000101011100010101010000
000011100001001100110100101011000001001110100
111001100011000011110010010001001000010101011
110000110110110100111111011000001010111010010
100100110010111000110010100000011110000000000
110101001010100100100011001001001010010010101
000111010010101001000011011000110100100111011
110010000001001010001100111100010001110001000
110011000110111001000010101001000000011100001
000000111101100100100110000101101000100010011
000000100000001011001000010110000101011010101
010100001100010100000001101000000100000010100
000100000011010101000100000100001010010100110
100101100110100000100011101101010001111101000
100001001101001000000100100000010000000011000
010100000100100011111011101100110111011000010
010010011100100100000100111011000010110110000
001011011101100000110101110101011110011000011
000001011111110001011100000011010000000001101
010110001110001010010000110011001001001100001
001100100101010000010000001100000000111100010
001011111001110110000100011001011100101000000
010000011000000010010001001100010011101101110
001001100100001100001111000011100010100001101
011011000010010000011010100011110001000011010
000011100111001111001100110001100000100100011
010100011100000110011101110111001110010001000
100101000101110111101001100100000011000001111
100111011010000100101111001100011110000110010
100011110101010000011001101001100100001001111
100011010000010111101100111000011000100101001
001000000010000101000101100010000101101011000
110010101111110101110001001001100000000010001
100010000010000000110111101010100100100000000
110110001001011011101100101100000110000000011
011011010000001101000100011000000010100001011
000100100001101001100101000001110001001000010
000000100101011010101101100110010011001000011
001000001010111111100100011000010000011110011
000110001101000001100011010110100100111001100
92 221 44 19 10 5 0 0 