50
38
11000101010100101010100010001110001111
11111111011011111011101111100111011001
11100011111011010101111100001100100100
11101101110110111110000100111111011001
11111101111100100111011110101101101011
11100101111111111110111001000000000110
11110110111011000110001101101011101001
11110110110001011011000011110111001101
11111011011001101010110010110010001111
01101110111100111110000001011011110101
00101011111100110111100001111111110000
01101110111010111011010111110100100001
00111010010011001101111111111111100001
00110100111011101011111101010111100011
10101101110110101010001110110010011100
11110110010010000101001110100101011111
11110011001011111111111111001111111010
10110000110110111111101101110101110011
01000110010011011100111110011110000101
01111111011101101111111001100110001101
01011100100010000110111110011101111101
11100011111000110011101101011110110111
10111111101110010010000101111100011000
00111101110111011000110000010111001101
11010010111111011001011100001101001111
00011110100111111000011110011110100101
00010011001100110001010000111111001110
11111110110111101000011011110100011110
01101001011101110000111111000001110011
11110001000010110001011011111110011100
10111110011000110100011010111101011101
00000101001111111110101000011100100111
10000110001111001001111101100110000011
00110100010111011010101110011000011010
01101001111111101001001011110110101011
11011001000000110000010001010111001110
01110001110111011010101101101011111110
11110010001011011001111100111011101111
11100111111001011101111111011110111110
10000011110100110101100101001101101110
11101111011001101110010011011110000011
11101101011110110101000011110010111101
01110011101111111111101011111101010101
01001101100001101011000111111011101110
10110111000000110110111111111101000110
10110111000101111100111100011101000011
10011101111111111111011111111100111011
11101111110111011101101111110111101011
10011110011110111011101111010011110100
10011100001111000011100001010100110100
51 132 28 17 4 2 0 10 