32
50
11001110101011010100110101011001110101110010001101
10001110110101111011100111110111001110100010011111
11011010011101001101100011000001101000110010011001
10011011110000101101001111100110010111011101011111
00100001110111000110011110011101101001110100100011
11110001010110110101011110010010111111110110100011
10111011010010111011101111110011111101110110100101
01010000001110101011111111111100111001010101101110
01111110111011001010100010101111101100111111011110
00001100111111110001111100101111110111011011111011
11011101110111111111011010110111110010000101001100
00111111010101000110100100110011111011010010010101
01110101101000111111001011101001000010111100011111
11111111110111000110101011101111001110111100001101
00100111011110011111100010001010111110101010101110
11100100011000111110000001010111010111111101011111
01111011111001110111111010101011011011100111100001
10101110110111101001111101011111111111111101110111
11000000011111100110011011100011011100110001011011
01111111110011110111111011100111101101111101100100
11011101011110111001101111101111101010101001110101
10110110110101111011110111100111000100010110010011
00111011100101110110111111000110011011001111001111
11110111111001111001110001101111100011100111111000
01000111110111100000010101111010000001010000010011
11010110110001111111111111001011111110101111110101
10111011001010110111111110100101001011010111111101
01010110010011111111010011110001110011100111000101
00101000011101101001100011111101111101001011001100
11101011111111101111111111100110111011001110111110
01101010000011000111110101000011111100111010110011
00101010101101111011110001010111001011010111111111
70 190 35 9 9 2 0 6 