50
36
110010000000000000100000001001000011
100110000001010000010010100010100010
000001000000000000000000000000000010
001000000000000000100000100000100001
101000010000000010001100000100001100
010000000011000001010010000000001000
100000001100000010100111000000100010
010000010100000000001000000000000000
000000100001100000000010000000000111
000000001010010000100100000001001010
010010000000000100000001100011100000
000010000000000100000000100000000001
001000100000100000000001000000001001
000010001000001100000001111100000010
010000000000000000000001000001001000
101001000000000010110011000100001000
000000000110001001010100001000000001
001000000000000000000011100001100100
001000000010000000000010000100000000
100000000000010000000101010001010000
000000001000010000010101000000000000
000000001000000000000100001001000001
010100010001001100100000001000000000
010000001000000000100000010000000101
011000100000000101010001000001101010
000000000100010100100100100000000001
100010100000000010010000000100000101
000001000000000100000000010000000000
011000000011010000001000001010000000
000000000000100010001000011010001000
000001000001000001110001011000100000
100100000000110000000101011000000000
101000000000010100001000000000000111
111000100000110010100100001010000100
000000100001000001000100000001100000
000011000000000111110010010000011000
000000100000001000000010110000000000
001110100000001110010000011001000000
000001000000000100000000000100101000
000000001001100100100001000101000001
000100000000100000010000000011000000
000001000000000101000100000000000101
100001000000000010000001001000000000
000010000000000010100000101000001100
000000001000000000000001001000010000
000010011000000000000000001000000000
000010101000010000011000010001110000
000001100000000010000000000000010001
101000010000010010000010000001010000
100000010100010100100000000011000000
28 77 11 7 1 0 0 0 