50
45
010010000000011000010001001000000000000010000
000001100010010000000000101000000010101000010
001011000000000001000000000000000001000100000
111100000000010001100000000011011000100000100
001011010000101000000000010000000100000000000
000001000011000101001010100000000000010001000
110000001000100000010000001000001000000101001
001000001001001001010000000110100000001010000
000010100000101000000001000100000001001001100
100000001000010010110101100010001100000000000
010001000000011000001000000100001000000000010
000000000001100001001110001010100000010001000
010000000001011010001000000100000000000000010
000100001100011000000111010000010101010000110
100100000000000000100110000100000100000000010
000000000010000000000000000000000010000100000
000000001000000000100000000001000000010000100
101010010100001010000100000010000000001000000
010010000010000110000001000111000100011101011
010000100010010001011001010001100000000000010
001000000101011010001000000000010001000100000
001001001011010001000000010100000010000000010
100101000101000010000010010100000000000001000
000000000001000100100010100010100000000000010
000001010000010101001001000100000100001000000
001010000000010000001001010110100000000001000
010010011111000000001011000000000001000001000
110001000010000010101000010000000000000000010
101010000000100000011010000010001000000100010
100000010010010000000100000001001000000000000
000000100000010010000000001100000000000000000
010010010000000100011000100010000010000100000
000000011100101000100001000000001010000010001
100101001001000101010000000000000010010000001
000110000100000010000000010001000001000000000
010000101110100001000000000100001010001011000
010000000100000100000000001001101101010000000
110001000010000000100000000100100010000000011
001001000100100001000100010000010010000000000
000000001010000000000000000001110010001000000
000000000001000001000000010000001000000100100
100000000000001000010000010000001000000000000
100000010001101001000001000001000000101100000
010101001001000000100010000010001110110101100
000100001000000001000010000100000010001011000
000000000001010000000000000100110011000000000
100010010000011000000100010001000000101010100
010000011000000000001000001000100000000011000
010000100000001111000011100010000101010010000
000101001000000000100000000000100100001001010
20 77 14 4 2 0 0 0 