50
40
1010101000011111011011101011111111011111
0011100111101101111011110110101111101101
0010011011101110100110111101011010110101
1111111101110110101010010011011110100100
1110001010011001110010110001111101010100
1011010110111101000011010100011111111001
0111100010000010111100011011010001000111
1110110100010001111110101110011111111101
0100110111110101101110101111111101001100
1100110011011101110110111010011101110101
1101101011011010111111100111001011010100
1010101111110110110101111010011111111000
1100011101011101011011000111110011111111
0100101100010111100011110111101001111100
0110101111111001001110101111011010111111
1001111101100011000111000011100101101010
1111100101111110000110100110110111110110
0011110111110100111111111011110011001111
0000110111001011111000101011111011011111
1000111100101111000111111110100111110011
1011101010101111110100111001111101011010
1111111101110110111100111100111011010101
0111111110000011111011101111011001110100
1111010110000100100110101111110011010011
0111011111001101100010111010101010110100
1111011001110001110100111101101110111100
0111101101011001111010111000110111110001
1111110111100100101110111101101011101100
1011110100110000011100011001000111111111
1000011111111000110000111011001111011000
1111101111111001000101011011111101100101
1001110011111100111111000101100111010111
0111010110001100010001000011001110001101
0001111100000001100011011111011011100111
0100111001110101011011111011111100100011
1111010111101101011011111101111010010001
1000111110111111101000001001101110101111
0111000101111101000101110101100111000100
1100100100110010111101001011011111110110
1101110011101101010011100001111100011111
0011101010001110001000100101000001100101
1111111011111100101110111100011100110110
0111001010100011111011000111011111011111
1110111110101110101010101001011101100011
1001110000100011010110001001111001010111
1111001000100001001011010011010110111111
1100111101110000010000011010111111111111
0101111011001111111001100111010001111101
1010001010011110000100111001001111101100
0001111111110010100111111110101111101111
103 288 46 31 10 4 0 12 