55
50
11011111111111110011011111111111101111101011111111
11011011110111110111101111110111101111010111111111
01101111111011110111010110001101010011010111111010
11111111011001111010111011111111111101100011111011
11101110111111111001010110111110111111110010011111
10111111110110011111111101111111111100111111111111
10110110111011111111111111111101011101111111011011
01010110110111100110101110101111101101110111110011
11111001110111111111110101011011000101111011111111
11110101011111111100111111111111001111100111111110
11111110111110111101111101111110101101101001100111
11101101011110110111111111011110111011111111111111
11110101111111100110110011111101111111101111110111
11111111111110111101011111111101111111111111111111
11111011010111111111111011111111101110111011111111
10111111101010101101111111111101111000101111111110
11111111111111111111111101110011011111111111111111
11100111111100111110001110100111111011101101111111
11111111111000110100111111111011001101011111111011
01111111110111101101100111111110101101111111111111
11111111111111111111110011101101011111011111111111
11101111101101111100111111111011100001111111101110
11101111111101110111011011101111111111111011111110
11110011101111111111111101101110111101011011101011
00110111111111101111011111111111001111111110111011
10011111110011111011111111111011111101011111111010
00011011111100111111111111110111100111011100110111
11111111111110101111111111111111101101101101100001
01101011000101111010101111111001101111111111101111
10111110110101111011011111110110011111111010011111
01101110110111111101111111111111111111111111111111
11111110111111101010111110011011101110111101111111
11111110111111011011110111111101110100111110011101
11110111011111001111110110011011111011111111111111
11111111010111110111111111110111111110101111111011
10100011110011111110101011011111011011111111111111
10110111100111100111101011111111111111110011111000
11001111101111110001110011010101110111001110111111
11011001101111111111011111111101011101111101111111
11101111110111111110000111001111110101011111111010
11110101111111110111100011111110011011111111111111
11111111111111110111111111111111111111011101010111
11100111110111111101111101111111111111111100111111
10101110111111111111101011111111001111111101011111
10110111111101111011001111111111011110111110111111
11111111010101111111011011111101110010011111010110
01111111000011110111001111001111011110011111111111
01111101111111110101111011100110111101111111111111
11110111111111011011111111111101011011111101101111
10111111111111110110111011111011011110111111111111
11010100111010111111111111111101111111111111111101
11111101111111011011111111011101111001110010111111
11001111110001111011101010001011100110111111110011
10111101111110111100111110111111111111111011101101
11001101111111101111111001111111011011111111111011
90 288 49 34 7 1 0 14 