50
45
100111011000001010001100111100111000101110011
001000010000001111110010100100100110001100010
000110010101010001000000000001101101101100001
101011101000000000101101110110011010000100000
000100010000100010010000101000010000001001000
100001011001000010101010100110000001010110110
001000001100010101000100100010001101110011000
001100101100100100001001111011000100011101011
111011001000001101110010000110010000000011101
011100010011001000100000100010101110001001010
011010100101001111010100001101111110000111001
000110001001001000100100101100011001001001101
000001000011100110110001001110100100111001111
000010010011100000010010101010011101010001011
001000100010010100010001110000101010011101101
101000101101100001100100010000101101000001011
010010101100000101011011011001110011001100100
110011010001101111000000001101011000100100101
100101100011100110010000110100000011010100100
100101100001100000100001100111011001001100000
100101000000010000010011100100101101010001010
110000100000000010011010010001001100101111100
100000000111010011110001010110001010000101100
001101100010110000001010010111100011011100000
000100000001000001001000000100010111000011100
010101001110010110110001001001100001000000011
001100110010000010000100010011010101110111101
000000100001000100001101000101110010010010000
111111001001101111010000101000110010100100001
001000000000111111110111000101011011011100100
001100011110010100010111000001110110001101001
000010001101001010111101111000100110001001000
101010001000001111110100011000101101001000001
101100001001000000001100100111110000011001001
000001110010001001111101001100110000011111000
011110101010010111001110010000000110011111011
010010000100100001001011111110111010100100010
000100010100110110011000100101000011101000010
000011011011001001011100100001000000000110100
000110100010010001100110000000010000111011110
100001010001101011010001001010100000010000001
101000110010010000010000001010000010101000110
100010000100011011000000001001000000100111100
100100000010100100001101101001111001111011111
100001000110011101010000000110000000111110000
111000101000001010100000000100001100001001101
100110101001001001111000001000100011010111101
011000000101100100010000100100100100010011110
111111001110000010000000010000010000100111101
000111000000100100101011000101110100000111111
60 170 30 13 5 2 0 7 