55
50
10010101000000110110110110011000000110000010011110
00110010101011011110000000011100000010100010100110
00010010110011101000010010000111000001100000001010
11010011001111010001100001000000001101111000111110
00000010001010000001001000011001000001000110110000
11011100010101100110000000100110100101000000000111
10101000011001100111100100111001110100010110000111
00100101010000000000001001000011000001011100011010
00010011011100100001000000001110110100000010101000
11001000110101001101001100110011010010001100011110
10110010000100011110111110000010101000000011110111
00111111100000011001000100001000010000100100001110
00111101000001010011000000111010011010100110110011
11101000101011011111001001001011010010000000100111
00001011000110001000010110010000111000110100101010
11001010111010000001001010101111101001000010101101
01110111111100111010000000010000101100011000010100
00010111101100000101010000011000010000101001111001
11000000010000100110100000011101000100010010011100
00000110000010111001101111000100100101111011111100
00111001101100000000000000000100001111101001000011
00011101100001111001001110000111100011001101011111
01000101100100000001111000100100100110011000010010
01110010110110000000000110100000000010000000100100
10000011101001101000100001000001110000111100111010
10101000100000000001110001011110000000100010000110
11111110000010100010000010101010010011000011001110
00000110101000101000111010101011110101100110011010
01111101000011000100101110110000100010010001101000
01000000010000011101100010000111100011111011001011
11101000100100001110111000100001000101010000100110
01000001100011001010011010000101010111000100100111
10101101100011010110101100010111110101111011000111
11000000000000000001101110101010000000110001101001
01001010111100001010001000110100110001001000000000
00000000100010000010011001001000110000011100000011
11100100100000000101000110010000001100100010100110
10101101011010011010010010000000010100010100011001
10110110000110011110010010100011011011110010100001
00001001000100000000110001000000110111000100001101
00010000101000110010000010111010101011111101010101
10101000000100100101000000011000010001111000010000
11000001001100101100100010101010101010000100000110
10100011101110000100011000001010101010111011001000
11111000000100000001111011010000111010000110001001
01011010100001000101000001110001011101100010000100
00000000101110011010001000000110011100000010011010
10110111110010000000011000100001010110110011101000
11101100000011011001110011011010000010000000110010
10000101111000000000111000111100100001110010010010
10101011110100010100000000011010010001010000100100
00010111100101110110001100001001011101110000111111
11000000100010011000010000000100111001100101101010
11101001001100011001110010000011100010010100010010
00101010010101001001100110001100011111000000001011
56 181 16 15 5 1 0 0 