55
50
00000110010010101110011110101100001000000100100011
00101111101000110001011011010100100110010001000001
00010001100100101111000000000011000001110101000111
00010100010001111100010110011010100000111110000000
00010000110111110110100011110111001011000011110001
00000011100110011101010001010110011101101110000000
10010010000101000001011111101000100000000111000010
01100100010001010010010010101010111000010111010110
11110001001101101110001101001101110111001100000000
00100111100011100111000011000011010110000001000101
10100111001001000111010010001000010000110100110111
01110011001001010001001000000011001011010000100100
00100110111111000000000000001010000110010100001001
01111011001100010101110000101100001010110010010000
10101110011010101000100110001010011110010010001011
11101011000001100001000001001010100111000000011000
11010101000010001100100101111000100100000001111000
10000000010000010100011100001111011001110101111100
00001011101111001001101001110000010010011010100000
01101100100010000011000010000110010011100000001000
10010100010100001011001111101000010010110001001010
10100100000110000000011101010000110101011000010000
10100100000110011000000001000110000110100100101000
10000000000000001010110001001000000001110010111111
00000110111010011101000001011010100000011010111010
01110101100001000111101001000110100010001100010100
00110011010000101011011001100111110000010001010010
10001000001101000100010110100110111110000110000110
00001000011011101000000101000100101101001110011111
10111000011000100111000000011110111001011101001001
00010100111101101001001100110110110110101100101000
10001100100110000000010000101000000101100101101111
00000110001111010010010000100000100100011000101010
10000010001101100010100100100111101100010100001110
10011110001001010000000111101011100011010000011001
00001000010000001000001001111000010010110000110010
01111000100011100101111011000111111100110010101110
11001110010011001100011100001101111001011001010011
10000000100000110110000100001000110111000011011010
10000001010100001000000100001000100000001110000101
00000101100010110000001010000011111000001100000101
10011010101100101010110001000010000101111101010000
01111001011000110010101000010000100011111001110100
00001000000001100000001010000010001001110010010100
11100110101000000010000011100000111111110010001101
00110010010111011110001000110111010000111100000110
00101000001110001000011010011110100000100110100110
00101111000000110000011000011001110000100011000000
00100100010010101011001001100000100100101001010011
01010100000110011010010110100011011110010011010100
00010111101100001010010111000001000101110000001000
01100001010100010000111011110110111101100011000000
00000000000011100100011000001101110100100001000111
00000000010111100000010111001010000010100000101010
11100110100001101110100101001101000001100000001000
57 209 38 21 3 3 0 10 