50
38
00101000001010100000000000000000100000
00000000000000000000110001010000000000
00000111110000010000000000010000000000
01001100000000000000100000001100010000
00010100000000010010100000010001110100
01000101000001100000000010000100000100
00101101001000001000000000000000000000
00000000100001010000000100000000000000
01000000001010100100110011000010000000
00000010100000000000010100110010100001
00001010000001000000100000011000011000
00000100010100110000000001000010001010
00001100000000110101001000000100001000
00000011100111000000110000000000011110
00100000011010000000001100010000000100
00000001000000010101010011010000001000
10110000101000000000000110000001000001
00111000100101000001000010000100000000
10000001000000001100010000000000100000
00111000000000000000000001100000110100
00000000000000000100000001000010000000
00000100010010000111000010010000000000
00000010010000000000110000100000000000
11000000101010101000001011000100000000
01110010000000001011000000001010001001
00000101000010011000000001000000000001
00100000010000010010001000000001001000
00001000100010000000000001000001001011
00000000001110110000100000100010011100
00000000000000100011000100000000010110
00000000010010010010000000001010000000
00000000000100001000000000101000110000
10000000100010000101000010100100011010
10100010000111000011100000000000001000
10000000000000000000000100000000000100
10000101101010000000000000000110110001
00001000100001110010100000001001001000
01000000000010000000000100100010000010
00110000010000001000110000100010001001
00000000000000001000000000000000001000
00001000100100000010001010000100010001
00000000000100010001000100000110000001
00000001100000000001000000001001010100
11000000010010000000100000000101000000
10000100000100000001001001100001001100
01100000001000110000000000000010000001
00000001001100000000010010100000011000
00000000100010010100100000000000010100
01100011000101010000010100010001000010
00000101000010001010000001101010010110
30 94 6 7 3 0 0 0 