50
40
1111000110111010111110110111101011110011
0111111111111100110110111111011011011111
1011111111010111101011110010111110001111
1111111111111110101111111111101011011111
1111011111111011111101010111110111111100
1011111110111111100111111111111111111101
1011101011111111111111111111010111111111
0111011111110011110000011100111101101111
1111111111111101101111011010110111111111
1011110111111111101110111111011111111110
1111111111010110110100111111110101011101
1111111111011111111111101011011111111111
1111111111111111011101010111011110111111
1110100100111001110111111011010111011110
0011101010111111101111111101011010111011
0001111111110001101111011111111111110111
1001110111011111011010111011010101101111
1001111011111111110101111111111111101111
1011011111111111111010101100101111111011
1101111111111001111111110111110111111111
0111111110110111111111101110111110101100
1111111101111111111111001111110111001100
1011111001011101111111101111111111111111
1011100111111111111101110111111011111111
1111111111110111111101011111111011011111
1101111101111110010010011111011011101101
0111101111111011111111111101111111111011
1101110111111000111111111110100101111010
1111111111101111111001111111011110111011
1111001100111110110111101101111101111111
0111011111111100111011011101001111101101
0111111110111011111111001111011111111110
1011111110101100101111111001101111110101
1011111110101111001111101111111011011111
1011001111010111011101111111110111011111
1111111111111011111110100111110011111110
1111111111101011011110101011101101110001
1111101010101101110110110111111111111010
1110100110111111111111101111111111111111
1111110111101101111111100101110110111011
1111111111111011110011111011111111100111
1111011101011011101111101111000111011010
1111111111111101111110110011100111111111
1111111111111101111110100111111110011101
0111100111111101101111111010111111110111
1101110011111111101111111011111111101011
1111010011110111111111100011111111111110
1011111111111110110111111111011110110111
1111111100110010111111011101001101111011
0111010110110111111111111111101111111100
60 217 37 16 7 6 0 7 