50
50
00111101000101100001010100000000000110110001001000
01000001101000011100001101111110100001001101110001
11011001100010110010000100010010000101110000010100
01001010000110000001011110010000000001000000100010
10111100110111010011000100000000001011101011110001
01100000011110001000101000000100001110010000011100
11000101000011010000000100000000011000010010111100
01010101111111001100011101010001111101011000011111
10110110011001100110000000110000110111000000001000
01101000111111100111110101000011100000000111001001
10101111110111000010100110010100001100111100001011
10100001001000101110100000110000100101101111110010
01000001010101111011011110101000000111100111001001
10000110010011100010010110000001000000000100000101
01000110100110101100101000000000100000110100100001
01001111001000010111101011111011110000011011100000
01000100000111010101000000000001101000010100001110
10010000100100000001100110010100110000000011111000
00101110011000010010001000000100010101000110010110
10001010001001000010000100001101011011110000100100
00111110000100000000001101010100011101001000000011
01001011001000111010100111000011011100010100001010
11001111100000011001000100010000011010110000000111
00101001000100011001100101100001000001010101011010
00101110000000101101010100000000001000101100000000
10000001000000000011001101000010000010011001011100
01110100000010111110000001000001001110111100001000
01010000001010110110011011010011101000010001001100
10000100000011000001011011000111111011101011010011
11001111010000101011100011100111010010100000000010
00111010111010001011100100001000100000010011011010
10101010111011001001001111000010101010101110000001
11110100011110100000110010000010100100010011000000
00010010001010110000010010101010110101010101000101
00000100010101001100010010010010000100100111001101
00001110000101011000011011110001101001001100110000
10101100010000011111010001010010011100011000000111
00100000100011011000101000011010001000010000000011
11000001010101101000110100000100111000111111111000
01100010100100010100011000000000101111000001111100
10010101000011000100100011011010100000101100010001
10000100010101000001000010000100000000111101000101
00110111010100111101101000001100000000010100010110
00000110000110000111001100110001010011111000010101
10000010010100100000000100000011111001010011000000
01110000011000000000000111010101010111000001110111
10110010101110100011111000110100010010000011001001
01010000001110000001110110011110000010001101011100
10111110001000000000000011100010011100111001010101
01110010010101111010101111101101101010000001000010
57 186 22 15 10 7 0 7 