55
50
00111111100101100100111111111111011111110111011111
10111101111111101111101011011101101111111101111111
01101111110101111111111001111111111010110100111010
11111010110101111111110101111111111111111111111001
11011111111111010011111111100111111111011111110010
11010111101101111111111111110111011111111101011111
11011101100111111111001111110111110110111111011101
10100011111101111111111111111111111111111011111111
10100111111111111111111111111011101111101001111110
00100101111111011111111011011011110111111111100111
11111111111111111000111100111101111110110111111011
11101111111101111101111101101111111011011001111010
01010011111101111111111011001111111110110111011110
11111111111011101101111110111111111101100011111111
01111111011111111111110111101111111111111011011111
01011111111111011111011101111111111111111001101101
11101110101110111101110111111111110011111101111111
00111001011000101111110110001110111011101111101110
11011111111110011111110111000111111111001100011111
01011111101111101010011110000110111110110110111111
11111111111110111011111111111111111100111111111011
10111011111111110101111110110101111101111111011111
11100101111011111000111111111111111111101100111101
11111111111111010111111111111111111111111100111111
01111101111101001111111111111111011111111111111111
11011011111111011110111101111111101110111110111110
11111111011111111011111111101111110111110111111111
10101100001101010111111110111111001101010010111110
10111111111101101011111110101111111110110100011111
11011001111111111111101011111111011011101110111110
10111011110011111111110101010011111111110011111111
11111011111111111111011101111011110111101111110111
11101001111101111110111111110101111111111111111111
11111111111110111100111111000111111100111011111111
11111101100011111111110111111011111011111011110010
11111001101011010111111110111111110011111111111110
10101111111111111111111111111011111111111011111011
11110110011111110111110111011010111111111111111111
11011111111111101011111110111111111111101110110110
11011111001111111110001111111110111111111101110111
11111010111011011110101111111110111111111101101011
11001011111100111111101111101011111111111010110010
01011111111111011110101111110011011011011111111000
11110111101110111110111110110011111111011110011111
11111111111111100110111111111111011110111111111011
01111110111101011111111111110111111111101111110011
11110111101011110110101101111111111101111011111101
11011111001110110110011111011111010101111111101111
01110001001111010111101111111001011111111111111110
11101111010110011011111111111101111111111111011111
11111011111111111001111111101011111011101111111111
01101111111110111001101111111111110110111101011111
11111110110101110111101011111111111101111111111111
10111111011010111010111111110111101111111101111110
01111111110111111111011101111111110111111101111111
50 168 28 18 3 4 0 11 