50
40
1011101010011100010101001011111111011100
0110111011110110001111110100111111000011
0001011010011111011011101100100111011000
0111111110011110101011101011010101111000
0001011111110001011100001111001010110111
0111111100000101010010101111101111100011
0101000001110101111110010111111111010111
1111101111100111101111101011011011111010
0111111100110111001001010010001111110110
0001110011110011001111111001010110001111
0100110010001000011110011100001001101111
1000010111110001110111111011110111001101
1010001000111001011001111111001110100011
1110111110110110111111011101110011000111
1111110011101101000111011101101000111001
1111001010111101111000111111010110011000
0010010111011101111010011010000101011111
1110110011111010111101110011111001111100
1101011110111100110111010101011111110101
1110101011111011001011100110111101110110
0011011110111101110110111101001011001110
1001011100111111001110111000111101111000
0101001111111100011111010010100001000011
0101011111110110011010010000001110001101
1010110010111101111011110001011111101111
0101100011110010111110101111001110110101
1001010111011101010111110110110001011100
1111100001100101111110011111011010110000
0111100111101010011110001011111000010001
0000011011011111111100111101110111101100
0011110010110111110010100110111111111111
0001010011111111101010011111110010100101
0101001011101011110110011011011100101110
0011010011111011011110011110001011111001
1110000100101111001010010111110010111011
1001000101101110111010001111111110100111
0101100011111001011111111001100111110111
1101011100011111110110111110100010101000
0011111111111011011011010110000001000001
1101001110011110000110100110111111101110
1111111110100111011011111111001100101111
1000011010100100111111101001101101011011
1110011111100011100000011111100101100010
1011011101011011101100110000100111111111
1011011101101011101101110000100110011101
0101100110000010011111000000011010001001
1000101111111011011010001100000010101110
1101001111111111010110001110101010110010
0111000001110010101001010101111111011001
0100001010111111110111111101010010110100
30 98 14 13 3 1 0 4 