32
50
11100100100000110011000011000010110111101111100100
11001001000000011100001100111100011010000110100110
10001001001010110001100000100001110111100000000011
11001100100001101110001010101101001100101100001001
00000000110100101010100011000011001100010011010011
00101010100010010000010100111110011100010111101010
11001110101011000111101110010000110001100100000000
11011010100000000110001100111100011100100011001000
10010110000101110001011000011010100101101111111000
00001000110000000010000001011111000000101111000001
01010110010110111000100100010111101110001101111001
11001101000010111010010001101110100000001001100001
00110110010100011000101001110001101100100010100001
10000010000000011001010000010001110111110011100110
10110000110011100111001000000010010100111110010111
00111101001000010010101100101000001110001101101000
10001100000010011100101010010000010010101000001000
00000100101001100110110011011010110100100111100001
10000111110001001000011001110011110000100101100010
10100000101011010011011111100101100111011001101010
00000000110000110101110010101110000000001001000000
00110010010011010010100010110010100111010001000111
00001001000011000000001100100011010000000100111000
00000010010010001001000001000100000011001110011111
01101101110001001101100001100100000000010000011001
00000101100111001000001000111000110001000010110000
01010010010000110000000010101000011110101110001011
10011001101010001010100011001000000001000100010000
01000001001001001110011000001110000010000100011000
01101010110101000101100100100110001100011101100000
10000101010000110001001011101011010100001101001011
10001111001110100011111010000100010101010101011001
15 65 6 5 2 1 0 0 