50
36
000000000101100000000000000100010110
000010110010101000000010000000100001
000000101000101100100001110001000001
001000000000000000100000000000000000
010110000000000010000001000010100000
000001010010000100000110001000100000
010000000100000000101000100000100000
010010100001000100010011100000010000
000100000000000100101100000100001001
000001000000001000000000100001001010
000000000000000000000101101011100000
000000000010100011010110000000000001
000100000000000000000000000000110000
100000010001100000000000101000010100
000000100000001000000000011000000000
110000000000000000000000000000000000
001000000010100101100100000110000101
110001100000100000000001010000010010
000100001000100110000010101001000001
010000100100000001011010100010100001
000011100011111000001010000001010101
100001000010000000001101100000000001
110100000010001000010100000000110100
110010100001000011000001100001111000
001110100000000000000000000000000000
000010001001000000100000111110000000
000100101000001100100000000000100000
010000000100001001000000010001101100
010000000110000000101010010000000010
010001110000100010000010000110000000
011000000010110100000010000000001000
000000100000100001000100000000011010
010000000000000000110010000000001010
100100100010000000001000000001000000
100100000000000100000000000010001001
001000000101001101000000010000110010
100010000000000011001000000101100000
000100001100000001010100000001000010
001000000100111000000001010000000000
011110010010010000100100110000000001
010001010000100100000000000000001000
010000000000000000000011100000001001
111110000001101001001110001100000100
000001000000000101000011011001100010
010000000001100000001000000100001000
010000110010010100000101000000000000
000100000000100000010110100000000000
000110010000000100100010000010010010
000010111001000010000000101000101110
000001011001101000010000000000010000
22 60 10 5 2 0 0 0 