50
50
00000000000000100000000100000000001001010011001000
00000001000000000000000010010010000001001001000000
01000000001000100001100000000001000000000100100000
01010110000011000001011011010001000000000001000010
00010001000011010000000000000000010000000100010000
10010010000000010001000000010010010000001000000100
00001000000010100001000000000110000000100100000101
00010000000000010100001001000000010000000000110010
10011000001000100110101000100011000010100110000000
00000000000000111011000100001000010010000000000000
00000001000000001000000000000000000000100001000110
00100100000000000000010000010010000000010100100000
00000010000000000000010001001100001010100000101100
01010000000010000000000001001100000000000110100100
00000000000000000010000001000000000001000011010000
00010001000000100000100100000000010000000100010100
01000000100000000000000000000000011000011010001010
10101001000000001000100001000000001100010100100010
10001000000100001000000000000100100000000001000000
00100000100001000101100110000000000011111000000000
00000000000101000000000010000010000001010011000100
00000110000000100000010000000000100010000000101010
00001011001010100000000010000000000000000000010000
00000000010000001000001000000001100100000000000010
00011100000000001000110000000000001011100000000000
01001000000100110000000010010001000000000000000000
11000010100010011010001000001000000000001100001110
10000100000000010000000000100101010000000110110100
10011100100001001000100000101000000000000001000001
00000001100100000100000000000011000100001001000000
10000100001100000000000000000010000000010001000001
00100010000000100000010000000011001000000000100010
10100100100100000100100010100000100000001000100000
00000100000000001000000001010011000001000011010010
10000001000000010000001001000000000000000100000001
01110000000000000000010000000101010010100110001000
00101000100000001010100010000000000000100000100000
00010000000000000000100000100000100000101000100100
01101010010000010000000000001010000000001000000000
11000000000001000000000000001000010000000110000011
10010000100011100000011100010000000100100010001101
00000000010011001000000000000110100100000000001011
00000000000011000000000001010010010011000010000000
10000001000000000000100010010010001000000000000010
10000010100000000100010000000001000001001000010001
00000001100000010100001100001001110000010011010001
10000001000000100000100000000001011000101000000100
00000000000001000000001000000001000000111000000000
01000000100010000010001000000000100101000010000000
00101000100001000010000000001100101100000000000001
14 41 6 6 2 0 0 0 