50
50
11010111111110110011111111011101101000111000100010
01101001111111111111111100111011101100101100110001
11101101111100001100000000011111111111010111101100
00111010111101111110100110100010101110001011011111
01111010111110100100111011101001111000101111001111
01010111111011110011010111101100111011010011011001
01111110111111101001110010011010100111001101001100
01000101011111001001100111110100010000101001101111
00100000011111011011111011100010100000010000011110
00111010011110010010111011001101111111001000101010
01111011111111010011110011110101001010111001111111
10100001001111011001111111000101110110111101111011
11101101111101011011111010111110111110101111000110
00101100010110110000100011011101111001101101001101
10001011011110101111111011010111100111111101101111
10010111100101111010000110111111111010100010111101
00111111000111111111000011001011111010111101011001
10110011001001111110011111100111011101111101110001
11000100101100001101011111011011111110100111110111
00111111010011101101011000000110001110011001010000
01011101000111110100111111110101010110011111100111
01111011110100110101111111111110111110111111110110
11100101100011110100100011010100100001010111111111
00111111000010111010011001010011010011111010100110
10010001101110000111110100101000011111011000101101
00111110001111000010110111100110001100111110111111
01110111100101100001110000011100100111011111100111
11000110101110111001000101111010001011011000010010
01110111100000100001001011100011100100001111000110
01110111101010101110100001010101101010100010011011
01111111001101111011101001011111101110111001000000
00110101101101101001110101001110000110111010011111
11011100110110011001100000001110111001100001101110
01001110100010001011011110010001011001110110101111
11010101111100111101111001101100111011111011111110
10000110111010111011110111110110000110100000010011
11011001100001100011101101100101000111000110000110
11000100110101011000011011001100111101111011111100
00011110011100010000011000110111011111011000111110
11100110000001110010110100111001100111001101110111
01110000011010010111101110111011110011101000000111
01100110010110101110000011100000111011100110001110
11000100111001101010101111110101010001100011011110
11011111111010111110101111100011101011001001111111
00011101011000100110111111101011010111101110101010
01110110010011110101100111100001110100111010001011
11111101111100011001111111001101111000110101001110
00101110001011001110101111101100110011111111101110
11111111111001111101100101011111001101101110101011
01111111001100110011101110111111011100101110100001
58 208 35 17 7 3 0 6 