55
50
11111101111111111111011111101111111101111011111011
11111111110110011111001111111111111011111101101110
11111001111101111110010101111111111010111100001100
11111110101110101111100110101111101111011110111110
11111101111111111011110101011111111101111011101111
10111111111111111111111010111101010111101101111111
11101110110101111011110001101101111111111110111111
11111100111011111110111011011101111111101011111011
10100111111001111111011111111011111110111111111110
01111111111111111111110111111111111111111101111111
01111111111111111111011111011011111111011011111101
11100011110010110101111101111110111111111111111110
11111111111011011111101011110111111111111110011011
11110101001101010111011011111101111101011101111110
11111110111011111111111001001111111111011111111111
11000110111111110011101111111111111111111111111111
00111111111110000101101101111111110111101100111111
01111111111011111111110110111010111111011111011101
10110111011111111100111111111111001111010000111110
10111111110111110011000011111100111001111110111111
01111011110110111001110111110010111100111110101110
11101110011111111110111111111111111111111111010100
11111111111110011110111110111111111111101101110111
11110111111111011111111111101000111111111011011011
11111110111111111111010011011111111010011111110111
11111111101110110101111011101001111111111110111011
11011111001110101011111111111101111110110111111111
11111111100111111111011111100111111111111110111111
10101111111101101111110100111110111111111001111110
10011111011001111011111111111111101111011101000110
11111111111011111110111011011100101110011111111111
01111011111010011000111111011111110111001111111101
11111101101010011111100111001010011010111111111011
11111101111111111111111111111100111111111111111100
11111101111101101100010111111011111111010011110111
11111110111111111110111011010111010010111111111111
10111111100110111011111111111111011110111101010001
11100111111110111111111111111111111111101101011111
00001101111111101101111101110111101111110011111011
11111111110101111101111111111101101101101011111011
11111111011111111011110111111011011101110111101010
11111010111101011111110111101111110001100101111110
11011111101111111111111111011111011011101111111111
10111110010111100111101111110111111111111011111111
01111011101101111111011111111001011111111111111111
10111111011101111101111111111111111101111111101101
11111111011111111110111011111111111110010111011111
01111100111001011111111101111111111011001111111111
11111111111011111111101111111111100111011101001110
11011111110111111011101111111110111111011111111101
10101111110110111111111111110011110011001111111111
11011111010111111111001110111110111110110111111111
11111011010111111000111101101011100001011110110101
11111111011110110101000111111111101110110111111111
11111111110101101111111111101111011111111111111010
139 423 64 31 12 11 0 16 