34
50
11010001000000000000100001010001101010100000000001
00000001000000001100100110000000000010100000101000
10000000100000100000100000001000000010000000000000
10000000000001010001011001010000100000000000100000
00001000010101010100000000000000000010000100000100
00010101100100001010001101000110001011000000100010
00010110000100100010011010100100000001001000100000
00001100000100100001000000100000000000100000000000
00000000000001000001100000001000100100010000000000
00001000010010001100000000000000000000010000000000
10100001000100100000000000010111000000001000001000
00000010000010001000000000100000000000000000000000
00010000010000100001001000001000010000001000000000
00000000000100000000001000100001000000000000000010
10100100110100000100100000010101011100011000001000
10100100000000000101000100000000000000000100000000
11000100100100100010000001000010000001000000111000
00101000000001110000010000000000000001000000000000
00101001000000000100000001000100010101001000000000
01000000000100000000101000100000000000100000000100
00000000000010010100000000010100110000000100000000
00010000000000000000000100011000010001000000010000
00001010000000000000000000000101001010000110000111
00000100000100001000000000000011000010000100000000
00000000010110001000000001100001010111000000000000
00110010000010010010100100000000000000001000000001
10000001000000000001010100111000000010000011000100
01010000001000000000100000110011100000010011000000
00100010000000101100101000101100000000001110100000
00001100000000001000000000000011001010110000000000
10000000000000001010010000000001100010000000010000
01011011000001101000000010101000100000000000010000
10000000000010000000100100000000000100001000000000
00000000101000000001001000100000010000000000000100
32 102 19 0 0 0 0 0 