55
50
00000011000000100000000000000010100000000000110000
10100001100000000100010001011101000000011000110110
00100000100000001000111000010001000000001010000000
00000001010000000001000010000000101010000000000000
00000000000000000010010000000010001001100000000010
00010000100000100010000000000100000110011000100000
00000000000100010001000000010001000100000000001000
00000000000000000001011000000000000100110010010001
00000001111000000010000000001000001100000100100001
01001000000001001101000000000100100000000000000000
10001100000000000100100010000100000000000000000001
00000010100000000000000100000000000110000100100011
11000000011101000000100000000000100000000000000000
10100000101010010000010000010011100100000001101001
01110000000100000000100001000001010010000001000000
00011000000100000000000000000000011000110000000000
00110000000000010000001010100010000000010001000100
00001001101100000100010000110101000000000000010000
10000101000100000000000000000100000110001001000010
00000000000001000100011010000001001100010000000000
10111010000100001011100000010000010000000000000000
00000011100000100000000000001000000010001010000011
10000000100000000000000000000000100010001001000000
00000000010000001010100101000001000011000000000010
00100110001100000100011000000001011010100000000000
00011100001001000000000000000000000000000000101001
10010100000000101010000100100000000010001100000000
10000001000001001000011010000000000010001010100000
00000000011000101010011000000100001010000100000000
01000000000000000000010010000000001010001010100000
00100000010000000101000001101000110110000000000000
01000010010010001001000000000000101000000000011100
00000001111010001011100000000001100110000001000001
01000000010001000011110000000000100000100100101100
00001111010101000000000110100000100100001110100000
10010000001000000000010000000000000000000010000000
10100010000011000000000001000000110010000000001001
00111110000011100010000100100000001010000000000000
01001000110001000000000100000010000001110001000000
00100010100010100101100001000100000101000000100000
01001000010000000000000000000000000001000010000001
00011101100001000000000000000000000000000100000001
00000000000000000001010100000000001000010100000000
01000100000001000000000101100000010010001001111000
01011000010000000000000000100100100000001010000000
00010000101000000000000000000000000000111000000000
00001000000100000001001001011100000000001000000010
00001100000000010000100001000000001000001010000100
00011100000001100000000000001000011000000010100001
01000010001100010000000110001000010000001000000010
01110000001000000100101000100000011000011110000010
10000000001100101000011000000000001000100000000001
00100100101000000100000000000100001110001001000010
00001010100100000000000010001000000001010000100000
10001000000010000000000001010000000100100000000000
36 124 16 8 5 0 0 0 