50
45
000000100001010000000000010100001111000000001
011000100010011110011100001011010100001010011
111010100000010100010000010000111110110100000
101100001100100000000001111001111100001100100
111001000001100110001100010001000001010110011
101001101101010011100100001001110000011011010
000000010000010011011000100111000101101001010
100000001000000000001011010000010011100001100
010110000001000000011000010000000010111000101
001101001000000010011001011110001100000101001
001011000110100100110001101000100010010010101
100100010011100010001100000101010000000100100
010111110001010110000100110100101011110000001
101111010100101011000000000000010111001011001
100000110110001001110000001001110010100010010
000100110100011011000010111010001000000100100
100100100010000100110011001000001011110010100
001100000000010011000010110011001101010001010
100100000111100110010000010010101001000000000
000011011100001101111111111001100010001001111
101101000011011110110000010000101110000001000
110100011011001010101100000001010100010001001
000100101000001001110010010110100101100100001
010001000101100001001000010101000100100010100
010110010100000001010100010010010101101100000
110000101000001100000001001010110001011000010
001010000001000001100011000001000000000001000
011000110010010100011100101001011000101011101
010100001000110000111100010011010101000000101
111101110100010100001100000001000101001110100
000100100110110110000001011101110100101100001
100001101111011111001001000111111000010100011
100000001001111010100101001011010101110001010
110000101010000001100010011000101111000100001
000010001100011010011000001000100001000110000
111100110000000010001110001110001100000110001
111001000001000100110011111011100100000010000
010010010010111100010001000101111100110101000
100000000001010000110000110011100010000100010
010010011100100100101000010001001000011000001
000000000000000000110101000100010100100000001
001000001011000011000000011001100010011010101
000100000000100010110000110001001100010111100
010101100011010000110100100011011011000111110
000101000100000010001001001110111100001001011
001110000111101001011000110000110110000001010
110010110101000100000010011010000100110011111
100010100010100011000101010011000010100010110
010101100000010001101001010101100010000000100
100100000001101010010001101111000010001011000
51 172 30 17 5 0 0 2 