50
38
00001000101011000000001000000010011100
00000010000000000000000000001000000000
00100001111001000000000000001000001110
00000100100001000000011000010000000000
10000000101000010000011010000000000000
00000000000001001000000001000010010001
00110000100001100000000100000010001010
10000000100000010000000001000000000001
00001000000000000001000110000000010101
01010010000001101000100000010000000001
00000101011001000000000000000010000000
00000000101001001010000000000000011001
00000000100000100000011000000010001000
01000100100000000000100000000000001000
00010010100011000000000000100000000000
00000001000010000011000010100010000000
10000100010000010000000000000000000000
00011001001000000101010000000110100010
00000000010000100000000100100010001000
00000000000000100000110001000000110001
01001100100000001000110010000000000111
00010010100000010110001000001001010010
00101000000001100000000000000000000101
00100100001010100000100001101110101000
00010000010000001000000000010000001111
00001000000000000100000100010000010000
00000100000101010100011100011010010010
00001100001000000000000000000001001101
00000001000000000101000000100010000000
10000000000000011100000001000000000000
00010100101011100000000010001100011001
00000001100000000001000100000000000000
01100111000000010000000000000000000000
10001001000001001010000000000001100000
00000000000000100100100000000101000000
00000001000000000000001011000010000010
00000011010010000000000001000000000100
00001000001100001110010100000000000000
00100010000011000000011000001000000000
01000000000010010001000000010100010101
01000001000000000000010001010000000000
01000000000000000000000000000100110000
00110000001111011000000001000000000101
00010000010000100000010000001000001100
10010011110000000000000001000000100100
00100000000001100010110010010000000000
00000000000010000101001100100100011000
10000000010000100110000000000000100000
00000100001000000100001100000000010000
10001000000101000000000100000100110011
11 35 5 4 0 0 0 0 