50
45
111000001111010000010011000111101000111001000
110100101000110001000111011101011010011001100
001000000011101110011101110001010001010100110
000101000000000100101010010001000001001011100
001100011000001111010000100000010001110000001
010101010101001000000101000001010111000010110
101110110001011110010000101010100010000101100
110011100011101000101001011000100001000101011
010001010101000110010110010110000010000000100
001000000000010111010110111110111010000000000
010100100011000111101010001101000011001010110
001010011010011001101101111011001010010010100
001101001001000000001100001100010111101000001
100010001000110011100010110000000111000010101
100111001100111010100001000100011101000010100
011001000101001100000000010001100011001011111
100100011100000100111001010001001011001000111
010110100001110010100011001011000000010001111
010111001101100001111100101110100100011011010
000000001100110100000000010000101000010010001
100001111100111001110010010001110110110001000
010000000001011000101111001001111000010100100
011110000000100100001101001101111000010000000
110001101010111101000010011011000010111100100
001110101101001010000011010001100010001110000
001000100011001010000001110000011011001101010
110001110010101000101000011001100011100001101
110010010110000100011001100101001111001110000
000100001001100000000001000010000011111110010
101011000000110100000110111011111011111000010
101010010001001001111110101010010010100110010
001010001001000001011000100100101000000001101
001100101010111010000000010100100011110111100
100010000100010011011111110000010101111101001
110010010100101000100011010011110101011001111
100000001111000111111011011000001010000110001
001100110001011000101101000101010100000100111
101011110011000000101011011010001001100100100
011001000100010000001001101000011010000110000
011001000111010000000000101001001110110111010
001101000001000001010000011010110011011110101
011111101001100010010001010001011001101111001
000100001101000101001010001011101101000010101
111111100110110111111100100000010010001001001
010000011100000010100110011010000100100011101
000101010000000101111101100111100010010100101
010110000000100000110001110001010101000111100
000110100111011010110000101100001010001010001
010100100100000101011010110010010000000000011
010011010011010000100000010000000101010000001
53 130 25 10 4 3 0 0 