34
50
01000001010101111101100110101011001001010001100011
11011011001010000100000001111110000101000001100001
00011000100111000010000010100100010000100001101111
00111111000001111000110000000001110000111101010100
01000010100000001000101000100111101000101000111110
01100011000111011100100001100110100111000010100001
00100000001000011000110111000101010010001001100101
00010000000101000000001010000010011010001000001100
00101100101001011100111010101010001100100110000000
00010101100110000010011111000010100000100010010101
00100100000100101010000110001110111000110011001001
11101100110101100000010010000100001110100111011101
00000111010001001100010101110100101000111101101111
11001001111101110010010100000001000100010011100000
01010000100110011001000110101000010010010111010100
10010000001010000001010011000001000000000100010100
00100110010000111010001010010001000000000000101010
01101010101100000000101010000100010110000001110100
00100001100110110110001010000101101000001010000000
01101010000111000011010000010000110010110001000001
01000000100011011100100101111101011001100110000101
10000101100110101010010011111000100001010011011011
01001110000100001001111011001011111011100000101001
00011010001001010100000011010010111010011100101110
01000011000010110110101101010011001110011000100000
11100011001000000100110010000000001001000000011011
10010100000111101000000010000001100001100001010011
00100111000100101000011100111000011001001001000000
11100001011001111111001001101101010100110100110100
11000111001001000001001101000111101111000100000000
00010000110100011101011000001110011010000011111001
00101000001011100010000000100110000000000100100010
00101100001000010110100000011000000000010010000010
11110000100000110000111110010100000100000101010000
28 54 7 3 4 2 0 0 