50
45
000010000100000101000001101001001101000010101
100001100111101011111000010011001011100010100
000001000101010010001010001001011101101110010
100000111111001011000101000011001101110000100
100011000100000000110001011101010011001111010
000100000110011001000010001110010100001011100
000010101101000001000011011001000110010110011
101010001111000100000000010000000000110101000
101000001100011101000011000110011100111000001
101001000100000100101111101001010000111101100
111110101001110100000100000101010111111111000
011001000000100101010110101010000100100110010
110011101010011110100100010010110111110101011
000001011100110000011011001000001010110110100
010011010100100110100010100000111010000010111
110111100000110010011111100001000010110010110
010101100010100110000010001000011001000000001
100000011000001100111101010010010001010000000
010101011011010111001100011010101011000110000
010100000101000100101100011101101100111000100
001110100111010100000100100000001000100100100
010100101010111100010000010010000011001010001
100101000001100100001000100001001010111101000
000110010100100010111010000000011101011000001
000010100000000011101111101000000001000000100
100110000011100010110000111010101100001110110
011001110000000010000110000101111101000000001
110011011000001101010010110111110101110100100
111100010011110011100100100101000100000101000
011000001011000110001000100001101011000100011
000000110110010011010010000010000010011000001
000110000100011110000000010010000110011011001
001100010010000000100000000000000111001001100
010011110000011110000100101010011010100100000
000100100000101101000010110011000111000010001
010000000000101101001001001001000010010100010
011000001010100010110100011101001001001101000
010001101100001010010100100010110110111110001
101011100011001100011011000010110010010000000
000011010111100010111111100101100001111101000
000101100110110000010000000010001100110000000
000101010110100001011100111011111000000101000
100000001100010010110100100000101001100000000
000010110011011000101000010010001000011000100
000001101100010101100101101001101000100000000
011000111110100000010011000001100110111000100
010101010100001001000100000000000001110000000
100111100101110100010000111110110101111000001
000000010100101010010010001100000110000100110
111000110001000000110001001010100000101001100
75 213 36 15 6 5 0 8 