50
45
110110101011010001010110100101001001101100001
001110110101111010111110011111111111110001110
100011001111110110101101111000110011101101110
011110000100110000111010000011011001011100110
101101111010011101101100100111011001100100111
111111111010110100011101001001001001011001110
111000000111001111101011101111101000101100001
011101000111100111111100110011010000110001110
101001111001001011111111100010111000001110000
010110001101100011111101011001011011110001100
111110000010111010001011100001100011111100001
011011100101111110111011111111010111101111111
001101000000101001001001011101100100000111101
111011110000011101000011111111100010011000111
111110011111010111001101110111111111100011110
010011110011110100101101010010100001100011011
111111011111010110111111110000010100100001010
101111010100110000101110101100101100111001111
011111011000111110001101101001111100010100101
101001100010000101011001100001001001011001010
110011100111111110011110111110111111111110110
011101111011011110010111111110011001111101110
110010111111001101110010011110011111001010111
001101000001010110000100110010001101110001000
001101011101010011000111011101111111111010100
000101101010110011110111011101100011110100010
001110011001101011010011111001011101111001110
001110111111111000001011011001001001010011010
010110001100000111100101011100111110011111110
101111011111111011011001011110100100001000101
001010111111101100110011111001001111111011100
100101011110101001101101111111011110011001111
110110111100111101000111011111001010111110010
100110001001000111011011110101100111001111100
001101011010001001011101000011111111011010010
100101110110110001001001101111011010110001010
101011101010101111110100000111111100100010111
100111111011100001010100011101011111001010110
110100011000111011101110111011101101111011111
100011101111001010101110000111010010111101111
111100111010111111111101011111011101111111100
111011011101010111110011101111101111111101110
111100101001110001110110111010111101101000001
110111011011001011011110111110010100111111010
110111001110010000101111000011001101001000010
111000010011011001100001110101101001110110111
111110101100111111000001110101101100101000101
001101001101011011001100001110011101010111010
111010111100000100111011100011111111111101100
111001100011011010101010101111111001101110100
86 270 33 18 6 4 0 10 