50
45
111111101111011101111111111111011110111111110
111001101111100101111111111011110100011111101
111111110101111110101110111101111111110110111
101111101011110110111101111110111010111011010
111111101111011011110111001001111111111110111
101110111111111011111101001111111111111011110
111011011111011110111111101101111000101111110
110011010110111111010111110111110111110110111
111100111111010110011011011111111110110111101
111110011111111101110011111111111111111110110
110011111111111111111111101101111001010101010
101101110111011111111111111111101111111110111
111011111111111111111111100111111111111111111
001111110111011111111111111111111110111111111
111110111110001111111111111111101110111100101
111111111111111111101110110111011111111111011
111110101111011110111111110110111011111111110
100111110101111110101111101010011111111111111
011110111101111111111111101011000110111110011
111011111111101111101001101111111011110111111
111111111101111011101001111000010101011111010
110011111111101111110111011111110100110111111
010101110011111111001011001111111111111111111
001110111111111101111101101111101001101111111
111111111111111111111111111101111101011111110
111101111010101111110011111111111001111100111
001111110011111010101111111111111101111011010
101111111101111110111111110111111011111111011
001111110111111010011110010101101101111110110
011111111111111111110101110110111011111110111
111001011101011111111111110111101111111101111
110110111101110111110100111001110011011110101
111111010110101111011111110101111101111111110
001101001111111110011110110011001111111111101
110111111111111111001101111011111101111111111
111011101111111110110010111101111111110101111
111110111000110001111000111111101101111111101
111011111011111110011111011111111100011111111
111111111111011111110111011111111011111111110
111101011111101111110111111100111110110111101
101111111111111011011111101101111101110011101
011111111110001111100110111101111111111111111
110111101111100111111111111011011111101111111
101101111100110111110111101101110111101101110
011111111111001011111111111111111111111110111
111100111101111011111011011111111011101111111
001010110111011111111101110111111100110011110
111011111010111111001101101011111011111111110
111010101111111001111111111111111110011110111
111111110101111111111111001110110110111111110
101 331 55 28 15 6 0 14 