50
50
11010111101011111101100110100101011011110011001110
01110111100011011111010010011101111001110000100000
11111000110000001011011001001111001100110010100101
01100000111000110111011101010110101111001101000011
11101101001110000011011110101010111101011100111100
01011010101101111010101011100110101010111010111110
11001101010111101101000101110100011011101110111101
10101101110100110001101111111000101010110010001100
11010011111110110111000111011000100110011101100111
10000111010111010100111110101111110101010011101101
01110010101010011111111010110100011111011100101011
01000110111111001100111111101011101101100001100110
11101001011101011111000110110001101101100110101000
01100110111111100111101101101110111111111101101011
11100111001111100101111111111111100110001010100101
11100110110101111001110110010101011101100011111111
11010101010110011001111111110001110001000100101000
00111110100111101011111110111010010011011110011100
10110110010110000001100101101100011111011100100001
11011110010100101010111111011010110111111111111010
01110011100110001110101101110111111100110011111111
01100101111000111001110100000101001010111111101000
10110011101111101010111011110011100100100100001101
11010011010111111110011011010110011001110010101000
11111011101000110110100001110101000100101011110110
00010010111101011011110111010001000101101111001010
11001001100000111100110110111011111100000101010111
11010110100100110011010101011100111010101010101111
01111010100100000100011100111100100111011011100011
11011111111111010111101001000101111110000011111011
10101110011111110001101010010101000101110101100011
10101011111111011101111110011110011101110011111101
10101101101001110110001101110000011111111111111011
01100101111011011110100100111010011011010011100110
01001111101011101011110101100110111111101011110111
01001101110110111011111001001110011011001111111001
11000100110101110110010001010011001101111110001001
01001011110111010111011011010110010100011101001111
10111100110111111011110000111111101111111001110101
01001010111111110100111110101111011010110110011011
01111011110101001010001111001100101111111110111111
10110101111011110010011001010101111111011011111100
11110111100111000000011111011001100110111000011000
11111010100111111001111100111111111010010111101111
00111110101111111111011100010001001111010001001101
11111110011110101110010101101010011011001110000111
11110000001110111100100100110011111101101010101001
11011100011111101010010110111001001111001011000110
10100110001111001010110011100110001111010011100101
01101001011110110110010000011011110011111010010001
104 367 72 25 15 8 0 11 