50
45
101111110111111110101111111111011111110111111
111000111010111111110001000101011111111000111
101111101111111111110100101111110011001110011
111111100111111111111100111100101111011111110
111110110111110111111001111111011111010101010
001100111011111111111111110101111111101101111
111101111101011111011101111111111100110111011
111101111110111111101101111011101101101110101
111111110111101111111110111111010111111110111
111111111110111111111010110111011111111111111
101111111110111110011011011111100111101101011
111011110111101011011011111111011101101101010
101011110111101111110011110111010111101111101
001111111110111001101111111011111111101111111
111111101011101011011111110110111110110101001
111111101111100111010011010101110101111100110
110011111111101011011010101111111011001111101
101011111111111011111111011011111111011101111
101110101110111111110011010001110101101110011
111111110111010110101111111110111111111101111
110110101111111111101111111111110111001111111
111111111101101111010111111111001111111111011
101111101001010111011100111111101101011111100
100101111111101111111111110010111001101011110
011111011111111011111110111100111011111110111
111111111111111101111011101111011101111111100
110111111111111111110111110111110001111011110
111000011111110111111111011101110110010110111
011011111111101111110111111001111101011110111
001010110110111100111011111101101111111111001
101111011111011111011111111110111111111101111
101111011110011101111100101011100101111111111
100111111011111100110110111111110001111111111
011100111111111101101110111111111111111111110
011111111111111110101111111110111011111111101
100111111111111111111111111011111101011000111
110111110111111101111111111110111111111101110
101110111111111011110111100011111011111111101
101011111111111101111111011100011011111001111
011111111111111101111011111010110111111111101
111110001111010011011111111001111011111111111
111111100101111111111111110111111111111101101
101101111010101101111111101011110100111111110
110111101111010111100110111111111111111111111
111111101111110011111111111110101111111111111
111111101110000111110010011111111111111111111
011100111111110111111111111111110101101111111
111111110101111111111111011000111111110001101
110111111110110111111111111111111111101100111
100101101111111111111111111110111110111111111
149 422 67 36 24 6 0 15 