50
40
0000100100000010010110000001010001001010
0011010000010000000100000011010101000001
1001001000101000010111000010100001000000
0100000110011101100101111101000101011000
0110111110000001000000010100000111011000
0110000000001001101010101000000101011011
0010010010010010001101001010000000010010
1110001010001010001110000011111010000000
0100110001001100000100101010011110000001
1011101111000100100000001100100011010010
1100101000111001000000111100011110010010
1000110010111001000100001100100110001010
0011010100101100001010001001011100010000
0000001001011111001010110100100001100111
1001000010010011000110010110110000011010
0000001001000001000001000000001000000000
0100010000010101001111010110101000010010
0010111000010000101101111010010110011100
0001001110011000000101000011011000110100
1110111000011111011110000010000000101010
1110010111000001111001010000010011100111
0000110011001000111010011010010001001011
0101010000011010000110010110110010001110
0000000100100001000000000100011110110010
0010000001010000101011010111110101001001
0001100100000011100100111101000000111100
1011100000110010011000011010000101000111
0001100000110110011111100000010110110011
1100111000111001110001001001001010010110
0100100010100110101110111001000111001100
0010110100111000001000100001111011001011
1011000100101111011010001101000110011110
0001001101110000000011110100101001001010
0001111011010100100011101010101100111010
1000100000010101000010001110011000001111
0001100000001101100110011101100010111010
1101001010101111010001100101101000001001
0001000111100111101101000111000001010011
0100110100100011010000010111001010001110
0010101000011110100000001110001111001011
0000000010011100001001000010000001101010
1010010000100011101000000001100010111010
1001010010101100010001001101011001110101
0000100010110001101101100001011111110110
0001011100011000000111001010010000100001
1010110010110000101011000010000001110000
0010010011111001000001010001100001010101
0010110111000011100000101110101111010000
0100001010111000000011001100001001001001
0011110101001110110111000100001110010011
29 123 22 11 5 0 0 0 