50
50
01000101011011010000110001111100110111000010100010
10100000000100001111101000000000011001100010011011
10010000000100011100010101000110010001000100100100
01101001010011100110110001110100111100101011100100
00001000100111110011010110101100100101000000011101
01000111100010001101000000010111001011110100100011
10000000101100000110000100001100010000000101011101
00001011001001110000110111011001001000000100011000
00001001101001111000101111100111000011010000011100
10011011000110000101101100110110001001100101000000
01000001000100010010011010010001001100001111010010
11010110001010011000000000111101000000011010001101
10111101001000010111001000110001100110010101110000
10111001001100000001000111101000101001011111001111
00100000110010111101101101111001010101100000100001
11101001100101001010001000111100011000110100100000
10011110000100111000101000110000100010000000110000
00011100010101000000000000001101010000000101010001
01010010010100001001000001100100010111110010100000
10110010000010000111100100100000111001110000100110
11100101100000010000000110010110000010000101100110
00001000101001100100011110110000100101000110010010
01000010000100101110101010111011111101000010010100
01000110000011011111000001000110010110100000010100
10010000000001100000010000010110001000100010101010
00000100000000111100011110001100100110001001010001
01011101100010100001100000010001011010010110010100
10000101000101001000010111011001011001101010100100
01001000010101010011011000101110000000100111001011
00001011011011100101000100000110000101000000010110
11100010011010110010001101001000010000111011101001
10011001101111000000101111000010010110010001000100
10110011000111000101100010001101111010001010000010
01000011011011101110100101010010000000111100100010
00010100000101011010000000101100100001110010011000
10001000110001101000010000100000011101001111110000
01000110100001110001100000001000000110000111011001
00101001010101011101010110000110111000100001000011
00101010000010000001110110000001000011001001000100
11111000111110111101001001000001000011010101000010
10101001010100101010100110000101100110101001110010
01010010000100001010100001010011110111101000110000
11001010110011101111101000010111010010010010010010
10000101000000010000010011111011100010000101001111
01000001101001000101001100111000010100010000000100
10100010011100010100011101011100110000010010000000
11100101101101101100100010000010101011101010100100
11111010000001011001011100101010001100000110111100
00001000010011010000001000011100100001010100000000
00010010001100011100100000010100001001010100101000
78 204 29 16 8 4 0 0 