50
36
111011011001001101011101101111001100
101001001101100010010111101001110010
100110101100100111011011011111111001
101011110010000010111010101101111111
101101000101011111001110110001111111
000110101001101011010111110010101100
110111011001011011110100011100110000
010000011110110011110111011101101110
011011100011110011101111001011110001
110101010111111100001010011001111101
011110011010011000011001111011101010
000010000010110110100100111100111010
111010001001011111110101111111010011
111111101110111111111001000101000010
111110011101110001011110011011011111
100010001001101011011101001000111001
100010111000100111111101100101101011
110101100100111010111100010101110111
011101111100100001011101011001111101
111101111101010011011010101111111010
111011011010011100011110001011101111
011011110101110101111110111111001011
101000110111101100111110000011110111
100101111101001111011100101111010010
011111000000010011000011101011111110
111001010111000110100101011101111011
110010111111101011110001011010001101
001000100111101011111000001000111111
000011010101101101101110011010100100
010111111110011100000001011010110111
010011001011110110011011100110111000
011101111011100011100100111000111100
011111111000010111101110001001111001
101101111010110000110000111100100100
110111011100101111101110010111010001
001110110101100011101111001001011110
001110111110101111111111111110100111
001110011111011101101011110110101101
000010001101010101011010111100010111
110101111011100001110101011010101001
111011110111110010101011111110011010
111010101101101010100110100100011110
010111100111111100011101101000111000
100111011011001110111110010111111101
111101011111001111111101110110110001
000111111111010111111000101011111000
011110110101110000101001111111001010
110010100010011101011111101000010001
010000111011110101101101101111101010
110101111011001110110011101010110010
72 199 28 19 7 6 0 7 