50
50
00000101011010010101110001010111011111111110000111
00110111101100001001101100111111001001101101111011
11001011010110101100011100110101111001110001010111
01110000101110010011011110010101110110001000011000
00111101010111100111001100110110001111000101110100
10110011111111111111010110110111111101001010010101
10010110100110101011010111110100100001110010000110
10011001110111101110111100010011100110011011101101
11101010011001001111110011011101110100101011111011
10111010111100011110011111101010110111100010000010
10110111000100000101000000001101111110010011101001
01101100101101110010000100100011001101111111100101
00101100001111010111011110000110111010001001110001
10111111111110101010100010111110010101110110010011
11001001111111010111111101111011101101010100101110
01101001111001011111101000110000001101110011111110
11110100111110110001101011011001010111110000010110
11111100111111010110101011101111100011001111101111
10111110001110100101010101110100101011011011110010
11101111001111111011001111010010100100111100101111
01010011110100101101010110011110110110111001011110
01111111111101010111001010111111000100111011100010
01110000111100101110101110111010100011101111000011
10111111111101101011100011101010111100010111101001
11011110000011111011010111111101101111111101110101
01110110111111100110000000100110001011000010010011
10110111111100011110100101010011001111011101101110
11111011010111111101101100011000001011001011101111
11101011101010010001101100011001111100010010111000
01100001101100000110111011100111001101111101111101
10010011011000011101111111110010011111011011010100
01100010000011111111110111111101101011111101111001
11011101011101001101110110111000111101111110010011
11101110010101111100111111101110011110011011111011
01000110111110111111101101001111010101000010111100
11110001000111100111101110000110001011100010100101
00011010111011111101110100111000110101011101111001
10101101100101111110001100111110110100111011111100
10110101111101111100011111011111111101110011000111
11011111110110110011111111111101010101110101011010
10111111111010110111011011101110111001111110100111
10110001101011110110001000101000011111111110110001
11100100100001110001111011101111001111101001111000
10000111011111111111101011111110111101101111111110
00010000000001101110001100110110110011100110101111
00011010010000111110000101111101011111110010111111
10001010101100000111110111111100101010001000101110
11111111111000011111110111001101101111100111011111
11011001100110001011011100110101010001001110101010
01100010010111110111110111010101011010011010111010
62 218 39 12 8 2 0 6 