50
50
00100111110111110000010111101100111111111111110111
11110111010111111110111101011111111110111111111111
01111111111111011111111101111100111111110101110011
11110110111010101110111101111001011111110111111111
01111110111111111111001101111010111111011111111111
11011111111101111111110101111000101010111111111111
11111111111101110111011110110011110111011100111111
10000111111101111111110110110111101100111101111011
10111000111000110110011111011111111111100011111111
11111100111111010111111110100111111110101100110111
10110111111111111110011011101111111111010011111111
10011011001110101010111111111111101011011111111110
11110111101111111111110111111111111101111111011100
10111111011111011111011011111011011111111111100111
11110111101111111111111011101111001111111011101111
11111111011111111111111111110111111110000111101111
11111111011010011111011110101110010011011111011111
11111111111111011111101111101011011111011111011101
11111011011111111111101111110011111111011101111111
10111111111101111110111111111111111101111111111111
01011111100110101011111011111011111101110111111111
11110001111111010111111010101111101011111011111111
11110111111101001111010111111111100111011011111101
11111110111111111011111111111111111111110100111100
11111111101101111101111011001111111111111111111111
10101111110111101111101111011111111111111110111110
11110101101111011111011110111011111111110111111101
11111010111111011111111111110011111111111111101111
01010001111011111111111111101111100101011111111011
11011111110111111110111101111101010001010111111111
10011111100111111100111111110111111111100111110011
11111110111111100111111111111110100011111111111111
00011111011111111110110111111010101011111111011011
11111111110111110001111111111110011100111011110110
11011011111111011111000111110110011111101011111111
11101111111111111111110110111101111110010101101111
11010111110111011110111110110101111111100111111101
11011011110111110011111110011111011110111111111111
10001111111111111111111111111111101111011111101110
00111100110111111111011111010011111110111111111101
10101111111111111111111001110111101111110101111111
11111111111111111111111111101111111011011011111111
01110100111111010011110111111011100111111111011111
10011001111111001110111111011111101101111111011101
11111111111101111111111101101011111010000101111111
10111111111011011111111111010111111111111111111111
01111111111101100001111111111111101111110100011111
10111111111101011011111111111111110111111101111111
11110010111111110111111111111001111011111111111011
01111101101111101011011110111111111011011011001101
88 300 41 24 8 3 0 6 