55
50
10101110100100011011011110001001000001100100000011
10000010000101101001000000111000000000010100101101
10010100001001000100011111001001111110111011100001
01010010010010100000001110001110000100111101100001
00010101000100111110100000001101100101010100000000
00110011000010010101000000101110110100111101110000
01000001101110110000100100001110110000100011100001
01000000001011100110000110010010011001010010011010
11100000000001101101000001100000110010011000011011
10011110110011010001100101010010011100000001111011
01010000101010001001110110111001111000000100110100
11100011011001110001010000100010000110011101101001
00111111000011001011001001011100001011010010001010
00001111001100010011100000110011010011100001110011
00111010101000001000110010000000100010110100000011
00100001100100010100001110100100010100010010010000
00001101000000110110101000000010100010001000000100
01100010101011111011100010100101111011010001000010
11000101010001110001010010001010111011111110011100
10010000010000000010101010001000001001100110100011
10001110010111100100100101101100100000011111001001
01101110110010100010010000100110001111011111101010
00001110100101011000100110001110011110001000000111
00001010001100011100111001100010010101011110001000
00111110010011001000011111000011111110111001010000
00101001001000100100001111000000101011001011110010
01110000111010010010111100000001000001101100111101
00001100111000101110111000101010111010010100100010
11010100011011011101101000001000000101001001100000
00100010010000011000100000111000101101110000000000
01100000101110100010001111010111110010110010000100
00100101011101001000001011101011001100000100010101
01011101011100111001110001000000001000000100001100
10011000000110001010000110000011100010001100010001
10100010001000010000001000001001000101001000000110
00000100000000000000000110001111010000010000000010
00000101100110011000110100011010000001000100010101
00100010010001000100100000011100000001000010000110
10000111011000100001101011000100010001011001000000
11000001100111010100101010100010001100011110000010
10001110101011000011001101000001010100100101110000
00101000100000000000000111001110000000000001001010
11110000101000001101101010000100101110001000010100
10010100000010101111000000010000110000111011101101
00000001001110010101010100000000011000100110100000
00011000011000000000011101000101000010001011000010
01011000000000100101101001100111000100001100101011
01110101000100001110000010000110100010011100010000
01101010001010100010000000110010001000100100010110
01000100100101000011010011000001110000011000100001
10100100111011100100110100100100001000110000000010
11110101111011010000001010101000000000001011011100
10110100011111001001110010111011101011100100111011
01100010110010110100000110001010001101100000001111
10001101010110000110001110000000000000000001001000
100 276 45 25 10 7 0 0 