34
50
00000100011000010001111000000000000000101000100011
00000001000100000100000001000000000010000100000000
00001000010001000000001000000000111100100000100100
00110000010001000001000100101101010000100000001000
00000100010100000000010010000001000010100100100000
00000011000100000000000000001000100000000101010001
01010000001000000001101100100000100000010000000000
01011000001000000000001111110000000000011000010010
01000000100001100000000001100000000001000000010000
00000001101110010100000001001000110011000000100000
01010100100100000010000001001000100000010010001000
01101000010000000110010100010001110100001100000000
00100000100110100000000100000000001000001100101100
10001001000010100000000010011110100011000100001101
00000000000000000000000000000001000000110000000001
10001100000001010000000000000001000110000100110010
00101000000000001100000000001010010000001010000001
00100000100000000010100000000000000000000001000000
00000010000000000000001000000001000001001000010100
00001100101010110010001000010000000011000100000000
10000000000000000100001101000000000101000000000000
00010000000000110000100001100100000000001000001100
00000000100000000000000100000000000000001000001000
00100100000000000000010110000000100000101100000000
01100000000000000110001100001100000110000000110000
00000001010000001000001000000110000001000000100010
01000010110100010000100100100000010000000111000100
11010101101010001000110000000100100000000100100100
00110100000000000000010000001001001001000010000001
00001000010100110000101000010000001010000000011010
00001110001000000000010001000000000000101000000000
00000100000010000000010000000000000010010100010011
00001000000100100000100100100000000000000000000000
01011000010000011100000000000000110001000110000000
17 46 10 7 1 1 0 0 