34
50
11111101111111111111111111111110111111011110111111
10111011101111100011111111110010101111101111111011
11101111111101111111011111110111111101011101111111
01111111110110101111011100111111111110011111110101
11101101101011110101111111101111101110111111011111
01110111110111110111111111111111001111111111111111
11111111111011111011101111101011111111110111111111
11100011101111111111101111111010011111111111011111
01000111110111111101101110111101111101011111111111
11110011111111110001101110111101111111111001011001
11011100111100110111111111110111111011111111101100
11111111111011110101010111011011101111111110111100
11101111111111110011001111111111111111100111111101
01011011101011111011010111101111111111011111001111
11111111111110111111111111110101111111010111111110
10101110110111011111111111111111011011101111100110
10011110011111111101111101111110111001111111101111
01101111101111111111001111111111011111110101111110
11110111111111101011101111110111101110101101111111
11101101101011111110111111111111011111101110111111
11010011101101101110110101111110100111011111011111
11111100111111101010111110111101011111110001111101
11111011111110101111100111001110011110111011111111
01100110101111111101110111111111011111100111111111
11111110111011110110011011101101111111011110111111
11111111011111010111111110111111100110011011101110
11110100111111101011111101011110011111111111111011
01111101111110100111111100011011011111111110111011
11011111111101111110011101111101111111111011111111
01111110110111111111110100101001111101011001010011
11101110111111111111111111101111011100111010000101
11101111111111111101111011110101011111011011111100
11101111111101111010100110111111111010011111010100
01110110110110110111011001111111111011110111110111
67 199 29 9 4 5 0 5 