32
50
01111101001111011011101011111111011101010011110100
11111101111011000111011011101101001110110011001111
10000011010101110010100101010011100000100111001100
10011001010011110111100010110011110101111011001111
10000111011111010110010001111100111110101101111010
01000010111000001101111011001101010111111001001011
01111010011111100110001011111011110010101011100110
10100111111010110100011100010110110111110011110011
01010000011110100011001110001111100110110101111111
10110100110100110101110110011111101011111011011100
01110110111000110011000111101101011011011111000110
00000100011111011101110011011111010101011110001111
00011011010101101011101111110111010101101011101001
01000010100011100011001110011101001111001010000111
01001110111110110001001001011111101111100010001111
11111001010100010011001101011110001110001011111111
10010101011101111000110111101110010100100000011111
01010001010011110010010110101110110100011100100011
10011111100000110111010001010011011100000010111100
00110100100111101111111011100110000101011000101011
11110100010000000011000100001011010010010010101001
00010110110110010111011101011100111111111011111110
00111000101011101111001100111111111000100101100101
10111000100011011111100010011011101111110101110001
10100110000110111110111011011100100110010010111111
11110100011101010011110011111111011100000110000000
01100011000011010011001111111110000111111011011111
11111011111111110110011101101001101101111001101011
11110101101011101011011011011001011010011101110110
11011010100101001010010010011011111110011100101001
11110010011110111111110000101111111100101101110001
01000011001011101111101010101110101011101101111011
27 76 13 7 3 1 0 2 