50
50
11010111111111110011011111111101101111011111110011
11111111111011011011111111111101111011111111101101
11101011111111111111111111111111110100111111101011
11111111111111101011100011111111111101111111111111
11101111011111101111101110111010111101111010110011
11111011001110111011101111110111111101111110110111
11010111111111111111111111011111101111100101011111
10111111101111110111101011111111111100111111111101
11011111111111000101010111111000101111111111100110
11111100111111010111111101111111111011111101111111
01101111101101001111111111111011110111111110011011
00101111110111111011111101101111011111111010111111
01111111101000111111011101111001111101111111111111
11111101111101111110111111111010110111111101010111
10011111011111101110110011111111101101001110110111
11000111100111110111111111111011101101111001011111
11011111001111111111111111111100001111011111111111
10001110011111011111111111001111110111110110110111
10001111111111101111111111111111111110001110111101
11010011110111001111110111101111001111111111111101
11111011111111011100001111111011111001111101111111
01111110110111111111001110111110110100110011111111
11101011011110110011111111111101110011111110011111
11111011101111111101111101111111111011111111111111
11110111011110010111011111111111011111101100111111
11100110111111000111111101111110111011111011110110
10110110011111001111000001110101111010111110111111
11111111110111001111011111110101010110011111111101
11111111111111111111001111100111111010111111111101
11001111011110111110011111111110101101111111111111
11011001111110101110111111111111111110001111110111
11111111111010110111011111111111011010000011111010
11111101001110111110011111011111011111111011110111
11100111100001100011111111000010100101110111011111
10111011101111111110111111111111011110110111011111
11101111111110010010111111110111111011111100111111
10111011110011011111101001111001011111111111111111
11000101111111111100111101111111111111010110111111
10111111110011011100111101111110111111110110110111
11111111110111100111111011011111110111110111100110
11110111110111110111111010111111110111111011010111
00110110010101111111011011111111110111110011101110
00111111010111111111111110010100110110110101011110
11111111111101011101111111111111111000111101111111
01001111110111011101111111111111111111111011111111
10111101010100111111101111011110111111011111011100
01111101001011111111111011111010111111101111100111
11111111111001011110011110111110111111111111011110
11111001101011010111110111111110110111100110000111
11111111111111111111111111010110111111111101111111
48 149 30 21 4 3 0 5 