50
38
11110010110001100011111101001010111011
10100011110110111111101010111011000111
11110101111001111110000101100100110101
11111001010001111010010010100010011110
10011010010000110011110010110011001011
11100110110000110000000101010011100110
00101111111110101100000001101110101001
01111001011000111111010011011110111010
01110001111111010101111011110011100011
01110011010111111011010101111110111111
10101111100101001110100011110111010100
00010111101100000010110111010101010101
11110010011110111110101110000111000000
11101111101101001101011101101001111101
11000111001111101010100100010111001111
10001101011100101111101111101010011110
11110111110011001011001111001101111110
01001000010101101111110111101111000101
10111101101111110000111111101111100101
01110111111011011111100001010101000011
10101111110010001101111111101011101011
00101110001111111110111100111011111101
11110011101001101000101110011010101101
00111010000011000001111111100011011010
11111101111011010111101101110111110110
11010110100111100111110110110110001101
00010111011111111110101110000000001100
01001110011001000110001011111000111001
10111100010110101010110010100010110110
11011110011100110111100101010010101111
01011011111110110110011110010111111111
01010011111111101101111100101101001010
01111011111101110100111001110011000000
00101110110011100001011110101111001101
10010110111010111111101011111001011111
11110100011101010001101100000111110100
11001011011100100110001110001011111100
11011101001011000010111011010011111101
11110101110100110110101101111111100001
10111111111101000110000111001000110101
11100011000011011110011001111100111101
11001101110111111100100101000000110111
10101101001100011110110101110111111111
01111110010010111111011001101000110111
10110110110001101011001010010110111111
01110101010111111010001111011111111110
00010100101010010111111010010000010001
11101110000011010101011011010111111110
11111000111111110010011100100110001111
11000110100010111111011010100110001110
19 101 7 8 1 2 0 7 