20
40
0010110100011010010010110100100101100111
0100110101110101001110101110010110011111
0011011011001101000100111111000001111011
0111011011110000101000100100010111011110
0101111111000011010101101110101010010110
0011011101101110011101101011001111111001
1010011101011011011011100101101110110010
1110101110001111100000111100101111001111
1111100010010100111101111100110011110011
1001110000100011101111011111101001111101
1101001110011110110000000101111010001010
0100010110011010001111111010111010111011
0110101101100011000001011110111011111010
0101100000111101010110011110110101110101
0110011011111101010110100000100100110111
0010111111110101001110010110110000000001
1111111011011111100011010100111101110011
0001111001101001101110011111111111011110
0110011010100110101011001011001111110001
1100010111010110111011111101101110000111
15 65 14 3 0 5 0 1 