50
40
0100010010000010000111100110110000101010
1010001100000000001000000111010011000001
0110111111000110110000111101011000011111
0010001010001100000100001000110001000011
0000111000101101011011100100110001010100
1010000110010100100111110111111110000100
0001100011000111000000001000110010000100
1000000110010100010000110100100011011001
1111000111000101110100110010101010100110
1001110010000000010101000100001010010110
0101001011100010111000101001010110010001
1000100000001011011010110100000110000000
0110100100001100100010100110010000011001
0010101001101001001100111001110000001010
0001100000000001101001001011011010100000
1011101101000000110000111110100111010001
0001010000000111000010101000101011111100
0000110000100000011010110010000101100010
1100101000101100101001111110010011110001
0000110000000100001000000001010001011001
1100011110100000001001001001100011001100
0100010101011010111010001101110100000011
0010001100000011001101111001100111100101
0000000111100110010000100110100001000000
0010011001111010110010111000011011110101
0011010010111111001101000010000001000001
1011001000000010100011101001110110001001
0100000001010100100000101010100100100110
0101000001100111000011111110110101100001
1011000000001101101010000010000010100110
0010000001100000000010110010100000100000
1111010010001001000100010011001100100100
0010000000111111101000100010011100010110
0101101101000100100000000011001111010001
1110000110011111100101000100010101111001
1001000000110000010100111011110100100100
0100001000111100010011100110010001000110
0001111000001010011101000111010010110100
1100100001110100001010010110001001000001
1000101010100001101000101101001001000000
1010100010101010000101100010000110011110
0000010001111000001001101110000010000000
0100101010110010000000000110000100001111
1101011101000101100000001000001010110000
0110011000100001101001000111011000011100
0001101010100110100000001101010100100101
1011011001001100101100100010001001010100
0100100000010001111110101100000001000010
1111000001011101101110000010100010000011
1000100011100001000011100000100101010101
75 194 33 18 9 2 0 4 