50
45
000010111101011011110101011011111111000111110
100111111000100111111110111101110010111111011
101110100011100011101100000111000011010111000
110000111011110001110100011011001111110000011
111101101001101101001010110111100001111110100
011111110101110100111011000111001000011100111
101101001000111011111111011101000100000111111
111011011110100000111101110100101110010011000
110110111011101101100100001101001100001100001
111000011001010011010110110000011010111111100
100100010110101011010000000111100111001011111
110001101101111101010011011110100110101101111
101000111111100110110111011010111011100111100
001010110111101010101111111110001110101010100
000000111111011111100101111111110110000110010
101101100011101101001001100100101010111110111
000000100010110100100010010110110110011101000
101110110010101101111011110011010111110111001
111101010101111110101111011011111101010110011
000001111110010101111111111011011101011111111
110011000001101110101011110100100000111110101
111001011111111110010111111010111010110110101
100111101011110111010111110011111001100111001
011110101010111010011100010100011101010010111
101010111000000111101101110100000101111101000
000011100111101001110001110110111110011101110
011001101001100110100011001011110111101110101
110111101010111011110111100011111001011000011
101101110111101000100110111100010110101011100
111110001110110111011100110111111001110100001
100011000110010101001110100001111111001111111
010101110111101111111011011001000101110110011
100110110100001001111001011000111101000011100
111110101110001001110011101101111011011011111
101011010110011110111110010010110110110010010
110101110011110110100111110101110010111100011
111111000110110001010111000011100101010111101
110110011010011101010101010111110011111100100
111110100101100010001010111100101101110111101
101011111010010111011010111101101110001111110
110000011010110111111011001100010111001111100
111011000111100001010011001100111110100100001
001011001100101011110011111011110001110111011
110011011010000101101100101011110101110000000
110111011110111100110101110111010011111111100
100110111110100011011101100001001001111111111
110111001110111001111011111011111100001111001
010101001101100001111100101101000011111111100
111100010101010111010111110111111100111111100
010111100100011100111110101111100011010110001
35 95 22 13 3 4 0 3 