50
45
111110111010110110111111110111101011011111111
001001110111111111111111110111111111101110101
011101111111111111111011011100111011111101111
110110111111101110101111111111001110011111111
110111110111101011110111110111111111011110011
001111111101101111111100111111011001111111111
011100110101111001111110111111110111111111111
011101111011111111011111111110110101110111111
100011111111111011111111111111100111100111101
011011111001111111001111111111111111010111110
101011111111111101110111111111101011111110111
011101110001011001111111111111111111111111110
111111111110101111111001110100111111101011111
111111111111101111111110111111011101011111111
111110111111111110011111111011101110101111110
110010101111111111111111011110111111011111111
111111111101011011110101110111111110101111111
111111011001111111111101101111111111101111111
011111111110101110111111111011101111001111111
111111011101011110111001011101111011011111011
111111111101110111111100101111111101111111111
000011110011110011101101110011111011111101111
111111111110111101111111101101111011001001111
111111111111101111101111111011111011111111000
111111101101011001111110111011111110111101111
111101110100111111010111100101111101101111111
111110111110011111110111111111111111001101111
111010111111111111111101111110111111011111101
111010101011111111011011110011101101111111110
101111111010000111111011100110011110011101100
011111111000111011101011101111001111101101011
111010111011111111111111111101110011111111111
111101100111100000111111111011100110101110010
001111110111111011110111101111100110101111101
111111011111101111110111111111111111101101110
101111111111111111011110011000111011111011101
111110011101110011111111111101011111111111101
001011111100011111111111011110010101111111100
111101110111111011110111111011111011011011101
111101111101001010101111111111011011111111111
111111111101011101111111010101101111101100110
111101111111011101001011010111111011000111000
111110111110011111000111111101111101110111111
111111101101111111111111110110011111101101111
011111110111111111111111111001101111111101000
111111111111111111111111001010011111111101110
111011111011111111110000010111110111111110110
111111111111011011101111011111111111111111110
101001111011111111001111101111111111101111010
101011111111111111110011011111111100111111111
53 161 17 11 5 6 0 1 