50
40
0001001001000111000101001000010001000000
0010000010000000100110011100001100011110
1000010000001110010100100100011010000111
0000011001100001111000100101010011111110
1011000100100101100000110100111100001110
0110001101000001111000011111100111000110
0110001001100100100110010101000100010101
0010111001011111011010011011111001011111
1110010010001000100101000001001100010001
1000011011011100010000001110101001010100
0101000000111001001001110011000000001001
1110000110010001101101110010011101000000
1101001100100100110111101100000010010000
0011010100000100011100010001000110010011
1101111011100110000011111100001010011001
0110001010101000011000000000100010010011
1001101101000100010110010010001001000001
1100111011000100011011000000011010000010
0110100001101110000011110010010000000001
0010100010001111001011101110001101000011
0100010011101010000001100110010100000010
0001111011011000000100011000100100001110
0010101100010000000111000011010100110100
0010100011000111011010101101100011011000
1000101110011001001001010011100100010100
0100110010000111111111100000100111100000
0010101110000011001000110101001110100010
0010001110001000000011011011110011000101
1111011000100110111000000111000100001001
0000010110000010011000010000000001001100
1000100011001110100000010100000010010100
1100111101110111110110010110111010011001
0011001110010000101000000010001001111010
1000010011111001001001100001000011001001
1001100110100001001100100100110010001001
0001111100100010010010011100001010110001
1111011110000101000001010000000000011110
0000010001100010000000000101000001100000
0101010010101000000000000101101011100100
0001100100000100001001100010001100101010
0000010011101100100010011010100010101110
0111100101010001100011001001000000001011
1100010010000101000101100010010111001010
1100111101010000001100100000000101101000
0010101100110100001000100000110010000010
0011110000100101001010010111111111001000
0011000100100010001011100100000001011000
1110100011101001000000000001100001110101
1001000001000000000011010101010000111000
0000100100010000011111000010010101000000
32 87 23 9 6 2 0 6 