50
50
10100001111101000101110001111111001001010100010000
11001111101101100100101110000110001101011100111111
11100010111111111110110010011110110111010101011001
00001111100111111110101111100111011111100110010011
11100011110101010011101011111110110011110111100110
10011001110101001011101100010001011000111011110000
01101110101100101011010111101000111010100000001000
00111101111101101101111011101000111101111111100111
01010001011010101011110110111110010011101111011111
11010101100000011111000001100111101101111100111010
10100011010111101001111010111010101110011111111010
00111110111001001100010010101000110111111100010110
10010100010101110001100101011110111100011011111011
11001111100001001101001100101100001101111000110100
00000101100101111111100001100000001111110100111010
00001110001111101101111111011011010110101101111011
01110001011111111001010001110100000110101111111110
11111110110000111101100100111100111011110010010000
00001111110100101100010100101111101011110111011110
01111110100100111011010111111111101101110000110110
11111000110100111101100111111011000111001111100110
01001101010010111000011111101010000110100001001010
10010111100011000111110011001111100101000000111100
10101110110111011110110011111010000111010001111110
11110110011010100101100111111100100010001011011001
10011110011011110111101110111111011101001101001110
10111000010101011101110011100000000000101111110100
01011111101011100001101110000111011101110101111110
10011101111101111110001001100111110010011011101110
01011011101110111001011111111110100010100100100011
01101011101011001100010100111011011110110110110011
00001110011001000011010111011101110001111010011110
01111001100100001011000011111101101011011000101110
00011000101010101101111111100101000101111111011111
11101111100011101001100110010010101111110000111101
01011111111001000011011000011100100001010010100101
10110100110011010011101110100011101111011101110010
11111011101000111100110111100000111101011011101111
00101001111011111011100010111001000110000011000110
11101101010101001000101100001111101000110110101111
11011011101111111000011111010100111111000110010111
11101111011000101011101110011010001110110010000000
00100100010111011011000000110111111001001110111111
00111011111111110011011101111000110100101101111011
00100111100100000110111011101001101111010111111011
10101100110110101011101000000110111110111101110011
10010011101011110101011001001101111001101101011111
10101100111000111101111101110001111111101010101010
00001111100100111101110010111000111100110111101110
00111110111111101001100001000011101000101101110111
46 129 20 11 3 2 0 1 