50
38
01000000100000000000010000001010000111
00000000000000000000000000011000000000
00000001100100000010011000101000000000
10100010000000000000100000001000000010
00001000000000001000000100000000000100
00000000100010101001010000001010000000
00000000010000000000001000000010100000
01000000000000001010000001000010000101
10000000000001011000000001101000100010
00000000000000000001100101000010010000
00000001010000100100000000000101001000
00001000001011010000100000000100000001
00000000001001000000000100000110001100
00000000100010010001001001100000000001
00000000000010010000000100000000000000
01000001001001000000000100000000010001
01000000000000011110001000100000010000
10000010001010000000001010000000000000
10001100000100010000010010000001001000
10010000000000001000011000000100001010
00010011000000010000000100000000000100
01001000001000000000000000001000000000
11111110000000010100001001010011000000
00000010010010000101000100000000001000
01000010001000000010100000000010010000
10000010101000000000000000000000000000
00010000011000001011100010110101000001
00001011000111010000011110010000001000
00010100000001110000000001100000100110
00001000010010010010100001000010010000
00110000000000010100000000000000000011
00010001000000001000000000010110001000
00111010000010100000010000010100000010
00010110000010000010001000010000000000
00001000000001000000000000000010010100
00000000000000110000001010100011000010
10011110000011000001001001100000000000
00000000110100001000001101011000000100
00010110000000000100101011011000000100
00000010000001100001000000000000100100
00100011000100000000001000000000000010
00000000000000000001100000000000000100
00100000100001010000000010000000100000
10010000000000000000100000000001100001
11000010010010100000000100000010000100
10100001010001000000000000000001000000
00000000000000000000100000100000000000
10101000000001000001100000000010001010
00000000100000010000000000000000000001
00001001000100010001010000100100000010
18 59 8 3 2 0 0 0 