50
36
010011010111111111101101111101110010
111011010101010111111011011000011111
101011111000111111100101100110001010
011011000111111100100100110111100011
110000011010001100110101111110001011
000100111010110001101010111110100111
001011111011011010010100101100010101
000011100010111111101011000011101101
111110110111000100111001001101010000
010111000110000101010110101011101110
100000010100110111010001101010110010
011010110001001101101100011010010101
100010001101110110111011111101001100
110011100010100111100011011101111011
011111100001101111000100011110111111
101101110111110101101111001011100001
110000010011110100110000011001110110
111010010011011010111110111110001011
100011101010110111100101101111111110
110110110110110000110100001000101111
110110010110011011001101000101110000
011110011011101011111000011010010010
101011010010101010110011111101100101
111101111111100001100011110001010010
001010101000001100101001010011100010
000111010111111011101001111011011110
001011110010110110101101010111001001
110001011100110111111010110111110011
001100010011110001111010011110011011
011010110111110110101111000100101100
101110110101110111001010111101001110
011110100010001011001010111011010001
001011011101110011100011101111110111
101110101110110100000110101110110001
110111100010001001111101011011001101
001111111111101001111110001110110000
100011111001101111100011111100100011
101011101011110011110100110000100101
101011101110001011011110101001001110
111001001111010101011110000111111000
011100100101010111110011111101111110
001110111100000111111111011101110011
001111011111001111111011011111011110
111100100010000000111001011100001011
011011010011110111001111110110110110
110110010011110001110111011100010011
101101100111010000011111111101001101
110000101111100010101010101100110001
111001111101000101111111011111101111
101100011111101000100011001001111001
30 97 14 5 3 0 0 2 