50
50
10010001110011001001100000100000100111110000100111
01101111001000011000001101111000100101001111000010
11001100010000001111000000100011010110110001100000
10101001110000100010010101100000100000100100011000
01100010110100000100011000011011001111100000111000
10110011010111010000110101110100000010100001001000
01100111010011110010010000100110110010000000000001
11010010010110110001100011111000011000111110001111
00010000101011000110001110101011100000011010001111
11000001011001001110000001000000010001011000010110
00101000001100001001010100001101000101011111100100
10010100001010100011001010001101001000010101110000
00110111000110100001011000011010010101010010101010
00010001000001001010000010111110111100110001010100
11101101100110111110101110000011001011010101100011
01101001110010001110011011101001110110100111001111
10000110010000010010000000101001111111100111111000
00110011000111001100001000001111000101110010111100
00111110111101100100100010111000001100110100100111
00000000000111010101001110100001101100001010101111
01011000111111000011000000101111001011110001000000
10010011010010011100010001001111000010010100101000
00000010000110100000000000010010000010010101000100
01100111001110101111101000000000010000000000000010
00100011111101000001100101111011111010101110100111
10101000111101101001011001010010010110100001000000
00000010101111000110101000001100110011101010100001
01111110100111100000100011000001001010011001100101
00100011100010010010011010110100110010000000000000
00110100000000001001110010101011000000001101001010
01101000010100100000010000011101001010100111001000
00011010110101010001100000000011110100110010000100
00000101001111100011100110110110100010101000001100
01010000110010100001101010001001101000111011010011
00011001100010100010011101010100001001101100000011
00101101011100000101001000011010000000010011010100
00000001100110101111000101010000110010101111101010
00111010100101111100000100101010000100010001010000
00000010001000001010101011000001110000000100001101
01001101001000101110000101010100000010010011111000
00001000111110011000101101111111010001010010000001
00100010010010000101111111000010000011100010001110
10110100001100100001110001011100101111010111010001
11011000011100000100010001110000100101000001101000
01101001101000011000010011000000000001010010111000
11010010001101000111101000000110101000001111001110
00010010011001100110100010000100011010101000101011
00000110010000101001000001011100011000100110011011
11010000101001101011101000110000010001101001001000
00010001101110000100000000010000001110011000001001
33 80 12 12 3 3 0 0 