50
40
0000000100000000010000000000000000100000
1010010010011000110000000010100000000001
0100000000000000101010000010001001010001
0000010000000010000010000010001000000100
0000000000100000000101000100000001100100
0000011100000000100101000000001000001010
0100010000010100100010001001001010000110
0000010100000010100000000000000000000111
0010110000100100000110001011010010000000
0000000000000000000000000110000000001000
0000010010000000000000000100000000010001
0000000010001000000000000000000000000100
0000000000000000000100000000001000000000
0010000010100000100000001000000001100000
1010000010010011101000100001000000000000
0000000000100000000000000001100000101000
1010000000001100010000000000000000000011
0000000000001000000001001000111000000100
0000000000000000010000000001111011000001
1000000110000000000010000000000000100100
0001110010011000100010000000001000100000
0000000000100000110000000001010000010010
0100100001000011001001001110010010110110
1110000100011000000100010000000000010110
0000101111100001000000000100000101000100
0000011000100000000011011001101010010000
0110000000101000100000100000001010101101
0000000001100110010110000100000010000011
0000000011000010000000010000001001000010
0010110010100100000000100010001100000000
1100000100000111000010000000001110000000
1110011010010000000100100101000000000100
0000000000000000000000010000000000000110
0010000000011100001000000000001100000000
1000001000100001010000001100010100000000
0110100000001000000000001000000010000100
0100000000110001001010010100000000000000
0100000000000000011000000000000011000100
0011010101000110000010000000000000000001
0010000001001000000001010010110000000000
0000001000000111000001000001000000010000
0010000011000001000011001010100000000001
0000001010000010100010000000001000010000
0000100000000101000000110000000000101010
1000010000000000000000010001101001010000
0000000000000000000101001000000010010000
0000000100000010101000100000000000000000
0101000001001010000010000010000010110000
1001100000000100100100001010100100000010
0000010110000100001000000010100000000000
43 104 18 11 3 0 0 0 