50
40
1011100101100100000010010010111010000100
1000011011010010011101001110001000010101
0000110110001100101000111101010010011001
1001000100000001101111101011110000001110
0010101000010101101000101010001111011111
1110101111001101111000100110011000111111
0010111001000101001010000001001000100110
0101101110010111010100100010011110010010
0010000110000000101000010010001111011000
0001001100000000011010101100001000101001
1000000100000111100000000001100011010001
0100011100110000100110111101100011001100
1001101110010111011100110111001001000011
1001000010011110010011011010000010000001
0000110000100001000110100001101110000100
0100010011100011101000110000100011101110
0011100101001000101100010100000010001010
0001100011000001111001010011000101100011
1100011000000000100000110100000000000000
1010111010100001000101101001001011000011
0000111101000000000010011101010000001100
1001000110100001000001000001011010000011
0110110011011000001010100110011101001100
0000100001001000011100011010000000100010
0100101101011000100101010110110001100111
0101100000101001011001000001111000001100
1001101110000000000000010000000000111010
0101101100100001000000100001001100000111
1101100001100100101000010100010000000110
1100101001001011000110010110000111001000
0000011010011001101011000000111010110001
0100000000111100100100110100000011000111
0000010001100000100000100001000000011101
1111100011111000001000011101011000010010
0000111110000101000100100010000010100001
1101111111000011000001000000001101100000
0100001110110101001001100011100010010010
0100011100011101011010000000011001010000
1011001001100101100000100110000011110000
0001101100101010000110001001010100101110
1100110001010100101000011011010101101000
1101010010110110000000101010000101000101
1001000001010000001100001010001101001001
1111100011000101101101011101111111010011
0000000110011000000110001101001111100000
0000000100100101011011110110010000100001
1011110000011001010010100110101001000011
0010010010100110110100001011010100110011
0100010000100010000100101101011001110100
0101001000110111010101001000100000011000
20 75 8 8 2 1 0 0 