34
50
00100011010111111000101100110111001001100010000111
00011100000010110001010111000111001000101011100000
00001100010101010001011111000111100011001000100101
01010101100110001010100100001000011100111110010101
11100011101100101101010100011000000110110010111001
00011100100010000100010001111000100011110000100011
01111000010000000111100101010000000000010111001000
01110001011011000000001010010101111010000110000010
00010011111101011000110110000100001010111000011110
11100101100010000100100000111100101000100001000001
01001100000010110011100000000000000111100001101101
00101001101000101111010100011000001011010001001111
11100110011100010011010000110100110010000111111011
00000000010100101011010110110100010000110000100111
00101010011010000001000010101111100110110011010010
00000001010100100001001001110011011000111001000000
00011010000000001100101000001000100000010001010010
10001001001100111001011111010100110000010100000000
10001011001010111100001010101011010110010101100001
10110010000101011100010111110010001001101100010000
00000101001001000001001110100110011010101000000010
00001110110100011011010000010001100010100100001110
11010010100111100111010010100000101000111000100101
10011010001000110001100101001100100100100100101000
10101101000010100000110001100110000010001100010111
00001011111100001101010011111000000011001001001100
00001010100100100000101010111111101100111010000010
10101100000000111111100101000010010111111100100100
00000100101001011001111010111000001100001011011100
10110001010011001110101010100010000100101001000001
00000000000001110100001001001000000110001010000010
10101011001011011111001100000111101100111100101110
01001111000010111001001000000000111001011011110101
10000001010100110001010100010010000011010000011110
38 107 15 9 3 1 0 0 