60
50
01100110110111000101001111111011110100101010110111
01110001111010110111110110001100111011011100110011
10111010111000101100010111100101111110001110111000
11100100010111100011111110111100111110011101100011
11010101000011011111011111001111111010011100011101
11011111101011101100111100011101001101000011110110
00100111011001111111100011111111101110100011110011
11110101000111101001101110101110011011110110100100
11111101010011100101111110111110001101011110111111
00000101011111011000111001111111111000000110110100
01110110001011011111101100101101110110100001110111
11010111011010110000101101010111110000011000101111
00111110111101101000100010100111000110001001101111
10100111110010000010101011011111101001111111011101
10100111011110001111010011110011100001010100101011
11000110100101011010111001011000010110011100111001
11111101001111101101000111101011111001100010100110
01100101101101011100111011010111000000111110111001
11101001011101111011101101111100010000010110001011
10001101000000010111000111010100101101100111000011
10011110111110111011010000010011011110111011101000
01110000011110011011111110100110111011111100010111
10011101001011100101101110010101111111110011000111
11011000111111101111011110000110000111100011111100
01001010011111101010001111110001110100111010111101
01110001011101111111010101111110101010011101101001
01101011011101101011100101110100111011111100111111
11110110000011000100110111001000000110111100010101
01110110010010010111011001111011101011110100011011
10010101001011000100101111101110010101111011101011
01011111111111001101111110111111111111110110011110
01111010101110000111001011100001011001101110010111
10110010111011110110000111001101001101110111100000
10111110111100000111100110000011011111111100011101
11110000100101010000010011101001010100001000110110
10001111001000101110110001000110011101101101111110
11010101001100100001100001110111101111101010110101
00011011110011011111101011101011100101111111000110
01001011100011110110011011111011100110100001001110
00010110111001100101110100101010011101010111111110
01111111100000110100011100101111101010101110000111
10100110010101110110111100101100100000011111101010
01111111110111101001001111011100100001111101111111
10000011011101111111001011100111101011011010011101
11010111110011011100111111000111101110111111010110
11111011100001011101110000100111011101111000010001
11110001111011110100011110011000111000110000101010
00111110100110111101111001101000111001010001100101
11111110010011110111111110100110100001101010111111
01100010101000000011101011111110100010011000111110
00111011010100011111000111011100110011011101110101
11011100011011111110110100111010010011011111100010
10000110101011111111000001110001110101111100101110
11110111101010011011101110111000001010101011110111
11110111100101110011000111100011101011111010010111
11101000011100011110110110111011001011011110101101
00110101111110000100110101001110010101011010101011
10111010111110111110101111101101110010010000101100
11111110111111100000011100111011111111111010110101
01001110001001011011101010111011110011100011011110
140 464 68 32 14 5 0 15 