55
50
00000111001001000100000000001001001000100100101000
10001000100100100000100001001010000000100101010000
10000011100100010100010000011010001010000100000001
01101001000001010100000000100000011000011000010000
11011000010000000000001010000000001110000000000000
01000010000000001100100000000011100000110011010011
01000100001001010000000000101010010000000010100011
01100000001000000000100100100000001100100000000100
00001010000010010000001000001000000010001000000000
01000000010001000000010100010000001000000000000000
00000000100010000000000010000000010000001000000010
00100001000100000010000000011000000010100000101010
01000011000000000000010000011000000000000000010000
10000000000000000100000100000000000100000010010011
00010000001101101001000110000000000101010000000000
00010011100011000000110000000100000000000000000000
10000010011100001100010000100000000101000001000000
00000010000010000000000101000100000001000000110000
00000000000000000000100010010001000001100000000110
00100000000100001000010000000000000110000110100000
00110000100100100000100001100010100001000010000000
00010100000001010000000010000000000001000000000010
10011000100000011101000010000000000000010000101000
00000000000000000001100000000000010000100001000001
01000000010001000000100000000000000001000000100000
00000000100000100000000000000000000110100000100001
00010000000010100100000000100000000000001000100000
00000001110000000010000000000000001100010010001000
00000100000001000000010000100001100001100000000000
00101000000000001000100010010000100000100010000000
10100001000000000000010001000101000010000001000100
10010000000001000000100001000000000000000010000000
10100000001000000010000000010000110000100001010000
01100000000000000000010101000000100000100000010001
00000000001010100101000110100001001000010000000110
00000100000000000000000010000010001011010000000000
11001001010000100000101000100001000100100000001000
00000000000000100001010000000110000101001101000010
10000110000001000101100101000101010100000000000000
10100000000000000001000000011000000000000100001000
00110001010010110000110100000000000000010000000000
00100000000000000010101000001000101000110000100000
00001000000010000000000010100100000100100010010010
00000000000001010000000000000100001001001011000100
00000100000000000000000010000010000000000000010000
10100111000000010001000111010001000100000010000000
00001000001000000010000000000000110000001001010001
01000010001100000000100100010100000000011000000000
01100000011100000101001000100001000010001000010000
10101110101000000010010011101100110010000000000000
00000000100010010000000100100000001100000000001000
00101110000010000011010000000010100000100100000100
10000010110010100000000000010010100011010001010000
00000100001000000000000000000111100010000000011000
10000000100100100010100000000010000000001010000110
32 92 11 7 0 0 0 0 