60
50
00000010001000000000001001000111000000000010100010
00001000000000100100010011000000000000001000111000
00100000000110100001000000000111010100001011100000
01010001001000000000000010000000100001000001000010
01000000010000000000000101000000000100000001100100
00010101000001001000001000000010000000010011101000
00000001100001000001000000000100100101010000000000
00000010001001000101000000010000000000000000001000
00000000000000000110001001000000000000000000000000
00001000000000000110000001100001001100100000000101
01000100100010000001010001000000000001001001101011
00000000000000010010000000000001000000010011100000
01000000000001000100010010000000000100000000010000
00000010000100000000010000110000000010000010000010
00000010000000101010010100000100100010010000000000
10010010111000000000001100100100000000000010000010
11010000100011000000100000000010000001001010001000
00010001000001100000001101010000000000000100000000
00001000000000000000000000011000000010000100100101
00010000000000000000100000000000000010000000010000
01111100000000000001000000010000000010000000000000
01011000000000000100000001000000000001010011100010
10000000001000000010011000000000001100010001000100
10100000000010000100000000100000000100000010001000
10000100000010000000000010001010000001001010010000
00001100100000010000000100010001000000000000000010
00000000110001010010000000000000100001010000000000
00000010000000000010000000101101000001000001000000
00000010010000010000000010000100001000000000010010
01010000000000000000000000010000000101000001000000
10000000010000010001000000000010000000001001010000
10000101000000000101000000000010100010000000000100
00000000100010011000000010100001010000110000000010
10000100000000000001000000101000000001101000011001
01000010110000000000001110000000001000000000000100
00000100000011001100000001000000001000000000000100
00000000110100001001000000010000000000010000000010
00000000000000100100010011100101000000000100000101
00001100000000010010101010001100011010000011010000
10100111001000010010000011001101000010100010010110
10110010100000100100000001001001010000000011000011
00100000001100010000000000001000001000000100000000
00010100100100000100000000001000000010100000001000
00000000010001100000000100001000001000000101001010
00000010001000000101000000011101000000001110110001
00101011000101000000000000100000010000000000001000
10101000000111001010010000000000000000000001101100
00101000001000101011011000000000000000000000000000
10010000001000000000011000010011000000100000000010
00001000011000111000100000100000000001100001000000
00010011100010000100000000000000000000000000010000
01000001101001010001000000011000010110010000010000
00000100000100110001010000000000010000011010000000
00001000000000001000000010000000110100001000000010
10000001100001100011000000000000001000011000000000
00000010000000000001000000100001000100000000000000
01000000000110100000000001010000010000000000000000
00000000010000010000000101000000000000000001100100
01011100000100010000000001001111000000001000100111
10110011100000011000000010001001000001000000100000
51 169 23 13 3 0 0 0 