50
40
0001100110111010111011011111111110111101
1111011111100011000111101010101110110100
0000000110000010111100111111110111001100
1111111111011011001100100001111010101110
1011111001110001010100011101100111001111
1101001011101101110110110100100110110011
0101101100111111101000111110101000111101
1111101010110101111001101010000111011101
1111101100000110101001000011110100011011
0000100111010000001101011101001111100111
1011001111010010001010111110111001111111
0011111111100111100111110101010010111011
0000101100100110110011111001111111011101
1001110110110001010110011000000111110001
0111111110000011101100011010100101001010
1000001101101011011010001111111100111011
1101111010100110110111010010110111010100
1100011010111100001111111001001011011000
1101101001111010101111110000110101101010
1111110111001100110100001001011011010011
1111000111011010100011100111001001111111
1100010000110110110011110100101111110010
1101011011011101001100101110111100001111
1011111100010000110100001000001101100111
0111001111100101101100100111101011111000
1001101101110101110101001110101011101001
1001111101010110111111010010000101011000
1010111111110011111111010110111100011100
1110010010111001001100010011110011101111
0101011111111010000111010110111110110111
1111100111001101111010111011011111011111
1011101000011011011011010110101101100111
1011110000110101001011010110111110010010
0111001001101111000011101010001001001101
0000101110111101110011100011001111111111
1100110001111011111011111010011111101001
1011000011010100100110000111000011101100
1000001110101111111110011111111010101111
0100101001011110111111110111000100110110
1111110101111110010100010111010111010111
1100011111100100111011010100111111110111
0111101100100101100101101010111101110101
1110100001110111110101111010010111011011
0101011110101010110111000011110101011011
0101110001000000010101000111000110000011
1001000101111111000011011011010010111111
1000000100100011110110000111111110100011
0000101010111101110011011011111100010011
0101110001011110101011111001100010000101
1101000110011010011000100111111000011000
81 266 28 11 3 4 0 6 