50
45
000000000010000000001100001011000010000100000
001010000110000000001000000000010000100101000
001000000000000100000000110000100000000001000
001011000000101001000110001000011000000000000
100000000010000000010000000010000000000000000
110010000000110100100001001000000001100100100
000000000000000000000011000000000000110001000
000000100000000010000000110000000100010000000
110100100000010001000100000011100000000101110
000111110000000000000000000000000000110001000
000000000100000010000010000100000000001000000
011000000001001100100101000100110010001101000
100101001100000010100000000000100100100000100
000001010000000010000000000010010000000000000
000100001000101000000100100001010001000011010
011010000001000000000001110100000000001001010
000010100000001101000010010000010000000001000
100001001010010000000101000000000000000110000
000000010000100010000000000000000001000101001
011000000000110000010010000110001001011000000
010010010101000110001010000000000000000010000
000000001010000001010100010000110010010100000
100100110010001000001000000000001000110001010
000101010001100001100000000000000000010100100
000100000110000000001000000000000001000011100
000100111001000001000010010000100000000001000
010001010000000001111000000001000010000000010
000100000000000000000000000001001010001001000
000100100100100010000100000100000011000101001
100000011100010001000100001001001010000010011
001100100100000001100000000010010000000010001
001000000000000001000100000000000001101000010
001000101000010000001011000000100000001000000
000000100000010101000100000000000000001000000
000000001000010000000000100010000000100001000
000000000001000000000001001000000000000110010
000100001001000000111000001100000010000000001
000110011001101000000010010010001101010000100
001010110100011000100011000000001111000000001
000000000101000010001001010001101010001100001
000000000010000110100000000110000001101000101
000000010010010000000001010000001100000010001
100000000000000100010100000000000010000000100
000010100010010000001000011001100000010010000
000101010000100010000001101110000000000010100
000011101000110000100010110001001010010000110
000000000000010001000000010000100000001100001
000010000011000000100101000000010000000000101
010000000000110100000110001011110001000000001
010110000100000000100010000110000000100000001
27 100 21 10 2 0 0 0 