32
50
11001011110011000111011001111100011100000000101101
01000101100001100000011010000011001000001010001000
01111100011010110100100001111011111110100110000011
10011011011111000010010010010010100111000100110010
00000000100001001110100110000001000111011000110011
11001001110011111000001010000100100101001010000010
00011000001010001001111000100010011011001000100011
00111001010010111100101000110011100000011101000001
00001100011000110001011010000000010000110000001100
11000001110010001111000010111001001001001010110000
00100000001001100010110010011011110010000100010000
10111001000100000011011001000101100010010000001100
01000111001001000101100000011100011100011010010001
10000011100100100011010100110100101110000000111010
11101100000001010100100110111110010001100111111000
01101010010100001000000000000110100111000011111110
00100101000000001100001000101110011010000000101000
10001000011011011001000000000000001011000101010111
01011101000100000111001001100010100000010111010011
00010000001000111001100011001000000110100010000111
01100000000110101101001100110000001110011000110010
00110101011010000111011011010001110001000101001111
10011110100010110010111110000011000001000100010010
01010110110100100100000001011110010110000101001000
01011000001001010001000000101110000100010110100000
00000111011001000010001101000100100010001000000100
01000000000101010010001011100010010000000001110000
10110000000100011110100001101001000000100010101101
10000001000000010100001100010100111101001101011000
00000010010100010010010111101100000010000010000110
01100100001001001011111100010000110100001100000010
01110100000011100010001001100100011001101011111111
52 135 30 17 4 2 0 7 