50
36
000111100110100011101111100110110111
100101101110111010101100011011111111
010101100001010100000010110010101110
010111111010111000111011010000101100
101011100111111011111101011110111011
001111101110110100010101011110101101
011010101111011001111101000111101101
000111000001101001010100001100010111
001110111011111101111001011100111101
001011100001111110101110011010100110
011111101111000110111010100010100010
111001111010110100000101101010110101
110011110111010111111010101111110111
001000011111110111111100100110000101
010010110110000101011111001101111101
010111001111111111101111111100111001
110000110000011001111100101111100011
110100001110011101111101010000010101
100100010110111111011001100111011100
000101001100100111110101111000101111
101111111011110001111111011010000111
110001010010001111111101100010000111
000001110100100111110101111111100101
111110000110111000100010111101000111
101010111111101001001011111101110010
101100111001000011001011000111011111
011001101011010101110101110110111110
110110101111101101111101010100011010
010101100110010000110011100101000111
011111110011001001111110010010010100
111001011101001110001101010000000101
111011011011100111010100011111010111
011110100011011100001111101100101110
101111101110111110001110111001111111
001101101110110001100101110011001110
011100101011101101001111001001111111
111111011000100000100011011011111011
100110111101111011000101100110000111
001110001101001111111101100010001100
011111011101001011100000110110011111
000000111110111111011111010001101011
010111110111111110011100010011111110
100110010011001111001110000011000101
011101011110101101110001010111010111
101110001111110011001011010000001110
111011101110011110100110010101001011
111111101100110001010100111101001100
101110101101100111011111111111101000
101101101100100101110111110110000011
111101100110111100110001101100011100
24 87 19 4 4 1 0 3 