34
50
11000001000000001100000000100000000000000000001000
00000101000000001000100000000000000100010010001000
00010000001000000000001000000100000000000000100010
10000010010010000000100000010000000000001000000001
00101000101010010000100100000000000000000000000000
00000000101101000100000001000000000010000000000100
10000010000010001000000011001100100000000100100010
00000000011000000000000010000010100100001010001000
11000100000000000100000000100010001010000000000000
01101100001101000101100000000001000001001010000000
00000010000000000000000001010000000011000010110100
00011100001001000100101000001000010000010000110000
01001100000001010010000000000011001000000000010000
00010000000000010000110000000010011000000100010001
00000101011001010000000100000000000000001000100000
00010100000000000111001000101000010000000100000001
01010000000000000001010000001011000101000000000100
00100010100000011110100000110100000100000000101000
00010101010010010000000000000010000010100000100100
00000000000000001101000000000100000000000010000000
00000000010000000000010101000000100000010000000001
10000100000101001010000000010110100010000000000100
10010000000001000000000000001000110000000001000010
00101001000001011000000000000001000001000000000101
01000010001010000001000100000000001100000000000000
00000011000001110100000010001000000000001000010000
00100000000110100100000101000000000000100000000000
10011010001101001000001010000001010000000010010000
00000001100000100010110010000001001000000010000001
01000010000100011000000001100000100001000100010101
00001000000000000000100000101010010010001000000000
10001000001000000000001110000110100000101000000001
00000100100011001011000000000000010000010010000000
01110000000000000001001001100010010000100001000000
26 73 14 5 0 0 0 0 