50
50
00101111100010000000110001001110000101100101100010
11101100110110101010101100000100111000111101100100
10001001000100001101000001110010100001111010010101
01000100011110011001010101100101110010001001101110
01101000011011100000000110001100100101000101010000
00011010011000100001010101101001001110101010011001
01111100110101000001001100100110001100010000011100
11001100101011010000001000001011110110100100101010
00010000001111000011100011001000110101010100010100
01100010000100000001000000100111100011001100100010
01000100111110010001000000110100100010010100001000
01001001010000100001001010100010010100100000011000
00010111010000011101001000100000000011011100001001
01110001011000000110001010100110111001010110000111
11011001100001000010000000001000001010010000101010
11011011101100000010000101010001100000100001001000
00101110011011101100000000110000000000100101100100
10111101111111110100010010010100001101000001101100
01000000100001110101010110001010111100000001001011
01000000100010011110000110000010000001111000010100
01100100000010011000000100010100101101010110010011
01010010010100100011000101101010100010100001000010
00110110110001110100101100000101110100001101000011
10011010001010101000001001001001011000000101101110
01000011111110001000111010110000000101000111000001
00010011010010111111110000010000110000100001010001
11010111111000000100001010000001000110000101111101
00000000000100000101000100000000000110001000100001
11011000000100000010100000001110001000100000101011
11000010111111110101000000000001110000001111011110
00110010111010100101000100000110001100100000001000
10010001111100001010000011100010010110000000100010
00010001101000101010100001110100100000011000001001
00010010100000100010110000110100010010100010101101
00000000110000000000100100001100010011010011011110
10100001010010001011100111001000000100101111000010
01000000111001110001100010110110001000111001110010
11100000001100000001000000001010001111011010111101
00101010000111011011000010100000110001010101000111
11011001100101111100000100101100001001110101111100
00011110110100000010000010001010101010010101000000
00010110001000100010110010010100000101010001000010
10100001000000001011110001000011111110110100011100
01011010000001000101100000111100000101011100110000
01001011101011111011010001111000000011100011111010
11000000011011010111110000001110001011011000100100
00001100100110001010000101010011010100011100000100
11001010000100010100101011010110010101001101110111
00110110100000110010010100000000001000101100000100
00000100001000011010010100000101001111110000011001
16 68 16 11 2 0 0 5 