50
38
00000000001000000001000010010000000000
10000100001010101010000010000001011001
10000000000001010000100001100101110000
00100100000000000000000100001011000000
00000000010010010000001000000001001000
00010100010000001100000100010000000001
00000000000000001010000101101011111010
00000100000100100100000000010001000010
00001100010000000100000001000000000110
01100000000000000001000001010000111101
01000000000110001010000000000101100000
01000000010001000001111000010101011000
11100000101100100100000001100001101000
00000001010011000000000001010000000100
00000100010100000000001000011000000001
00101000000101000000000000000001101100
00000000000001000100001100000000000000
10000000000000010000000100001000010001
00000101000100000000000000100000000001
00000000000000010000010000000101000000
10100010000000101100001000000010010000
00110000000110000010000000111010000000
11110100100101100001000001001001100011
00001010000000101000100000001000000000
00000000110010000110000100010000011010
00000001010000000000011001001010000000
00100000000100000000000100110101010001
00100010000000010100000010100000000000
10010011100000000101001000101000000010
00001000100010101000001000010100101000
00001100000000010000001011000000000000
00001010100000100101100000010000000101
00000000110100011000000000001000000001
00000101000100001101011100000100000000
00000111000000011100100010000101001010
00100000000001000010010000000000000000
01000100000000010000001010100100110000
00000100001000010001000000000010000000
10000001000000001100011100011100000010
00000001000001001000101010001000000000
10000100100110000000000001000100010110
00101000000000110001100000000000001010
00000000010101000000000000001000000010
00000001000000000010100000000000000011
11000000010000000000011010110000010010
10000010000111000100000000000000000000
00010000000100000000000010010000110010
00000100000001000000000001100000000100
00010000000000000001101000000100001001
00000000011000000001000001010000000001
29 102 19 10 6 0 0 0 