34
50
11101010111001100111011111111011111111111010111110
00011111101111001111111111111110011111101111111111
11110100111110111101001111011101100111111111111101
01100111101111111110111111111101111111110100111111
11110111111111101111110111111100111111101101011110
11101011111110111001111111101111011111110101011110
01111111111110111111111011101111111111111111110111
01101111111111101111111111101111111111011001101111
11111111111111111011111111111011111011111001110001
10111110111111011111101110101001111101110011111011
00110111111011110110111110111111111011111111111010
11101001101001111110101111111001110111111101110111
11111011111111111111110111111100110111111111111101
01110110011110011111111011111111100111010101011111
11111111111111101111111111011011111101011111101111
11111111011111111111000111111110111111111110101011
01010111111111111101111111111111111111111110111111
11110111111111011111101011011111110101011111101010
10110011010101001110111011101111110011011101111111
11111111110110110011011011101110101111011111011111
01100110111110111111111101110101110101011111110101
10111111111111111100011110111111111111110111101001
11110101111111111111110111101111011101001001111111
00011111111111111111011111110111110100111101011111
11111110111011111111110111111110101100001111111101
01111110001011011111111111011110101111101011111111
10111111111111001100111111010011101111111111101001
11011111111111111111110011111100101111001111111110
10011111111101110111111011111111111111101111111111
11101011111101111111011110111111110111001100111111
11010101101111111111011111011111101101111011011101
11110111100111111111101011111111100011111111111111
01010111011111110110110010111010111011111110010111
01111011010001111011111110110111011111111010001111
115 345 59 29 15 6 0 2 