32
50
10010100100001010000000100001010100000100010100101
00000000011111010000110000100100100010000111111001
10000011001110101000001011011100100001000101010010
11000000001100000111000001010100101100010010000001
00011010000001000110000111111011001100111000010010
01000110011000000110010001100110110000100000110100
00101110010000100001110100110110000000000010011011
01000000001010111011001000001101010010100000110000
00101101000100010100100000000101010011000001011100
00000111010000011100010000101011100110010011011010
00101110000000001001011100100101110011000101010110
10100111101100101000100001010000100010101110110000
10001011000001000111001000000010000001001000000000
10000101001111001100001000000100001000101010000110
01100100101100000100001010101000010000010000101000
11000000100110010001010001100101000000001001001001
11100100001000100110100101010000010000000111010000
01010110110110001101011011011001000111010111010000
00111100101110100011001100001011101101110001000010
00110011111101101000010010101000001110101100110000
01110100000001101100001111101001110100110010011000
01011000000010101001010000001000100001000110110100
01000000101000001110010111101100010110101001101110
00100101010000000001010100110100100001000001011111
01000110000100000010100001111011101011111010100000
00001011001011010001010010000100000101010011010100
10101001000100100010101100100010000011000001001011
00100000110000011000001010011011100010101101110111
00000000001001000000001101011011001111000101100100
00101000111111111011001000110010101101010011011001
00001100001101001100100110100010000001000000100101
00101110001001100010001000100101000000001000001110
20 86 12 9 1 2 0 3 