55
50
11101100110010101110011111000011010101101101110110
01111111111111100101000011011001011111011100011011
11010111110010010011111001011011011111110111111011
00110110010011111000001100110101011011100001110011
01110000010111011111010111001010111011000101001111
10011110000101011010101101110100101100110001111111
01101000101100001001010011111000111101101011101001
01101101110010101100000011011011110101010011110001
01011111111011110110000111100111111100100111101011
01101111101011100011010111100000001001011110110101
01100001111100011100000010111011100101000010111111
01001101111011110001000111000110110101001011101111
11010111110111100110101101010011110001110000110111
10110110100111010000101111011111110001111111011101
01101001001011111010110111000111100101111000101001
01110011111001001001001001111110110111101100110101
10001010101000011010101110111110111011111110011011
11101111111011110110100101010011111111111101000010
01100010111101110001011111000101111100111111101001
01110011011011111110100110011100101110011101010011
11110000101010101111110111011100101101011000000010
00100001011100010111000100011111001000100111110101
11011101011010101101101110101000011110110000010001
10000001111110011111101010111101011110001100001101
10000110001101111111001110011111011001100101011101
10111010111101101110101010100101110011110101000111
11010111111110100011110111010011101010100100011111
10011100111111111111111100111110001110000101101001
10001110001100001111101111110111111010101100101111
11101101111011111100010010011100011101111100011111
11000100101000101111110001100011100000110100110101
01100010001000111101010110101010101100110101111101
10100101101111100010101010111011001111011101110100
00010010101100000011100111000101110010110101101010
00111101100111101010111110100011000101001110000001
11101110100111011000100000010000001000011011001111
01110001111000110000101111001001101101101011000110
10110010110101000110000101111011101011111111100011
00011010000001111001101111011101110100101111101110
11111111111000011001110011101101001111011001011000
11110100001101001110111101110101001100111001110001
11111110111110111110111010011010111100000111110100
11011011010101111010001111000101100101010011000111
11000101110101100101000110010011110011111110110111
11011010110001111011110000010000000111011111101000
11101001111100111111111011110101111110111111110111
01100101100111111111100101011111000111001100111111
00001101011101001100111110001101111101101101000111
01100111011111101111110010101111101101010111010111
00100000110001101110111111010001010111010011111001
10011000100110111101101110110011011110011000101100
10101111011010010110000001000111110111110101101100
11111111111000110110110101011001010100111001001111
10100001011110010110110011110111001110011100100111
11100100001110110101111111111110001101110010101011
49 133 16 16 6 3 0 2 