32
50
11111011110110111111111110111110011111001101111110
11111101011111111101110111111111111010111101111101
11001101111111111001111101111111110011111011110111
01111111110111100110111101101111111111111111010101
11111111111111111111111011110110111110011111011111
11111111011001111101111111111111111111101111010011
11011110101001111111111001100111101010001111111111
10110111110111111011111111111001001111111011111111
10101111110110111101111011111011110100111011110110
11111100111111111011100110011011111101100011101111
11101111100111111010111011111101111111111111111101
11011111011101101011011111001111011111011101111111
11111111111111111111111001111111111110001111111111
10111111101011111111011111101111111111111110110110
11101111111100111111111110111111111101111001011111
11111111011101101111111111111111111110111011110101
11011110111111101011111111110110011111111111111111
11111101111111100111111111111011111111110111011101
01111111011111110101011001111111111111100111101101
10111111111111110110111111110111110101101110001111
11111111111110101011111111100110110110111111101111
11111111110101011101011011111111111111111111111111
11111111011110101111111110111100110011110111111111
11101101101111111011111111111001011111110111001111
10111111111111010100011111111111111001010101111111
11111011110101110110111101111101111001111110110111
11111101111110111110110111111111011111111101110101
11010111101011111101111111111110011101111011111111
11000111101101110111011111111111111111111110111101
00011111111011101111011011101111111111110011101111
10111101110111111111011111111111101111111111111111
11011110101101101111111111111111101011101111110100
35 94 16 8 9 1 0 5 