50
50
10110000001111101100010011010011100110010011010110
00001001110001011001111000010000000010000011010001
10100001100010110000110101111010111000111101000000
01111100000001010000000100010010011100010111100110
00011000000000110001000110100011000001000000110100
00101001000100010101000011000001001011101101100000
01001011010010000110011111000110110000001011000010
10100111110110011001010000001011110010100101000100
10000000000100000111000001110011110000100100111000
01000000001010100100100100101000001000001001100010
11101010111110100011001110010011110001001000110111
00011011000000100000011000001111010100001000001111
00000111000000100110101100100101111011111100101000
00011101011110001110101000101110001101100100011000
11110100000010101001101000000001000110000010110100
10110010000101101010001010001000001001100000100000
00101001010001110101000100001100111101000000010100
00000100111001101001001011001010110001010001010101
11000000100100000100011111110010001001111000010011
00110101000100100000110100000100110100111001011001
11011001001010010101010101000101101001111000001000
01100110110000101001000010000000001000111000011011
00100000111101100000001000100001000011001101001001
01010010001000100000010100101111000010000000001110
10100010010011110001111011010001011101000001011000
00100101111010000000000000100010010110001000100110
01010010011000001011000010100000100000000010001000
00000000100000001110011000001011110010011001010000
00101001111011100010010101001001100000110111110010
11000011000110100100110001110011001101010000101010
10011101000010110111001001010111100011110110011110
01000101000000110011100110011011010011000101011111
00100000111001001000001100000111111101001001111101
10011111100101100000101100011001001000110111001110
01001011101101100010011101111001010000011001011000
10001011001001100010100100000000000100110000111000
10001110000010010101110000110010100100110000110101
00100110011111000110101110110110010000100010100110
10101110111110110100011110100100100000010010101110
10111111101111100110100100011101000011110011001100
10000000010001010100001100111010110110101100010100
01000110111001000100110000000011010001101110000001
10101111101101111101101001000111100111001110001010
01110011000100110000110010101000111100000000001010
00001010010010000110001111000000001100000100111010
00001100001010011001000000010000101010100010110000
11100101011011000000111010110000001001010110100000
01110000100010001010000011100000101110101010001101
00100000000010111011010110000100110011111010101100
10010110010100001101000000001110101100000101100001
89 262 39 28 10 6 0 0 