50
40
1000111101011000101010000111100001110101
1111101011001010100110100001101011100001
1111111111000000110111010111101111100000
0111101011111110100111111001111110001001
1110100011111000011111010001011111101000
0111011100011101111111111000110011111010
1100000111011111100001111010110100111010
0110111101101111111100111011011010011111
1110110100011011011111110100101110110011
1001110011111011011101101101111000011111
1000111001000111110111001111111100100010
1111111000001001101101001100111010111110
1110010011111001011000101111110001000010
1111111101111010101001010010010100000111
0111111101011101101111010001011010010111
0011111110011000110011001001111111100111
0110110000001001110110101001011011111100
0011011001000011011100111111111101111101
1101000110101111110101101111001101011101
0111001000011010011111010110011111110000
0011000001110111000001011110110101010111
1100000111111000001100010111110110101101
1111101000111011111100110011000001001011
0111010101011101111111011111111010101110
1101010111001110110110111100011011110110
1011001100010111010110000111100111100110
1011001011100111111101100011110110111001
1011001110000011101110111010111011001010
1100001111111101011111101100011101110001
1111111001101111110110010001011110111111
0111100110111110000100000101000111110011
1110011011110110110111110111011001011110
1100010111011001001000011011111011110001
0101111110111101101101111100010010111101
1101101110111011011101111100111110101111
0011010101011101110111111111010110011011
1101011111101101001110100101100000000100
0111011101101001110011110101111101101100
1100101111001111010011010011100001100101
1010001110111111111111100101100101100010
0011110110111100010111110100111110111010
1111011110111100110011111001111011000010
0111110110101000000001111101100100101110
0111101001101000110100000001011011001110
1011010111101011100011111110111000101110
0011111001011011101111110110101110101011
0000010111111111111001101110100001111110
1110011000001101001011011010101111110001
0000101100001101111001100000011100001101
0110001000011101111011100110101011101011
46 161 30 15 2 1 0 9 