50
36
011001111001010001000010101010000000
001000000010010100101100010000000101
010110011010111010000001110001100111
111110001101011011101110000000001000
111000010100010111000011100011001000
110111100101011000110101001100100011
001010100100100111010010110101000001
010011100010000010000000101011001001
010010001010011010001000000110000110
010000000001110001011000010100010010
010110000000110010111011000101010101
000010001010111000100000101011101101
000000000011011001000110101000100110
100100110100000001101101011011111111
001010000100100001100101000100000000
000000000000100110101000101000010010
001000010100110000110100001010000000
000100010110010000010011000000100000
000010000000100100110110001101001011
001100000110001100110100001101000001
110001001010010000000111010100011110
110110001110011011000001010001100101
100101111100011101010101010111100000
101101100011100100101101110110001111
010001110000011110000100101010000000
110010101100110010000111100100101111
110000101000000000000010000000010110
100001010011100000100110000100100000
110100110100000000001010100010010000
100000100010000101111010001001101000
100010011000000000000111100111010010
001010010001000111111110000001111010
000001110010011000010101111010100101
010101011000010000100010001001011000
001100010110111011001100110000110000
101001001010011001011000110101110000
001001011001010100100010001111101001
000100000001100001000000000100000011
001111010101011101001111010110110110
101010110000110010001110010010110000
111001010001011011100110110100010010
101000010001001011001011100010011001
000011000100000010100110001001000110
010000000000010001101011001110100110
001000010110001001000100010110000010
000110000101100100001111110001010110
000001000100000100100101100010111100
100100111001001000000001000111110100
100010110010110100011010001010000100
001111010000100000010100111011010010
15 63 11 3 2 0 0 2 