50
38
11000100111010100000001100011011011000
11110000000000001010000000000000100111
11000110111000000001000110000001001100
11001100000010110001111000000000100000
11001010000110011010010010000000010011
11100000001001111011111001001000010001
01011000011001101101010000000100010110
01010010000001100010101000010000000100
01000000000001111110100110001100101000
10010101010100100000010100001101010110
01100000001110100000010100100111000001
01011110101010001000110110110001010010
11111010100100000100011000000111001001
00010001010010110011111101100000001110
01010111011101101100000111101001101100
10110111000111101010010001001000000011
01101011010001011010000110001100001010
00100111000011000100011100010100100100
01111101010000101101011111101000011001
11000000101000101101000101000000000001
10110000000010010100000000010101001100
00010111100001010001100010001100000000
10000000000011100010001010010100011000
10100100101000011110110111001001000001
00110110101000110110101010111100000110
10101011100001111000000100000000001001
10011101000010011010000010000101001000
01001111100110000011000010001011010001
10011011011001100011010100011110000000
00000010011100001110111100101110011010
00100101001110011100110100100010111001
00011011001011000010000100101010100111
01100111010110101001000000001001100010
10011000111101011000010101001111000011
10011111000010010001010011000011101101
00010000001110110011011010100110000011
00001100110111010010001001000000011111
00110000100011100101110001000001100111
11001001000101010110100100111010010001
10000000010011100001010100000110000110
01001011011101111110000100010010001011
01001000001011000001101000000000000010
00011101101110101110010110011001000011
00010100100011000001110110000111000110
00100000000011011101110011110100110000
11110100000010000111001010010101000011
01100101000001010001100010000110010010
10001000001100001010001110001111101010
10101000001011110010100000001100101111
00100000001101000111101000110001011000
49 147 32 15 4 3 0 0 