50
50
01100100010001100111010000000000011101101000111010
00001001011011100000100101000111010100100011011100
00011000111010110000100111010000101001010000110001
11011101100001010000001000010101000011111100101001
00001111000011110001110110001100100011000100000010
11001000100100100111100010010000101100111100010100
00001001011010110100000100000000000001011001110101
00000011010010000000001000100010101110001011000100
10100010010001000101000100100110100000011100110100
11100111000000111010010001100011000000010100000110
00100110111101000001001100000000000001011010000110
01011010000111000111010110110011101110100001000111
10010100000100011110110100000101000110100010000000
10110001110100010110011000110001000011100011101001
00000100000000001010101000011111001010101000000100
01110000000111101001100100001011010000110101011101
11110110110001100011100000010101101111010010000100
01110010001110000110000100100011100001100101100001
11100001001101110010000110010110101001101010000100
00001000010011100000000100110110000010010110011100
00000011000000011100000011100100001100101000110001
10101101101111000011000000001010100000011000000010
11100100111110101010010011000101000001010010001111
01100011101000111111000110000111110011001011011000
10100110000010110111000000010000000110100100101001
01000000010100000100010011000011001000100101110100
10000011011000010000011000101001111101000101010000
10000001000101100010010000000010001001000111100011
01100001101110011000101100110101010010001110100110
11001001010011001101011000010001000110010001001010
11110010101001110100010000011000001011011001011001
00001110000010011000100000001100111100000001110100
00100100110010010111110000000000000110000000100110
00011000001001000001000000110010100100101100100000
00000101110001101111000001100000001010011000111110
01100110010000000010100110000100100111100000010001
01001000001000000010001000110101000101111110100010
00100010001000100010011111100000001111101001111110
00001001011001010100011101010001101010000001011010
00000101100000000001101110010100000100000000100010
10100010000010011010110001100010100010000000011000
11010011100100111010101100100001111110111000000000
00010000111110000000110111001100001001001001111000
10110001100111011000001101100110000111111000000100
10000011000000001010100000000001111010100110001111
01011101110100011001000110100100111110100100000011
01000010011100000110111000100010010000011110100000
10011011110000010000001011101000111110000110101010
10101011011000000100100001001001010010110000000010
11101000011010000100011001110001011001001010000000
83 256 47 30 4 1 0 0 