50
40
1100001000000011111100001000000000000100
1001111001111001100110010011010100100100
0000100010111000111000001000111010011001
1100110001010011010000010000110000010001
1000001101011001000100011110001001001011
0011110010110010101010101100000100000110
0000000100010010000000100001011000100001
0100111001101011101100111010001000001111
1000110111110010101000000001110000010100
1001011001001100010000000000010000000101
1110001010011001001001001100000101110011
1111101000110100001001010011001101000001
1011010100001000100010000100010110100111
0001011000100100111000111001100010111000
0110100111100100110100000110010001100010
1110000111110100001000101101010000001001
0100010011010000110000000101010001010100
0001000100110110111000001010101110010010
0010010011000001001100100100110000101100
0000101111101000111011100001101100001011
0101010001000100011000001010000000000000
0000101000101000010010100110001000100110
0011110100000001000001111100110101100010
0100100011010100000001100000010110001110
0000001001001000010000010001000100001001
0100101110111100011111010100101110100101
0101001010001100001000010100001010100010
0000101101001010010001000001010100000001
1001001011110010110010100000000100001110
0011100000000110111001010000110001011111
1010111001101011100001110110000011000110
1011010101000000011110000011010111001110
0011001100000001000100001100000101111110
0111101001110101101010000100100110100100
1001000000010010100001001001100010000101
1001000101000100000010100110010011110000
0000001111000001001111110100110100000001
1110000000001010011100110100010010110011
0111101100111000101000011000000001101011
1010000010101001011111000100011100111101
0010001110100010101001000100010100000101
1000000000100100001000000001000011110100
0110000011001000111001100010100111001100
0010010010010010001010100101100010111000
0111001010110110110000010011101000011111
0101000101000111011001111000001010010100
0010000110000001100000100100001111011110
0010101001000011100000100100100100110001
0110000100101011110010011100100101111000
1100010000000010001000111010101011010011
44 105 21 12 4 2 0 0 