50
40
0010101000100010000111001000000011100001
0101001011001011010000110101011100001011
0100101010000001000111010010111001101011
1010001110011000011011110001001010001110
0111100100111001001101010100000100101100
0010000000100010110010101001000001000000
1100000011110111010011110000111110010011
0011001010111101110111011101000100010001
0100000011000001000110101001100011000100
0110010011000000111011100110010111000000
0000000100000101110110001000110110000010
1100111101001000001110110011010100100000
0111010000110000111011010001011000011010
0000001111101110110110001100000011001000
1111110101000111001010001101010100111000
1010000111110001001010101110101110010110
1010001010011010011001111100011000010101
1000101000000000000000101101010011111000
1000100100010000110100010101001100010101
0101010001011111100000001001000100000100
1100010100101111000010011001011011010001
0000000100011010110111000100111111001011
0100010110000000011011000000001101011110
0011101000111011000000000100000100001101
1100010011000100011000011101000100000010
1000101100011110000100111011000101001000
1110010001010100001010010101010010010010
0100111011010000010101001001110101001000
0000111010000011100011101110010001010001
0111110000100000000011000010000010100010
0101100000111100000000010011010001100000
0010000100100010111000001000000001110110
1000000010101100100100001111001100100110
0100010010001000110000010011001000101010
0000000001010011100000100001001000101010
1101110100001110010110011001101000100000
1110010010001000001100101011100000010100
0011100100010010100010000101100100011010
0000111000000010000100110010110000010001
1110100000100101100110101010000010110000
1011000001010000111000011001010000010011
1001011110101011000111001001001110100000
0101000001010100101000010001110011000100
0111100110100111111110010100010110010011
1100000010011001010011010100000100101110
0100000100000000010100110001111011001000
0011110100100010100000010001100101010110
1100111001001000101110010110000010101000
1110011000001100001010011000011011011000
0000001010001001110001000011110001010101
15 73 7 2 3 1 0 4 