34
50
11111011111101011101011111011110111011011111011110
11101110011101111101111111111111101111111111110110
11101111001110111110111111111111111011111111111111
11111111111110111111111111111011111011101011101111
10111111111101011101101111101111111110011111011111
11111111111010111111110101101101111111011111111101
11110111011111110111111101111111011111000111101011
11100011101101110101111111011110110111111100100111
11110110111011111101111111101101011101111111111111
11111111111111111111111111001111111111010111100110
01111011101111101111011011111111111111110111101111
11100111111111101101011111100111101111110011101101
11011011111101111110111111111100011111111011011111
11110111001110111111100110011011111111011111101011
11111110011110110110111111111111110111101110010111
11111110011010010111111110110111111111111101101111
11110111111010111101001111010111100111111111111111
11111111111111101110110110011011110100111011101011
11111101100110111111110111011111100111001110100111
11111011111111010101011010100100111111111001111111
11111111001011011111111110010111101111100100100111
11111100111010011011111100110101110101011111101111
10111011111010111110111111011111011011111110111011
11100111111011101111111110101001111111111111110111
11111101111110111111111011110010001111100111111111
11111110111111011111101011011011110110101111111101
10111111111111111110111100111110011111111001111010
11101001101110111101111111110011111110111101101101
10000010110111010111111111011111011111111110111111
11101111111011111111111111111111011101111111011111
11111110111111110001111111111011011111111110111011
11111110111110011101011111111111111101111111111011
11111111111110111110011011111100101001111110101101
10111111011100011111110111011110111111101111111111
27 125 18 10 5 1 0 1 