60
50
01110010110001011010001101111110100001010100001000
00001010101011101010110110011101010100000001100101
00001100001000100100010010111110110010101100110001
01100110010010011111011010000101000111000111010001
10110011111010111110001100010111000100100000110010
00000000110000100111100000100100100010011000100010
01000000001100010010000111000000110011001011101110
00000110000001011100111010100111110000010010000001
10011000110111101000011010110011001011101110010110
00110001001000000001100111001101000100001110001101
11100000110101100010110000000100100000110001100110
10111000111000100101010100011011011010100110101110
11000000110111001010110010000000010010010010110010
11101000000010000001010000100001111101010100001111
11111111101100101100001101000100010011010010010100
10000000111100011000110101011100100111001000010010
00000000111100001010111001100110001001010010000110
11000000100000001000100101001101000000010001011101
10000110100010000100001010001111000000101011101001
10000000100001010110101011000010010000101101101011
01011101000010001001110110010010010101100110000101
00101000001010011000010010000000111100111110000011
00100000111100001100101011000011011100000101111000
00001001010110100000000100000010011100000000000110
00000110110000100011001100010111000000110000101001
11001010110101000001100001000111100010101101010000
10011011011000110010111001100101110000001001111001
00001111100101111100110101111100010000000010000100
10100010000001111000010100000110001111011010010100
00100000110010100010111000000011101100110011000001
10111101011000010001011000010100010001100000100011
11101001100000100111010010001001100101110111011100
00110011000001110010000011101100101111000101000001
00000100010011101011110011101011110011001001111011
00001100100100111000111011100000010000100110110011
11011011001000111101100010101000011101000101100100
00100000010110110101001101000001100101111110111000
00100100001000011100101010110001111100000110001000
11100100111100111101000000010000000101100011010110
10000111100010100011010100010000000000001100110000
01011110000000110001010000001101001010010010000010
00011001000000000010110101010110010010000011110010
00100001101001111010110010001000001001010101100100
10101000110001011000001100010101011011110001001001
00010011111100010001000001011000010101000011101101
11001010000000001000100000001001100000001100010101
01110000000010110010001100010000000010011011011011
00101110011001010100010001100101101101101100101001
10001000010100001110011101000001010101010010011011
10010011111001110001010000000010101001101000010001
01101101000010010100000100110101110101101110110010
11010110101111100001010011001111001010100001110110
10000010011101000101001111101010000001101001011000
11010110000010011100101001011000110000001000111000
00111000000011100011010110100101000000000000000000
11001010010010010100110000100000100011001001000010
10001001100101101000100010001100001100110010010001
11010111001111011101100000100010001110101100111110
00000101001100011110011011001000001011011100001010
11111010000001010110011010101100000010111011001000
48 181 32 9 8 3 0 3 