55
50
11101111001000010010111001111010101010111100101111
11010100010101000011101110011110111111100011001101
11110011011110111001111101001111011001100101001101
11001010111111110100010010100101011101010010001111
01100100100101001001111111000110111110011110111010
11000110001111111111010111101111111100101101001011
10111110110100000001111111000111100110111110110101
10001001111011111100100011011110100110001111100001
11001010110101110010100111111010110111100010100011
10011110100111111010011011101011000101000010110100
11100111111001011111110111100110111101110101110101
10001010110111000001011000111110110001111010000100
01011101100101011011101110000001110111101011001100
11111110001111101111011110110101111101000111111100
11011111110010001010011011010111111000101100010000
11111111010000000111111100001100110101111011101000
11111100110011011100010101011101101100111010111111
01100001100111110100111101111000100011111111100101
00011000000101100101100101000011011101001100011011
11010001111011111001001111101111111111110111110101
01010001111111110111010110111001010001110111101111
11001010000110001101101111101110101011111110011110
11001011011111100110111111001001101100011101010111
10111011111010100001011011001001100101011110110111
10001011111110010110010110011010011011111011100110
11001010100100101010101111110001101111101101000000
11110110110000011100000100000111000110101111111100
01010111100101000011000000001001110100111010010110
10111101100110010111010111111111101001101001000000
11101110111111110000011101011001111101111101111100
01101011001000101101110110111111010000100011011000
10110011111000101101011011010010110111111101010101
11000111011011101111000000100101101111110100111111
10101101011111010100101000010011011110100001011110
11010101111101111101110001010111111010110111110110
11011101100111110101100101111001100100011011110110
00001100011111011100110011110100001111001011101010
01100110011111110011110111011001001111000011101000
11011111101010011110111010001100101101001001010110
11011110010101110101011100111111101011101101010110
00011001011101101100011001111010100110011110011101
01011011111111011000111101110001100110111110100010
11100110001001011000100100111011001101110101101010
10001011011001110111000000100011000111011111110110
11110111000110111000011111001110001111110010100110
10001000111101101101100101010001111011110111111010
00110101011011110011101011011111111110000111101010
00111001101101111110100101001111110011001101001011
11110111110011010110101110001011010101111011111010
11111010000010000111111101110111100111111011011101
11101100111111011101101110011011011111010010010111
10000100011111101110111100010100101100110111111000
01001010101100101110011001011001000010000110011001
11101111101000101000111110100110111101011001100111
10111011100110110000100111101100110001000000110111
141 414 59 33 8 8 0 13 