50
40
1001010111111100111111111011111000111111
1111111110010011010010110110000110111011
1001110111110100110110101000011111001001
0010001110001110111001101011110010110011
1010110110011011110111011111101101111111
1000110011110111111011100000010101011100
0001110101001111111001011111001000110101
1101010101100101111111100001111100110011
0101110101010101011011000100010001111001
1011111010000001000011011111111110000011
0110101101011010111001100011101111000011
1111110001000110111001100111000011101110
1111101110100111001111011101100001101111
0100111010100110100110111110111011000110
1111011010110101111001011010101111011110
1010100110011111111011111101110011110110
1111011011111110011001100001100111101111
1001100101100111110000011111111010001111
1001100100100111111111100110111101100111
1110101001110011101111001111000101011011
1111110000101011010101010010111111110100
0101110011101011100010101001111001110101
0111011101010101011111101111111111111110
0101011001010101110101000010001111000101
0001001110011111101000101111110010010111
0101110111101110100001101001100111111100
1111011000111111110101000000101000010011
0110001011111001100110101010111111100011
0101111110110111100100111101000011101011
1101100001111111111000010000000101011010
1011111001001011101101011101011100001000
1110101111000001000100101101111001111011
1101101101101100000000111111101001000101
0010011110110011010001000011011001101111
1111101111010110111001110011111101101101
1111110100011101100111110101100011111111
1101101001111101110101110110101001011101
1100111111111111111101001111101111110111
0110011010001111111111111101010101111010
0110000111111010001110000101111001101010
1100100010011000010100000010110100110011
1011111100001100000000111110110011000101
1101011111001110011010011110101001111101
1111010001110011111111110111111010001100
1101111111111011110100100110011110011111
1010010010111011111101100110010101101000
1001111111000001100111010011110000101010
1011011100000111100000011110011100110010
1011010110111010111001000010101111010111
1011000111111101011101010111111110111101
32 111 18 4 2 0 0 4 