50
40
0100010100010100001100011000000000010110
0001000101000000011001000110001000000000
0101100000010110000000010100100010001000
0000001000000000000000100001000110100000
0000010010001010001000010010011100001000
0000001000000100000001000010000010010010
0101000010101010000011101010110000001011
0000000000000100010000110000000000100011
0000100011000000100100000100000001000000
0000110000000100000000000000000000100011
0000000000000100000000000110000000000110
1100111000110001010001000000000100100100
1000100000100001000001000000000001011000
0001100010000100010100001000110010001000
1000000000001000000000000000010101001100
0001010110100100010001110000000000000000
0000001000000010000001010000000000100010
0000000100010001000000010000000100000000
0000101000000001010010000000000100100100
0000100001100100010000000001101000110010
0001001100001000100000100010000000000001
0001011000000000001000100010010100000001
0000100000010000000000000000010100001001
1001000001010101000100010000001010110001
1000000100010100000010100000001000110010
0000000100100000000000110011011000010010
0000010000000001100000001100000010000001
0001010000000001000000000000001000000110
0010000110101000001000100001000000101010
0000101010000100000010000000011001000010
0000010000001100000000000000000001001001
0001000001100000000010100100010000000100
1001100010000000000000000110010000000100
1011110000011000000000010100010100000000
1000000000000111000001001100000100001000
0000011001100000000000010100000000000000
1000100110100100000000001011100000001010
0000000111011000000000010100000000010011
0100010000000010100001000001110110000000
1000010000100000101000100010100000011000
0000010001000000000000001010000010000000
0000100011000000000000001100000110010000
0100010000000001100001000000100000010010
0001000000000000000100010001000000001011
0000000000010000010011001111000100000000
1010000000001000010000000100000110010001
0110001000010100000000000110000000100000
0001000001001000000000010000110001000000
0000000001000000000001011000000010001000
0001000011000000110100100100010000110000
28 105 13 7 0 0 0 0 