50
50
10100110110000100101111101101111101111110111101001
01101100110110000011000001111111011101110001001111
10010011010110010101101101000111111111100110011011
11100111110111010101011101111101101011111111111110
11110111111011001111111111101000110010101001001111
01010010011110111011101111000111110011101010110111
11101011110111111000011001111110000110100100111110
11111111111111101111011111100001101111000010110101
11011110111011110101111100010011000111011001111110
11001011010001111001111101011101101111010111011110
11001001111000101010010001110101111110010011111011
01100101000000110001100111000011101100101110001111
00110011010101101011011011001010110011000011101110
00100000110000000011110101111100011111111011110101
11111000001110001100101110111111111101011001001000
11010111010001111110010111011110111111011100110100
00010001111000000110101111011000100010000001101111
11011110000100111111110110010000110110100101100110
11011100011101110111100101111111100111100011111011
01000111010010110111011101000101111110110110011110
11011101010101101111100111100011100011100111001011
11011110011001011011110010111011111010111100101110
11101111101111111001011101010111100111110011010100
11000100111101011111011001101011100100101010101110
00010110111100101010011011000100101101100000001110
10011111110001100001101011110111100000011111100110
11111010111001101000110001101111100101110000101100
01000000111010101111001111001110001001100001000111
11110000111001111000010010101110001111000110101101
10110011100110101010101101110000111010000011111111
10011110101111101110010011111111111110110011010111
01010101011111011100001111100110110010001001111010
01001100111100111001010111111011011101011010100010
11110000000011011101100011111011110001100011101101
10101101011110001111011110111010111010000110001011
01111110000100001110000100001111001101010100000001
01010110011111111100110011111111010011011110000100
00011101110011011011010111010111110111111110001001
01100110000000101010010101001001110110101110101010
01111011100111111011000001100110110111101110111101
11101110101101100110100101000101011001011110100110
11111000011110111011011011010111011110100100101011
10101111011000111100101010101101111011001100011000
10100111100000010110010100101111101110101010010110
11011110010111110101010010110110001101110101111001
00111111110000011011010000101000101101001100001110
01100100011110101010101001100110111010001111101111
11111010111111101001111110010010100101111001111010
01010100011001100111001010011001000100011101010001
10001000111100001010111001010110000011101011101110
107 264 40 25 10 7 0 10 