50
38
10101101001111011101101110100101011010
11111111101111111101111110111111111110
11011111111110101111001110111111111111
11110110010111101111110111101111100111
01111101101101111111011111011101011101
10101111101111111110001111111010011101
11101111100001111011111111011111111101
11011111011111011111110110111111011110
10111101111111010111001011111110111110
00101111101001011110110011110111111111
10101011011111111111111111101100001110
11111111111111111100111111111011110010
11010111111110011011111011111111111010
11111110110111111111111111111011111111
11111111101111111111111111111111111101
10101111011011011101001111110111101111
11111011111011111111110111110011110111
11101111011011111111111110000111101101
01111110001111111100100111111111111011
10111110110111011111111111111011110101
10111110111110101111111111001111111110
11111110110111111111111111110001111111
11110111111111111101111011111110110111
10110110111111110011110101111101101001
11101101111111111111111011111111011111
11110111011111011010111111111110111110
11011111100111011111010111111011111111
11001010001101010111101111110111111111
01010111111010111101111110111101011101
11111110111110011111111111111011111111
11111111111101111101101111101111101011
11011101101101101110111111110001100111
01111110111111111101111111011001111111
11011010101110111111111111111111111110
10111111110111111011111001111111111010
10111110101111101111111111110111100111
11111111111011101111111011111101100111
11111111111111111110001101111110111111
11111111111011111111111110111010010111
11011101111110111110110110111011111111
11111101011111101101111110111111111111
11111010111101110101111111111111011111
10111111111001001011110111111101101111
11111111111010011100101101111011001111
11111100011111111111110110101111111111
11111110110011111101110100111111110111
11101111101111011111111110101001111110
11101100111110111111111111101011111110
11111111110011111110011111111111111111
11011111101100111101111111110101101101
102 324 42 21 5 4 0 8 