32
50
11001101111010000000001101101001010000000111101000
11010100100100000100100001010100000100110010110100
00100000111011101011011001000001001100110010100110
01000001101010100001101100101000100001110001110001
00000100100101100101000101100000001011001010011111
01010111110111101001001001001000100000100101000000
00000000000001001111001000101000001001111100111001
10101011101100110000000011010100101100010000000000
11001000110000100011111110110010000110011001111111
01100111100000011001101011011001010110111000011011
01000000001001001000010111101000111000101100010100
01000010001000000100011110101100001111011000100010
01010010000110010101011011001100000001000001100010
11110100101010011110010011000010100101010000001010
10111111111100001011001000101000100101001001111000
01100110101011011000000010101101010011000010100010
11000110011000111000000000000100000000000111000010
10000001110100000001000000101000011100110010010111
10011100110110000110101010000010111000000001011000
01111110100011001100011101101001111100000100001001
01100001011010001010100001000110000010111000000000
00100001101010110110000111110110011001111000101011
11010100000010110111011110000101100011110100000100
00001011101100001001001101010001100000100001010100
10100101010000010100001001110011101110001100010010
00001101000110100100100011100000100001101101010100
11010010010001000010011001100110000010010100010000
00000001010000010100001010010110100001100111100111
00000011000100100100001011110001000001010100111011
10111000000010011111110100100001001000000101001001
01011011001111101100011011101010100100111000000110
10001010000110101100001110000000110011110000010100
39 121 17 9 8 4 0 4 