50
40
0111001111111101001011010001001110010110
1101111110110111000101001110100011100110
1001011011111001110011110100111011111011
0001010111000111001101111101000110111110
0011101001101001100011101111100101111101
1011001011001011011011011111110110100111
1000001110011010100010100101001110110101
1111111011110011111101111110101101101101
0001110100110110011101000101110100011111
0100000010011111111111111011111110111011
0010111010010010011110100010111111110011
1010100101001101101101101011111111101011
1011011111010101010100100101110011011110
0110001110100010010110111000011010110000
1111001000010001010001001100101011101110
1111010010111111011101010100110001111100
0010101101001010001110110110011111111100
1011110111100001000111001111110110100001
1011111010110111110001111111100000010111
1110100011111110111000100011010011001110
0010010000101011011101111111110111111111
0010010001010011001100101111110010101011
1000011101101010001110000111001011101111
1000111110110011101000000011011111100100
1100111010101100111111111111010001101110
0111000111001011011000100101100100011101
1011100001111000011111111101001110111111
1110110100000111111110110111111111000011
1100001111000101111110000011100111000110
0111001011111110111111111011111111001101
1110001010000011111010011111101011010111
1011010100110011101111000101110011010011
1111011100101011100101111111111111001011
0100010010001111101011000111001011011111
0011011111000111000111110101100010011101
1100111111011011000111111110110101111101
0100111011110111110111101001111100010011
0111011111011010101101010011011010011101
1000011011101001111110001101010101110100
0100111101110111100101100111100110101011
1001001010101101010001110110100100111011
1111011111111001100011110101010111111100
1011011110001001101110010111100111101010
1010111100111101110010001011100001111011
0111111111001101100101010010110011000101
1110111011111101001101110100101100111111
1111111111101110011110011101011011110111
1111010011110011000000010111110001010110
1100011111010110011100101001000110111111
0110011100001001100101100011001011010000
116 305 54 19 7 3 0 9 