50
36
010010000010100001000000000100001000
000101001000000001100000000000010000
000000001000100000000000000000001011
000000000000000010000110000000000010
001000000010010001001100001000000100
000100000100000101011010110001000000
011000000011100100010001000000001000
101010000000000001001100000001000000
010100000000000011010010001000011011
001011100000000101000001001100010001
000000000000110001000000000100000000
000010000000000000000000010110001100
000000101101100001010010000001000001
000100100000101001000001010110000000
101100000000100010010100000010010000
010000001110000011110101000000100000
000001010001001000011000101101000000
000000000000000000011101000010010100
100010001010000110000110001000000000
000100000000000001101001000000101100
001000000100011010010011000001001000
000010000000100000100010000100011000
001000101000000000010001000101000000
000000000000100100000011000100000110
000010000000001000000111000010110100
000000001010110011011011100001000000
010000000000001000000000010000000000
000010010001000000000000001100010010
000000001100000000100011000000000011
010001100000100010100000101001000000
000000110100100000000000000000000101
000101011000010000000000010000000010
000000001000000111100000010000000000
110100000010001000000001000000010000
001001011000000010000010000001000000
010100010100101000000000000000100000
000010000100000000000100101000010000
000000000010000000110010010000011101
111010000000000000000000000000011010
101010000000000100011100010000010000
010000100001000000000010010000001100
000001010000011100000000100000000000
010000001001001000100000000000000000
000001000110010001000100000001010000
001100000000101100011100000001000000
001000000000000100111101110100000000
100010001000000000111110000000000010
101000100010010000100001000010000000
000000001001000000000000000000101000
001000011000000000000010000100000001
18 35 5 2 1 0 0 0 