20
40
1100000111111001111110100111111110101111
0110111010011110111111100101011111111111
0111111111011011111111111111101111111101
1111100111110111110111111111011111111111
1111111110001111011111101101110111110111
1111101101110110011101111111011111111111
1111111100111110011110111110011111101111
1011011111111111011011110101111111111101
1111011101101110110110111111011001111111
1010011111111111111111011111111111101111
1110000111111011111111110111101111110101
0111101111011111111010111111111111111110
1111111101011010111111001110110111111111
1101101011110111010110111110111010111111
1110111100111111110011101111101001011001
1110111110111111111000111111000010010101
1110111111111110111101101111111101101011
1101110111111111111010110111111111111110
1111110111110111100111111111111011111111
1111111111111110111000111011101111110101
41 118 16 11 4 5 0 4 