50
50
11101101100011111110110100111101110101111111001011
00111111110110011100111110001010111110010101001100
10111000101011101011001100011111111100000010100001
10100011110110110010001111011010101111110110011101
10111100011110100111010101111111011010111110110001
10000000110011101001111000111110111011011101110010
11101011111011001101110111011110011011011001101011
01110011011101110011001111101111110100110001100011
11111011010111010110110000111110010011001111111100
01111111010111011010100111100011011111101100011000
01100100011111000111101010011010010111011000010111
11111011111011001101101001111010101111000011111111
11011101011000011011110100010111100011110001101111
11101100001011100000100110101101100100111011011111
01110010101011011011100100110010010010111111000001
00100100011000001101000111011100101001101010101001
01110011111111001111111010000111101100100011110111
01101101010111010010000001100111110000100101100100
00010000000100100111111110101101111111010011111111
10000100010101101111011111111001110100010010111100
00011011110111110000110010001111010101111111111101
01100000111000111011001010111101100100011111111001
01101111011110011001111101100011010110111111011111
00110111110001010011011110111100100111011011010111
10101110111011001011111011011101111100011111111101
11110111100001011110111011101100011100000110100101
01100111000000011100101010011111100100110110111011
10101100010111010110011011010111010011110101001111
11111011000011010101011100111010010010110111001010
11100110111100100101101001001110110011111101001010
01111111011001101110100110001011010000110101001011
11111001010010111110011000000111111111110101011000
11111110001001111011101111001101101000101001010110
00011110011111111110011110100111011100010100110011
11000010100100111111101100000110110111100110100101
10011011101010101101101101110111000111001111001111
10010110111100111000001111111111110110111100111011
11111001111011110110111111001000001101110010101111
11100111011110000111100111000101101111000100010110
00001101110100011110000110011110001111100011111001
00110101110011011100111001111000111011010110011101
11011010111110100010000110111101001100100011001111
11011100110010100010011010100101011101100110111010
11001010001111111111110000000011000010011110010001
10111111100111010010010101110010101101101001101110
00011111111111011111110111101101110110111111010000
01000101111001011010000000001101110010010011101011
11110100100110000101110111010101100010001001001011
10111110001110011111011101011111111111011001101000
10100100101111101011010111010101110000110110110110
49 205 39 17 4 4 0 7 