55
50
10111110000111011111101101110100011100111100010100
11100111110110110111011010100101100111111010101101
11001001011101001011001110111111100010111111100010
11001010011011010001101110000110110101001110110101
01100111111001111011111010110010011101110111110001
00010001011011101010111011111110111111000110110111
10000101001111110011100100001111100111110011001100
01111111100110010100001111100101001110110001110101
10100001000011110110101101101100111101010111011111
00110101010110011001000011000111011100001111100111
10011111001110110010100101110110100001101110010101
01010110111010100111101100110111010011000111010111
01000010011100010010011101100110111111111011000010
01111111011001111100111000111000101011011110001111
01001010110011111110010010101001000001100111001111
01110110111001100110111111011111110110000101101101
01011101110001011110111101010011000011000111101111
10111101111111101011011010001000111010100010100001
00101110111110000011000111101110101001111010110111
11010000110110110111011001100110000111101101110110
10111111101100111101110101111111101110011011011011
11110001100111111100011101101000101001001110100111
01100011011100010111010111000101010110110111111101
11110101011110010011111110111001011111100111000011
01101000100110000111110100100010110010101010111101
01001101001000110000100100001111111110100010011111
11010101110001011110011111111110101001111000101010
11010101011111011111010011110111011111011111100101
00111010010101110111110111111101111111111101111111
01101001111110111111100101001011100101101111101001
00001100010110000011110011011001111011111001101001
11111101101101001101110100000001011100000110100011
10001101111000111000011111111010001100000110101101
01101111011110100010001111010101011110111101011111
01111111110111101101010100000101001110001011000011
00110011111110100001010111110101011110000001010001
00100100010110101000011001001111011111101110000001
11000110001011101111011011011101110111011111011001
00110110111001101101101111101101001101011111110001
11011111000001011111110110000010100010011111111100
10011011101011011111101001101110011110001111001001
00100010011110011110111100111111001111111110011100
01111110010100010100101110010000010101011011110111
10011001100101101001110010111011100010010011111111
11000010000111011111001110111111100001100101111100
00100101110011010111011011110000110011000110001011
10111111010111011101111101111001001101001110011101
11011110000101111011011111011111110011111001100111
01011010100010101100111110101011110110101100101001
01011011111011011110011000001001110011000000110100
00000011110111010111111011011011001001011110110011
10001101101100001011101101001100101000110000011111
10100100011001110100001111111101001111011110111110
01111111101001000111110101111101001011111101100101
11110111111111011001010000100110110111111010111010
114 316 51 27 11 3 0 9 