55
50
11111111111101111111101110110110111111111111011111
00110101111100111111111111110101111101111111111011
11011111111101111001111111110101111101101011111111
11111111111111001111011101111101111010111111111111
11111111111111111111111111110010111111011111101111
11011001111111110100111100011111011111111100110101
11111111111110111101100111110110111111110101111110
11111111111110111011100111111110111111101111110010
11111100111011111101111110101111111101111011101111
11101001111111111111110100110111011101101111111111
11101111110111110111110111110111101011111101111111
11011101101111011101110011111111111111101111011001
01011011111111111110111110111000110101111110011111
10111111011111101011111110001111101111110000011111
00101110100110101011111011111111111011111111111111
01111111100111100111111110111111011111111111110111
11001111110111011100111111111101001111110111001111
01111111011111111111110111111100010101111111011101
01111100101111111101111101111111111011110111111011
11111110111111111111111111011111111110111110111011
11011011101111111111011111111111110111111111111111
11111110101110101111111111111111011001100011110111
10101111011101111111000111110011111110110110010111
01111111111110101111111111110001111011111010011110
11101111100110101111011011111101111101111010111111
11110111111111011111111111111111111101111110011111
10111101110011111101110111011110101100111011111000
11011011111111011111111111111111111111110111111101
01010111111111111001111011111101111011110111010110
11011111111111010111101111011011111011101011011111
11111110100111110111010011111011111110101111111111
11111110111111010111011111011101111111111111001111
10111101011111101111011111001011101010110011011111
01101011111110101111101101000111110111111011111010
11111111111110111111111111011101111111110011011101
00111111101111011111111111111010101110111010110110
00111011111011111101011111110111111111111110101111
10011111111110110101101111111111111011011101111000
10111001011111111000111111111011111111111111111001
01111111001111101100111111111111111111111111111111
11111001011011111111111110111011100010111011101101
11111111111110111111111111010111110111100110111111
10111111111001111101111111110110110110111101110111
01111101111011111110111001111111111111101111111110
11111110110100111010011111011111010011111001111110
10111101011101111101110101110111110011111111111010
11011011011011111110101111001110111111110111011111
11101110101110111011111011111100101011011111111111
11111111111111110101101111011111111100111111001100
01110111101110111001011100110111111111110111101101
01111110100111111111111001110111010110111010000110
11111111111110011101011110000111110010011111110111
10111111111111111110101111111111111111111111111111
10101111111111111110111111111111101111111010111101
11101111101111110110111111111111111111111101111111
191 509 99 58 12 3 0 22 