50
40
0101000000000100000000101100000100001100
0100001000100101100000010010000000110001
0110010000010001000000001010000100000110
0000101001000010000100100000000001001000
0000000001000101000100000000110000001001
1000000000000001000000100010100100000000
0000000000000010000010011000001100001000
1010000000000000000000010000000000101000
0001001110000101000010000000110010100000
0100000110000010000000100000000010100100
0000001001000000000000000000000000101000
0000100000000000110000000010000010000010
0000000101000000000000100010000100000011
0010010000000001000000000000010000000000
0001010100000000000100101000000001000000
0010100000000000010001110000000010000010
1000000010000100000100000010001010001110
0100000000001000000000010000001100000000
0010001000100000010000000100010010000101
1000000000000000000000101100010000010001
0000000001010000001100010000100000001000
0000001000000100001000000000100000001000
0000100000100000100000010001000000001100
0000000011110110000001000000000000101100
0000001011010000011001000001000000001110
0100000100100000000000000000000010101100
1100010110000000000001000001000000100101
0001000000100100000110000100000001000010
0100100101000000000000000100001001000001
0000000000000001010000000000000100000000
0010000100000000000000100001000100001000
0000001000010010000001010101001000001000
0000000000011100001000000000100000000111
0011110100001000000000001110000010001000
0000110000000100000011011000100001000001
0000000100100010100010010000100100010100
0000000000000000010011001101000000100000
0000000000000000100010100000000001000000
1100010000000010010100000010010000010100
0010000000101001010011100100000100000100
0000000100000010100001001000010000000000
0000010110001100000000000010001100010001
0000111000100000001001000100100000000010
0000000000110001011000000000000000100101
0000010101000000000000000000000100001000
0000000010001001010000011100110001001000
1000001000010010000000010111001000001100
0000010010001011110001100000001000010000
1011000010000001010000000001001000000000
0000001011000100110000000010000110100000
36 127 13 8 0 0 0 0 