34
50
00000100110001100011001000101101000101001001011001
00011000011001100101000000000000100001100000000000
00001000010001100000000110000000000010000100000001
00110000000000000000100000000000000100010000011000
01001100000000001000000010100100000100000000010001
10000000000001000101100001000100010000000001000000
01000000010000100000000000001000010000000001110000
00000000000000110000100001010000000000000001010000
00000000001000000000010000000001001000100010010000
00000100000001000100110100100100001101011100100010
00000000000100000000000000000000000000010100000000
00001010010000000000010000000010100010001000101000
10001000001000000010000000000000010000000010010001
00010000111000001010000011010000000001000001011110
00000100010000000000000000001101000100010001101011
00010001100100000000000001110001000000000000000100
00100010001100110100000000001111100001000001011100
01000000100001000010000000011000000000000001101000
00100010011000000010000101100000001100001010000000
00000000001000010010000000010000000000010000000110
00010000100001000100110000010000010111100000000001
10100000010101000000001000000000000001000101000011
11001000000000000000000000000000000011100101100000
00000001001100001000000010100000001100001001000101
10001010001010101000000000010001000001000000001010
10000001001000000101001000000000000000000001000000
00001000000100000101101000000000000000001110101001
00110000001000000010000000000100101000001010100110
10000010010100101010010001000000010001000000100000
00000100000000000001100000010000010011000000001000
00000100011000010001000010000010001000000010000100
10100010000001000001101000001000000000100010000000
00001110010100000000000100110100100100100000001100
00010001100000001001101000000000001000000000000100
37 93 22 7 1 0 0 0 