32
50
00010111100010010010001101000000010000000011111010
00010001100000000101000101101001000001101010101101
00000111100000110001000011000100100111000001001000
10001001000110101001111010001010000011001100100010
00100001010010000010011011111100010001100100100101
10011001110010010100010011001010001110101011110010
00000000010000000010000110010100001000000011100000
01000000100101110110110000011000101100101000100110
00010111000101000001101001000101101010000000101001
01010110000000011001111000000100110010101000101100
00001100011110010110110100001001010110111000000010
01111100011100000010010011100000010101100101001111
10011010010101100011011010010000001110001010111011
11010000010010001111110110010110001001101000100000
10111000011000000000011001001000100010100001110000
10010010001000110100000100011001000000000100011100
00111001010000011110000000000001000010101001000000
10001110000010101000100010000101001100001010000011
00001101111000010000101000100101000100010101000000
10000000010000001000001100000001010011110000011011
00000011101000110110001110101110011100111001100000
11010001111010100000110010101000010000000000011010
11011001001111010000110101100100100100100000000010
11000011001010001101001110000101001101000101100010
00101011000001110001110100000000001101100011000110
11100010010101011100011010100001100111101010010100
00100111010010000111010110100001111101111110000000
00000010101000111110011000010111111101101011111100
00001110110010100101001000000000010000000001000101
00001110010000000000010011100001101100010011100010
11010110000100000000001110000011011100100000000101
00000110000101011010001110100011010011110101000010
37 82 15 7 5 1 0 0 