50
38
11111110100011110111100100011100011110
11001001001110010111111100101111111100
01101111010101011100110010111011111111
10110110100000111110110111011111110111
01110111110010011000011011011010011100
11100101001010000000001001100011100011
11100111001000011111111010101111011010
00110000001100110111001010111110100010
11011111100111111111100111011111110101
11111010101000110101110000101111001101
10100101001100110110001111101011101000
11000111001001001011100010100110101011
01011000011111110110100011100101010011
00011100001001011110001011011111011111
01001101101011001110111111101000101011
10101111011001111110100110011001001001
11011101111011010001000110110100010010
11010010011000111110101111110001010111
10001010011111111011111111100100101111
00011011111111101001000011110111101101
00101111011101110111100100000101001011
10110111011110011111000110011010011110
11010011110111101111100111101111110000
11111101111100101100001100110111111000
00011010011100000101111010111110110010
00001101000001001000011111011011010110
01110101111101111011111010110111011010
01011010100111110101111111101011010111
01101101101010001010111011101111111100
01101000110111111001110101101001011111
01111111010101110101111011100111101110
10110110001110100111011010111001111101
01010011000100111011110110110011111110
00101001101110110111110111110001101101
11001101110100101100110111101100011000
10001001110011111100111001011111100101
10011000110100010111100111101011100111
11111110101100110011101101100110101110
11101001001111000101110011101001011111
01001110111111110000001010111111101010
01100001111101100110111011111000100000
01000001110011001011110111010110010001
01001011111011010010101111111111111100
00110101111001110111011101010111010110
11011110111010000111111001101111111100
01011011010110011100100000100100111110
11011101100011101110111101101111101110
01111010001011010000101111111010011010
11011010111111110100111010111110011101
11001111000000101111111111000111110001
107 307 53 15 5 5 0 5 