55
50
00000010101001010010100000100010111111001000101010
01101111110110111101001011110110011011100001010001
01011001101010101100101011101011010011011001001111
00101010111001111001011111111001101001111011001011
00110000111110111011110010010011110011011110111100
11111110101100000100101011100111001110101111111001
01110101001010111011011111101110111101101011101100
01101110111100100100111110111110001110110011110000
10111111101001101010111101111111110011101101000011
01110111010100001100111101001001000110111101011100
11110011111100101010011011101111110101100110110110
11000111100111111100101011100111011110101101011111
01100101110010011010111100111101000011111010101001
11111010110111001111101001101011111011000011100010
11110100011101000111101101110100111111110111110110
01111110110110100110011100110110100011101101101100
10111100110100001010111000101101011111101000011101
10011110011100011001011111100110011011011010010001
10111101111100010011001101101111101111011010111011
11111111111100100110111111110101111111001111011010
10001101011111111111110100101001101110111011100011
11001101100001100110010000010011110100100011110100
10011011101011010111101110110011011011111101100101
11010011011010000010111001111101100111011110001011
00011110001100100101101111101011101111111100101011
11101110101111111011010100001011001001110011111111
10000111010111000111011101100001001111101111000101
11110101111110110001010100011101111110011110110111
11100111011110010010011010100111111101001110111000
11111011010000001010111001111111111110101111000011
11111111111010100000001001011111011001110010110111
10011111011011111011110011010101110111000110110110
01001110011111010110000101011100001000100100100111
11010110111101101101011111100001011101011001000111
00011111001111011101101111110100011111111111001001
00011001011100011001101001011010100110001011010110
11110001011000011100010001101111111100101100111111
11010110100101100101010011110010100001011010011111
10010100111001100111110111001111011100111111010100
01101111000001100100110110110111111011111101011001
00111111100111111010001110010111110111111111101011
01000100110001111100101011111101001111001110110100
00000010101011110100111110000001011000101101011111
10001111011001101111111001011111110101111000110010
11011111101010011000110111111011000110000110110111
01011110101110100011010000111101011100110101010000
10010001101100010110110110010010000111001101011110
01111010111101001110011000000011110011111111110000
01110111011111111110011110111111010110111100110010
11011000111111001111100110000111110111111110101011
10000110011011111100110111110001001111011111110111
11011110010101110100110111100011111011000110001001
10000011011101011111111010101000111000100111010011
00101111101100101010010110000011111000011110111111
10011111110011111111001110101001101110001111011011
112 311 67 25 11 5 0 6 