34
50
01111110011111111110010111110011110111111001111001
10111101111011111111111111011110110111111111111100
11110011111111110001101111111100111101010101111011
11111011101011111110111111111011011111110111011111
11101111011110011001111111101111011111011110011111
10011101101101111111101011110111111111111101111110
10011111110111111111101111111011111111101111100111
00111011111110101111011111011011110101111011111111
11101110111111101111111111111111111111011111111010
11111110011111111101011111101011111100011111110011
11001111011111111111111111110111111101111111110111
10011110111110110011110100111101011111111111011111
11101001111011011100111110111011111111010111111001
01111011111010101010111111111111101101111111111111
10011111100111111111110111101111011100111110111010
11111110111111101101011100111111111111111111110111
11111110111111111011111111111110101111111101111101
11111110010111111111111110111101111111011010111111
10111111001111111111000110111111111011011111111011
10111111011111111101111110111101111111011111011110
11111111111111110111111111101101101010111111111111
11101100001111110111011110111111011111111101010111
10111011011111100111011111111110110011101111110111
10111011110110101101111111011100101111101101101011
11101001100111111111110111111100111110001001101101
11111111111101110010111100111111101101101011111111
11001111111001111110011110001011111011101111111111
11101011101100110111011101111100111111111111111101
10110111111011111111100111111111110011111111111111
11111111111011010011001101111101011111101111111101
11001111110111111111100011101111111111111111101011
11111011010011101100111111111101111111010011101110
01111010001111111111101111110111001110111111111011
10110101010111101111111111111111011110101101110001
84 263 44 19 7 4 0 9 