50
40
1110011110011111111111111111101111101010
1110011011111010110111111100111111111111
1011011111001110111101111100111011111011
1111111110011001110101111111111111011111
0101101111110110110101111111110111111101
1111111111111111111111111110111111111001
1111101100110011111011111111110011010010
1101111010110011110111111111011111010110
0011111110111101111011101111011001011111
1111101111110111010111111100111010111110
1111111111111111111010100011111111011101
1111110010111011111111011101011111111111
0111001111110111110011111111011110111111
1111111111111111101111010111111111111110
1111101111111011101111011011111111110111
1111100111111111110110111111111011101111
0111100111110111111111011111110001111100
1111111111111101111111111111111111100101
1111010101111111001101110010110011111111
1101110111011111011111111011001111111101
1111010111100011111100011011101111001101
1100101111111101111111111111111101110101
1111111101111011011011111111111111101111
1011101101011000111101011110101111100110
1111011111101011111111011011011111111011
1111111001011011111111111111101011111101
1111111011111111110011111011011101111010
1011011101101111101111110100111101001111
1111110101111111111010111111111110111110
1111101100101101001110010101111111111110
1001111011111011111111111111110111111111
1011000010111101110100111110111001111110
1111011110011111010111101110110111110001
0111111100111101101011111110111110011110
1110111110111111101110011111111111111111
0001111111111111011111111111111011111100
1110111111111110111001111101111101101101
0111111110111110010111010111011110000011
1111110111011100001111110110000001111011
1111110110111110111010101011111010011011
0111011111101100111111100111011101011111
1111111001100011111110111111011111101111
1110111110111111011111001001011110111111
1111111111011111111111111111100111101111
1111110101111101011011110001101101101111
1001111011111111111111111111111101111111
0011110011111111011110001111111110011111
0110111110111101111111111111111111110101
1000111110111111111110111111111011101100
1011011111011010101111011111111010101101
70 215 31 22 6 7 0 5 