50
50
10010011000111110101001110001111101001010001111101
11111101100100111111111111101000010101110101101111
00111111101111110101000001011011111110111011101111
01010010100011010011011111010101011000111000101111
00000101001011101101010101111110101110110110011001
11001011100110110110101011011001111101011011000100
11011111101111011111000000101010110011110101111010
01011111000101000101111110111110010011101111010100
00100010111110101110011000011111100101111111010101
11001100011111101011010101111101010111001100101110
11110011111001011010010100011001111101111011111111
11111101001111101111011101101001111101101101000010
11111111111100110000011010001100001101101101011011
10111110110001010110111001011010111011010011101011
10111111111111011000111110101010011000010001010010
11100111011000111010111001111110001111111111101110
00110101111001100010110110010001111111101111011111
11010111100111110001111010101011111001110111110100
00101011100110111011111011001101110110101100101111
11111111101111000000010101111100010101001101011011
01101110001011101110010011111111011001111011011110
01110111110010111000101100111100000011101111110011
01111100011110111001100001100101000100011101110011
11110111100010010110100111110010011111010001111110
01110101010111000000101100101101100101001011011011
11011001111111101110110011110000101001100111110010
11100101110001010000101101111111010111001011111110
01111010101111010110111011011101111110010000000001
11110101100100010101101110101100101111110111011110
11101101111001010001101111000001101110001111111100
10010110011101101111011010111111101111001110111001
11100101010101110101001101110000111101111111111010
10000101000101100011100011110111010101100110011011
11011100100001011100011010010011110111010011100001
01111111101111111111011110100101111100100100111001
11110110101111101011111100000101001010111110110111
10110111100011110001111111001011010100011110111110
10100101110001011010011100001011001111110110101111
10010010011101011111000001100010001101111100101010
11100000010111101100110111110111101001100010011011
10010010010111010111001101011101111011100100100010
10010010111011111001101010110011111100011111110000
01011111100110010010001001101110100111010011110110
10011111111100111100011011001110110000011100101010
01011100001000001010011111010101011110101010100110
00011111110010111111011001110111100011110000100011
11010110101111001101111011101011000100101011101110
10111111101100110000000111001001110111100011010101
01101001001011111100001101100011101111111111000111
01111001111110011000101010101110110010110000011111
107 381 64 28 13 10 0 8 