34
50
01100110100111100100101000101110100101111100000100
10100000101010011001100010010011011001100000100110
10100101110000010000010010101011001000100101100110
00000101000001001100011000010100011011011000101100
10001100001100100010000100011000011010100001001010
00010101000111011001011010000101011001000000110010
01101000011010101110000000000111000010010000010110
10000001001100010010101000111110110010010000001011
01000110011110100000000110000010000101101010111110
11011001001000010010110010010100010110110000101110
00011000000000000101110001100010100101010010100110
00001000101010101000101000000110010001000000011100
00101000000010001100011010000101000100100100000001
10110001101110101111010010111011011000111011011010
10101110010011001100010001001000001100000000011111
11001100000111100010001000011111100001000101000100
00100011011000000010011000110100111011011001001000
10111100111111100000110010011111110110100001000010
11110011101111111010110001001100010010001110100010
11000001110101011000010101110000111111011101001001
00100000000010001101111001111101000011000011010000
10101000000000111110001000000111011100100001110100
01101001110000000001110010100110001110011011100011
10001110101001010100100111110000001001010100101011
00011000010000101101111010100100110010111001010011
11001010110101010111100010001001000111010101010100
00010100010001111001000010011111010011010000100100
00100111010000110000000010101011010101100000001110
00100000011001101001010100101010000101000010100111
10011100001000011001011001001000000000010000001001
01000110010000010011011011000111000000000000100101
10001000000101111000100110010101100011010010000110
00001000110010110001110000101000111000001010100000
10001001010001000011001100100101110111110000001000
66 182 26 13 12 1 0 0 