50
40
1111111111001111111111111111001111111101
1100111111111110111111111011110101111111
0111111111111011001111111110110111011101
1111101101111110101111110111011111111111
1111111111111111111111100110111111011101
1111111111111000111111111011001111011111
1011110111100111111111101111111111111111
1101011011101011110111001111110011111110
1111110111111111111111111001111111111111
1110111111110000111111111011110111111111
1101110110111111101111111110111101011011
1111111111011011011101101100111111111111
0101111101101111111111111001110011101111
0011111111110101111111111111111111111111
0111111011111111110111010010101111011111
1111011001010111011011110110111011010010
1111111111111111111110111111011111111100
0111010101011110110111111111110111111111
1111111101111110111111110111101111001101
1111111110111011111101101101111110110101
1011111111111111111101111110111010111111
1101111011011101111111100111110111111111
0111110111110100111011111011010101111111
1111111111111111110111100101111011110111
0011101101101111111111111101111111101010
1111011111111110110111111111111111111111
1111101101011101111111110110111111011111
1101111111010111111111010111111111111011
1101111111111111001011111011111111111110
1100111111111111110101111101111111000101
1011100111111111111111101110111111001111
0110101111101111110011111111111000110111
1110101100111110110111110110111101011110
1111101111111100111110111101111110011111
1110011000110111111110101101111110111111
1111111011111010101111111111101111110111
1111011110010110110111101110111111100101
1111010111001110111111111111111111110111
1111101111111101101011101111110001111110
0111111111110111101111111111100111101111
1011111111111111101111111100111011101111
1111111111011111001111111111010111111111
1111111111111111110010111111110110101111
1011111101111111111111111101101111111011
1010111110111111010010110111101110101101
1111111010111011111011110111111111111111
1010101111011100101111010111111001111111
1001111111111111011011111011011011011111
1111111111111100011011111001111100110111
1111111011111010111011011111111111111111
117 376 75 31 12 2 0 23 