50
36
101110101100000000010100000100000010
001000000100100001101110110110000001
011101101100001010101000001001011100
111000010100100000011100010000001001
101000001100110010100110101101001011
001010000000010101000010000100100000
100110110010101000110001010111010000
000111100000000110111000110010001100
111000111101100100000000010100110110
101001101001010001000001010010110110
000100100101011011000000001010011011
001000100100001101101001101001010000
101011111011101000000000011001000000
110110100101100100101000010101000011
000110010000110101000100100111110000
010111110100010000010111000100101001
000000011110001111110111100010111000
011000000100000001110000101000011100
011001000001100000000011000000000001
001000100011011000111010000000111011
000001000001011000110101011001011100
000101001101101011010101000110100100
110001111100100101001000001011000011
011101110000000111110000001001010000
001000100000000100101001010000111011
101010011110101101000101000000001111
010111111011001001110101110110111000
001111110011011110100001100001000000
011111001111101010100010010001110100
010000100010001111111101000010001100
101000011110100101000001001000001011
001001001001110100111001100100110101
010000100100000001100001001000011110
010010101100010010010010000000000011
110101110000001111010000001011000101
000101010010010001101100001111010000
000100110010000001100010011101011001
010001100000011001000111000111100000
100100001110000010100000110010110001
000000010001101001000000100000011000
011100111110001010101101100011100010
010000001101110000001000101000100010
101000001100010000010010100101110001
010001001010010011000001000110010010
101110001110110010001110001011110110
010001000001010101110000101101001000
000010000011011000010100101111010010
011001010010101000110000011100001000
101001010111100100100110110011000111
000000000100001000100010011101100100
34 95 15 10 4 1 0 3 