34
50
01111111001111011111110101101010111011001111111110
11001110111011001111111101111111110111110111111111
10011111110101101011111110111111111101110111110101
11001111100101110001111101111111111001011111111110
01111101010111111111001111101111111111111111101111
00011111111111101011111111111111011011111101111111
11101101110011111111101111011011110011111111100011
11110111110110111111111110101111101111101111111111
11101111111100101110101111010111111111111111111011
01111111111111110100011111111100110111111011111111
01011101110011111101100101111111111111101111011111
10111111111110011111111101111111101111111001011110
11111001111111111011101111110111100111111111110111
01101111111111010111111110110111111101110110111101
11111101111111011111111011111001001111110111011001
10111011110111011111111101101010010111011101111111
11111111111111111111101010010101111111111111011111
11111110111110011011101101110111111011011101111101
10101011110111111001000111111111011110111111010001
11111111111101110101001011111011111111110110111110
11100011011111101111011010111111011111101011011110
11111111111101101111111110111111111111101100011110
01001110111111100111111111110111111111101000010111
11110010111001111110111111111111111101110111101101
10011111101011101111100101011111111110111011111101
11011111100011111100111101110111011111111101010011
11111111101111101111001001111110110111111100011111
11011111101111111101011101101011111111111011011111
11011111101111111111111110011100101111110111001110
10111101111111111111110111011101111011101111111110
10001111010111110111111111111111111101110111110111
11011011111111111111111111111111101111011111111011
11011110111111010101110111111111110011111111111111
11101011101101011010011111111111110111011111011011
81 273 35 25 6 4 0 8 