34
50
00000001000000000000010100000100000000000101011010
11000000000010010000000100000010100000101110001100
00000000000001001000001000100000101000000000001100
10000010000001010000010000001101000010000001000100
00000001100100000010000000000100000010100000010010
00000101000000000010000011000000101001000001001100
00010010000001000000010000000000000000100000010000
00000000100000110001001100000000011000100010000001
00000101001000000001000000000000000000000001000000
00110000000000000011000000000100010010001101011100
00000100011000001000000100010000000100000100011000
00000100010100000000001110000000010000000010010101
00000000000001101000011000000000000010101110000100
00111000100000001101000010000001001010000100001000
00011000000100000000000000010000000000000010000000
10001000000001010000100000000000001010000000000010
11000010000101000000110101101000000000100000101011
00000001001000000010001000010000001000000000000000
00110000000000010010000000100000000000010100000111
00000000110001000010000000000010100100000110000110
00010000001010000010000100100100000010001000011001
10100001000000001100000010000010011001010010100001
00001010000100100000000001000010000000000000100110
00001001000011000000001001001000000000100110000000
01000000100110010001001010001100110010010000100100
01010001000000000100000010010001100000011000010010
01000100100000000110000000000000001011110001100010
01000010000000001000000010000111000101001000000001
01100000010001010010000000100001000000010000100000
00000011000100010000000000000000001001000000100000
00100010000000000001000010000100000000000000000100
00000000000010100100010110100100110010000001100000
00000010000100100000010000000000010000000001111001
01000000000001110000000000000010000010000001000000
6 35 8 2 0 0 0 0 