50
38
11001011111101111110110110101100110111
11011111110001101111101001110110110101
01110111101111111111110011111101111001
11111110011110001101111110111111110011
00111100111101111101100101101111111100
10111111100111111010110111110110111111
11111110111111111101111111111111101111
11101111110111111101111101110101111111
11000011011111011111111111111111111111
11111011111111111011011110101111111001
11111111101101111011100111111110111011
11101101010011111111111111101111101110
11110100101111011010110101111011111111
01110111011011011001111111111111111110
11111111111101111001000111010111111011
11111111111111111101111100101111111111
11101011011011101011111110110011111111
10111011111111110111111111111101111011
11011011111111111111110110111011001111
01111111110101001111110000111110111110
11111111111110111111111110101110011111
11011111111101110011111111111101110101
11111101111111101110110111110110101011
11100110111110101101111010111111111110
10110110011111001111101110111111111111
11101110111010111111101111011101111111
11111000010100001111111111110111111111
11101111111011010111011111111101111111
10111110110111111111111110101011110111
10111111011010110111001110111111011111
10101111110100111111111001111011100101
10101000011110111011111111111111111100
10011101111111101101101111111011011111
01101110110111111110111001111011111010
11111111011111111011110101111101111111
10011110011111110111111101111101011111
11111101111101111110110111010101101100
10111111001110110011011111110011111111
11111100110110001101111111011111111101
11100110111111111110111111111111101000
00101110100111111111101011111101110110
11111111100111111110111111111110111110
01111110001110111111001111111111111111
11001111011110011111111001111011010111
11011011100110001111101111111111111111
10011111111111111111111101111111110011
11111101111101111101111111111011011101
11001100110011111110111111111110101111
01111110111110111111111110111101010111
11110110111011000111110110111111111101
55 109 19 9 4 0 0 8 