34
50
11110111111101011110111100110111111111111010110101
11011011111111101011011011101111101000011110111111
11111101011110100001011111111111000111011111111111
10111111101111011101110111101111111110000110111110
10111011101101111111110111111010111010111111111110
11111111110111001111010111111101011011110110011111
01111011011111101111111111111111101111111111101111
10111111100101011001111111111100111111111111011110
11111111111111101010011011011001111011111101111111
00110111111111111011011111111101111111101110111001
01111111111111101111111111111101110111111100111111
11011111111111101111111111011111010111101001111111
11110110111101101111101111011011101111111110011110
01010010110110111101111111111110110001101001111010
11111011101111110111011111011011111101111111011111
11111111111111111111111011111101011111111111011111
01101111011111111111101111111111111110100111100110
01110110111110110011011010011111111111111010110110
01110111100111111111011011110101111101111001111101
11011011111111111111111111101110011110111111111111
11111111110100111111101011011011111110111111111111
11011111111110111101011101111101010111110111111111
11111111101011110111111010111101111111111111111101
10111101101101101111111011111101111110111010111011
10101111111111110011101111101111110111111110111110
11111111110111101111110101111101101011101111101101
11011111111001111111111011101111111110111011111000
00101110011111111111101011011111110101111111111110
01111111111110111111111101111111011110110111101011
10101011111111110111101111111111110111111111111111
11001111011111111111110111111111101110111101110101
01101011011001011011111011111100111111111100111101
11101111111111111001000101011101110011100111011111
10001111100011011110111111001101110011101111101001
42 106 18 9 3 0 0 6 