50
38
01001001000100000111010000011100000110
00000001000010110000100010000000101001
11111011011100011010010101010100001100
00100000011011001111010010101001100110
01010000101100001011001000001111110101
01000000011110000110100010100110111001
10011010010000000100011011111000101100
00001101110110011100100110000010110000
10100101100111010010110010100001010000
10010100001011000000000011001010001000
10000101010000010100011110111110000100
00100001010010000100000011000100111100
00100011010010001001110000110110000100
00011100010111011000000110000100100100
11100000111111000101000100000110001101
00000011101001000100100100001100011100
00111010100111001010010001100000010001
10111011100011010001101001011100010000
01000011110001000111011000110001001100
00100101010111010011010100011110010000
10111101110001010010000000110000000010
01000011101011100011100011011001100001
00101100010000100101001001001110010101
11101011100101000000010110010000111000
10100010000110010000001010000101001011
01101010110100100001001001101011000001
10010101011100111001010010100011000000
00010100000001110011111110000000010110
00100100010011000000000001011101010100
00001101000111000010101100111000101010
00101111001110110001101101100011010100
10100000000001000100000111110100010101
11101101101000001101000011001011100100
01011100000010001000010100000100000110
00100010010100010100110000000111000100
00000010101100011010010001000110101100
00100100000010000000000010011000101000
11101100101010000011111101001100100100
10100000001100001110010001100100101011
00011110101001101101101010100010001000
00110100100111111101010001110001000011
11100000110000111101010001111101000100
00001010000100001010000000001001100110
01100001011110110100100000100000101010
00100000100101001010011000000011101000
00111001100010110000000011010011000010
10000000110110000000011010101100100101
10101010101101101010010010000000011011
10000111100110000101000110011111100010
00110011001111000001001111100100000000
25 63 12 6 2 1 0 0 