50
36
011110111111000101011111010110001111
111100101111000001111111101000011011
100111010111110011101101001011101110
110010100101111000011001101000110101
110001011101101101101110110101110100
111110101010111111001101100100011000
011010111111101011100011010100101001
011010000110101111011111111000010101
111011011101111011011011011101011001
010111010110011101101100001111011110
111111010111111111011000110011110001
100101011111111111001111010001101001
110101101110001111101111001111111011
111111101011001100111111101111011111
000111101111111100101001111000010010
110111000111110110011111110110010111
100011110010110011111010011100111100
000101100010010101101100001110010111
100101110011000110111001101110110001
111110101011101111011111001010011001
100000111101011101010001101101111001
010101111110010111101111111111101000
110011001111101001001011111001010010
001111110111001010101111001000100101
111101001101100001110111001111101110
000011111010111101111111111010110110
001011111111000100111110001101110101
100111000101011111111101100011111111
110001101101100001111110001010001101
100010011111001011111101101011001001
011111010100101011011111001101011101
110110101001001110001101101100101011
111110100001100111100100110110010110
101011100110111111010110110110011100
000101100110100000011000010101110111
011100011101110110010111010110111010
110100110111001010101101100110011011
100011101010101001110001110110111110
001001111011110111111111000011001111
111111111111111010001100010110001101
101111001000111101001101101001010100
001111001101110111010000111000111110
111111110111001010100011000111111110
001000111010011101000001111001011011
010101110110010000101011111110111011
010111001101001010010010011110110100
101110001111001110111111001101001000
111110101111101001101100101111011111
111001000011110001101100111011110110
101101101101111001010011101010110101
88 249 42 19 10 6 0 14 