60
50
00011000000100110100010000000001001010100010010010
00001111000000100011010010010011000001001100000010
01000001011010001100101110110011000110001010100010
01000100000111100110100101000110110011110010100100
00000011011001100000001001000011010111001000011111
01010010000111011101000111011100010010000110010001
11110000100110001001001000011010000000011010101000
00001000100010101010010001001110000111011001000100
00111100110000010110000010000100110100000110001011
00001000011100010001100100111110111101000001010000
10101000010010001000100110101000110100011001000000
00101001100000010011010001110101010010001000110010
00111000000010000100110001001110101110110011001001
01101101011000100001000111010010001110110100101000
10000010100110111100011010101010010000101011101101
00000100010010100001101010010111100011010000010010
10100111000100110010101000000101000101010111010110
01010011000011001110010100010001101000010000100110
11100001011111110001010001000100011010011101000010
10101110000111101000010001000100000111100100100110
00101100000001010111100000100000110010101011000001
01100011110010011001101100111000010000001000100001
00000001000100111110000001101110101010100111011011
01000100100001011010001000110010101000101000011111
10100000000101110010000011010010001101000001011010
00001000110101001010000011001000100000011100000000
01100010001100100100100011000111010001001111001001
11100110100001111011101000101010000011100010010001
01001010100110111000010001110101011111111100100110
10111100110001101100001111011111000001101011010000
11110100000110011010100110100010101001000110001101
01001001000010111001001001001101100100000101001001
11101110100010110100010100100001100010101100000100
00010100100010000000100000110001100100111011101010
11110010101010101001011010100000000101001100010001
00000110010100010110000010011011000100000001111011
00000000110011101110011000010111000000000000010110
00101000010010001001011001000001001010000101011011
00000110100100000110000000010110100000101000010001
00001000101000000100011110100110001000000000101011
01110100000101010000100100001001110100101100000100
00010010010001000100000111100101011110110110111101
00001000010000101100100010100100100100101001110000
10001101001101001001101101111001101011011010110001
01000000000000000100111010001000101110100010000000
00011011010001010000100001110101010110000101011110
11100101100000100001000101110100100100000000001001
10011000000001000110101110001011100000011010111100
01010100001101000001001000000110100101101001111001
10111110100110000001010101011011110100100101001101
11110011111101000110000001000101010101110010011000
01110000010000110011011000010010101010110010101110
00110001110000101000011101110011011110000111001000
00000001100101000001101000010110011100001100011111
01100001100101001100001000001001111001111000111010
01111001110000001100000001001001010100011010111000
00011011001000100011101001110101100001001000001101
00001010110011000011101010011100110000000100000110
00100001000010100000000000000000000001000011101100
11000011101000010100000010100000000111100000010100
92 302 46 20 13 4 0 9 