32
50
01000010000111010101011001010001001001001010100100
00101100110101000000110110110011101011011011100000
00110000111000000110000001000111100010101001000001
10101000001011001111000001011100100001110100111110
01100111001110001100010000000100000111111010110100
00001110000000010100000100101000101001000101011001
11010010100010111111000111101010110000101100000100
11001001001000010001000000001110011100111010110110
00100000101110100101111000110001110100100010100101
00010001000110111000010101001111101000010001110110
00010001000001111011101000011011111101000111011100
00000101110101011010000011100000010011111011001011
10111010000101001011000100000100110111110000111001
00000000010000000000000101110011001101000101010001
11000000010000100100111111011010100000000011000110
01101001110000010100010010011010001100000001001000
00011000001110011001001101100011001100111010000000
01000011010010011000101001000010000111111110001010
11001000000010101100011000101100010000000101011100
00011000000101010100111010110011000001101000011010
00101000000000011010000111101000001011000101111110
00000000010111010001011001000100100101101000000000
00000000010010101010100010100111100000111101010000
00010010100011000100010011011000101010101101101011
00100010011000000100001010000100101101001101000100
01110001000100101011010011100111101001010100011100
01010001110100100001111001111101001001100011010010
00110011000000001110000000011000010001000010000110
00000111100110110101011111010001001001011010110111
00110100000110001010101001010110100000001000001110
00001000000000011101000110000000010011011000100100
00000000001100010000000001110101100000001011101010
64 129 26 1 3 2 0 2 