50
38
01010101110010111111110111011101000110
10111111101011101111111111011011110111
11111110001101011111111111010110111111
11111110111011110011111111001111111011
11101111101100111111110110111101010011
11111111111111111111111101111101111111
11111111111100111101011111110111111111
11101110110101011111111111111010111001
11101111011111100111011111010101111101
00111111101110111111110111111011100010
11111011111110011110111111111111010111
01111110110111110111111101100101110011
11001101100111110110111011100110101110
11111101011111011111111111100101110111
01111011111101111011111111111111111001
11100110110101111110110011101111101111
11101101011110111110111011110011111110
11110111011110011101111110111101111111
11010101110111110101111011110110111111
11011111110111110101111111111101111111
10101111111101011011111110111111110111
01011111011110101111111011111000111111
10110110010110111111111111110111101110
11111011101011110111011110110111101101
10111111100111111101111011011011101111
11101110111011011111011111111011111111
11111111111111111101011101110111101111
10111101111110101111111111111110011111
11101111110011111111111111001101011111
11111111011101111111111111111111111110
11111111111111111011110111110111111101
11010010111111010111111010010111010110
11101111111101101001111111110010101111
11111111111111111110111111101100111101
11111111111111101101111111111111111111
11110111111111111111110111111111111111
11111101110110100111001111111111111111
01111011110010110110101111111111111101
11111011111111111111101111111001110111
01110111111111111111111101101111101111
11111101001101111101111111111010110111
11010111111111111101000011111111110011
01111010111111111111011011110101001101
11110111111101111111111111111100101111
11111111101100111101111111101110010111
11111011111111111111101111011011001011
10111111111101111111110110111111110111
10010111111101101011111111110101101111
01111111011111100101110011101011011111
00011111111110111100111100111111001111
47 132 23 5 5 2 0 3 