32
50
10100010000000000010010000000010110010000000000000
00000010000000100010001000100011000001000000100010
01000100000001000010100000001000100101000010100000
00000101000010000100100000000000110000001001000000
01000000000000000000010000100000100001000101000000
00000001010000010000001010110000000100000000000010
11000000000000011110000100010000001100000100000000
00000000001000010000000000000010000110100000000001
01000000000100100010000001001010000000000000000000
00100010000000110000011010000000000000011100010000
00000000010001000100010100010100000011000000000000
00100100010000000000100110000000000011100000000001
10000000010010000000000001100001010010001010000010
10001000001001000000000001011000011000000001100000
00011000100000000000000100000000000010101110000100
00100000100000001000010100110000010000000000100100
00010110100000100101000100000100010010100000000000
00010000000000000001100000111100110010000100000000
00000100000000000101010000000010000110001000100000
00000100000000001000000010000001000100000001001010
00000100100000010000000000000100010100101100000000
00101100001000010001001011000000000011000101010000
00000000000000000000100000010001000010001000000000
01000010000101100100000100001000000000000000000000
00000100010000000100000001101000010000010100000000
10000100000000011010000000000100100000000000000001
00000010000000110001000001001011000100100000101000
01101000010100001010001000101100000010000000010100
00000011000000100000100000000011000000000000000100
10000000000000000000010010000001010001000000000001
00000010001000010010010000000000010100001000001000
00000100111101010000000000000000000000010000000110
31 88 13 7 0 0 0 0 