60
50
10000000011111000000011000010000010100011000110100
00100010011000101001000000001011011001100100011101
00101001001010101100010011100010100010000000100000
00011000111100111110010000100000001101000000011001
11000110111011100101001000100000010101100001101000
10000000000000000010000100100001100101010111100001
00000011010000000100010110010010010100010010000000
10000011011110000111110111110011011010110111100101
00001011001010000001110010010101011000001011100000
00111000000011110010000110000000100011000001001001
00101111000110101011110000100000010100111101010000
01001010001101010100000011010000110000000010100001
00100110010000000110100101010100010010000100010001
01000010101000001010110100011000010100011000101011
10000010101100010000010101001111011010000100001010
00111011001000111100000000110111101011111000101010
10000000001101110101000001101011001111010000100001
00100101000001000101000110000010000110010011010111
01001111000011100010100111001000010011010110011000
01000011000110100000001000111100001100100010110101
11000100001011011010101001000100011000100101000110
00001010001110011100101111110000101110000110011100
10000000010111001000100111010000000110011100001000
10100011110010000101001001011101100101100000100000
10001001101101001011001000000010010100011001010100
10010101011011000100000100011111010111101110100011
10010001011000011110101001110111111000001110100100
00010111001100011010011000000000111000100110111101
11110000000100111111000000101000001011101111100001
00110010101101011001101100010010111011000000110000
00100011000101011000010110101100011110001110000111
00111111011010000000101000101001100100110101100001
00010100100000100110010110110011011010100000010001
01000011001111100010011111010001011011100000101011
11100010100110000000010010100101000100011010010000
11000000101100110101100100001010000000011000100110
11100001001100001000011101010001010001110011001110
11011010010001001000001101100110010000000110001000
10001000010111000100101101010100100011010101110101
00011111010101011110110011111101011110001010010011
01001000000101000001111110111000001110110101011010
10101000001100000100110010100011101110000010000010
10110110001011110010100001000001010000110101001100
11100110000001010011010100000100110110110001000000
00101111010110101010010100110110011000010010100000
10010001010100101011110011101000000100010101011100
01100010000100111010001010101011100010100001010011
01000010000001101100000100111101100101010001010001
00001100000000001111010001001000000100000110101100
00011110100111001000101110111010101110001000011000
00110100100100110111000000010011111000011100010000
00000100001000001011011011111011101001000000010001
00011010000100010010000111000111010100001100010101
01000101001000110010110110100001001001001100111001
01100011110000101000000100010110000000001101011101
01110011101011001100000010001111000000000001000001
10000111010101010100011100101001000000000010101101
10100010010010010010100111001000000000111000001000
01100101111010001010001100011010001101001010010000
00101001001001000001000000100101011101001101000000
33 99 13 14 4 3 0 0 