50
45
111111010111111111110111110111111111011111111
011011111011011111110101111111111110111111011
111010101111011111111101111011101110111111110
111011111111111100101111111011101111110111111
111000110111111011111101110110111111101111110
101101111100111101110111111111011111011101111
011111110111100111111101111011111111110011001
111110111111111111111011100111111111111111111
101111111111011110111111111011111101111100110
111011111111011111111011100101111111111111111
111111100111111111101111011101111111011110111
101111111011111111111110001011110011111111111
110110101011100111101111110101111111011001111
111110111111111110111111110111011111110110001
101111111101011100100110101111000011011111011
001001111110111111111110001101010010011111111
011111110111011111111101111110110101000111101
110111011111110111110111111111111011110111010
110111101111111111000111111111111111111101111
110111111111111011110111111100111111101011111
010111111100111011110111111111110111101111111
011111111101110111111111111101111111011001110
111111111110011110111101110101101111111110111
110111011111111111011110100111010111111111111
111111010011111010111111111111110111111111111
111101110111111111111111101111011111111011111
111110110101101111101111111111111111110101111
111111111110110111011111101001011111111010011
111111111101110111011100111111111111110111011
111010011010011110111110001010011101111111101
110111111011100111101111011111101111111011111
011100101111100111101111011111111110011111111
010110011010101010111111101011111110101110111
111111110011111110111110100100111110111111111
111011111011111111110111011110101111111011111
101111101110111111111110111111111111111101111
011111101011101011101111111101110101110111111
111111101110111101011101111111101101011011111
110111101100110111111111011111111101001101100
110111011111101111111110111011111111111110111
111111111111110111111110110111011111110110111
011111111101111011111111101110101100110111011
111111111111011011011111111111101111111111111
111110110111011111011011111111100101101011111
111111111101111011111011111011111101111000111
111101111111110111111010111100111011011011110
111101110111100011001111110111111001110111001
111011000011011111111110000111111011011111111
111110011111011110111011111111111110011110011
011111101101110110011111111111101101111111010
155 480 57 30 12 8 0 15 