32
50
00000000010010001000000001001000000100000100001000
00010000100001000110010000000000100000000000000000
00000001101100000000000100000001000001000010000000
00100000000100000100011000001001001010011000000000
01000000001010010000000010000010000100000100100000
01111000000000001010000010000100100000001100000001
00000010000101010101000100000000000010100001001000
00000100000000000000100101010000000000010000100100
00000010000001000000000001000010000000000000000100
00000000001000000010001000010100000000000001001000
01110000000000000000000010010000100000000000000000
10000001000000001000001000100000000000100000000000
10001000000000000000010010000010000100001010000000
00000110011000001001111110001000011010000000000100
00000000111100000000010000100000100000000000000100
00000100000100000000010001110000000011000000000001
10000000110000010010000000000000000000000111100001
00000010010000000101000001000110001000011010000000
00010010000000000000100000010100000000000000000100
00001010000100001011000000000000011000011000100000
00000000001001010111000001000001100000000001000000
00010110000010000000000000001000110001010000010100
11000000010000000000001000000000100110000100000010
01000010000000001000110110000000100001000000000001
11000000010100000000010000100001000100000010001100
01000000111101100000010000000001001000010000100000
00000000001000000000100000110000000000001000001001
00001010000000010010010000000001000001000010100010
00000000000000000000010001010100001001000000100000
01000010100000001010010000001100001000000111010101
00000000000000000100000101001000101001110000000000
00110000000100110000000000100000100001010000000010
11 24 3 3 1 1 0 0 