55
50
11111111111110110111111111111110101011101111111110
11110010110111111100111101111111100001110010011101
11010110111110111111101111111011110111001101111111
10011011111111110110111110111111001001111001101100
01111111111011110111111100111111001011111111110011
11110111110011111011110111111101010010011111101111
10011111111110101110111111111111110111111101111011
11101001111111111110110110110110101101111111011100
11111001111111010100111111010111010111011100101101
11110110111111101101111101110111111100111011111111
11111111111110111111111101001111101101101111111100
01111111110111110111111111111100010111111110010111
11101110111101111011111111101110111101110010011111
11001111111110111111111011111111111101101011011011
11001101111111111110111111110011111111011111011111
10011111011101011101100111111111010010110111111111
11111100111001111101001110111110100111100111110111
11011111010011111111111111111111111111111110111110
10000101111001100110001101111111110111111011110111
00110111111111010110111111111111101111011110010111
11011101111101111111111110011111111011111111111111
11111110111101110101101111111111111100100100111011
11101011101110100111011110111101110111101111110111
01111111101111101111111110111011111111110111010110
11111101111111101101111111111011111111101111101101
11111011100101100001011111111011111110101111110111
10100111110101011101011111111010101011111110111111
10010111111110111111111100111111111111111111101100
01110111111111111111111011111010101010010111111111
11101010111110011111111111111111111111101111111111
01111111111110001111111111111011001111101011111011
01111001111111111110110101111110001111111001001101
11111111101111111111111111101111110101011111111111
11111111101111011111111111111101111111011110101001
11111111110111111111110111001111101111011111111111
11111011111111111010111110110101110011111101010111
01111111111011111111111101111110111111110111110011
11111011010111111111101001011111111111111111111010
11110111111110100001111011111111111110111100111010
10001000110001111110101111111011101111101010101011
11000101111111101111011111110111111101111111110101
11111111001001111110111111111010101110111111111111
11011111001111111111111110111111011111111111101111
11111101111111111110111111111110011101111111111011
11011111011111101111011110001011111101111111111101
11111111111111110111111111111111111111111111111001
10111111101111110111101111011111101111111110101111
11011111111111011101101110110011101110111111111101
10111111111111111111110111111111111010111111111110
11011101111011111111101111111111101101111111111111
10111101100001111111111011111111111111110111001100
11111011111110111011011111111111011101111111011100
11011111001111111101111111101110110111110010111010
11111011101111101111011111001111101111101011111111
11110011111011110110110011111111111111111111110111
185 496 92 51 16 18 0 18 