50
36
100111110111100111101111110111110111
110110011110111111110011011111111110
101111011111111110100111111111101111
011111111110111101111111111101011111
100111111101101100010111111101111111
101110110101111111111111011101111111
110111111110111111100111101001010101
111011110110110010111111011111111111
110110101100011111111111101111111111
101100111110111111111001101001110100
111111101111111110111111111111110111
010101111111011111011001111111111101
010110101101111100111101111111110011
111111011111111111111111111111110111
110111011111011101111111101101110111
111110111010110111100111011100101110
001111111011110101101111111101101110
111111111110011111111011111111011111
111111000111011101111010110011110101
111011110101111011111110111111011011
110111101111111101111111111110111110
101111001111111011111111111111101111
111111111101111010101111111111111111
011111111011100111101111110111101111
111111100011101011111111101111111110
101111111111111111111000111001111111
111011111010011111011110101110101111
011101111111111111111111011111001110
011111011111111111011101111111101101
111011111110111111101111110111111111
111110110101011111010100011101111011
110111111110111011111111111111101100
111110010010111111011111110111010101
111111111111110001111110101011111011
110111110101011110111111111110111111
010111101111110111011111111011011010
111111001111100101110111111010101111
111110101111101011101111111111101111
111111111110111111111011011111011111
111111010011111110111111111011111111
100111111110010011011111001011111011
111101110011111110010111111111111111
111111111111011101111100001011101111
111111111111111011010110111111110111
011111011110111111110001011111101111
010101111111001110111111111111010111
101110111111111011101110111111111011
011111111101111011101111111100111111
111111011110111111111111011011110010
011111011111111111111101100111110110
91 265 50 28 10 4 0 7 