50
45
110011011000000111010101110100011100100100111
100111110111111111100101000000111101111010010
110100101101101111111111111011011101110111100
010100000100011000011100110101101011111110100
011101101111100111001100110101011110100111110
100110011110110101011001001101110110111100111
100110111001100111111101011100111101111100111
101101101111101110111101111010100010101001000
100011111011111001001011110010000011111110011
010011101111111101110111101011110111011001100
111000110110101110011001111100000101011100111
101100111100001011000001100011000111100111100
110101000100111110000010010000111001010101111
111100111001111101101010001100111010111110101
100111101111111101101101110111000001101101011
111101101000111111111111000101000010111011101
001111100001110100011110001100100110011100101
010000100111110001011010111101000001011111110
110110011110010111001101001101011110110100010
111011011101010000111101010010111101011110111
101111010011111111011010111100100100010000110
010001000110010011101010110000000000100001001
010001001111010100010100001011101111000110100
101010001110111110101101100101110011111001111
101011011010011111010111110011111101111110100
101101010101011000110110000110001100001010111
000111111010101111110010101010110110111010101
111101111101101011101110111001010100001100010
111110011010100111000110110010100111011110000
101010100111001101010110011100000110101100001
101110001110001100001101110010011010011110001
111010011100101001111000001011001110011000100
001011101110011101101000111111001111010011111
111000110100100111101001001100111000110100111
011110000000011111010010111111101101101111101
000010101000100011000010111101110110111001111
000101011111110101101100001001000011110011010
100111011101110111100000010111110101100101011
111111101100110111101001101000100011111000001
000110111110100001111111111101001101111111001
111100010111110011101011010101111011100100010
100111001101011010101111111001110111101010110
011110101101110001111000000000110010100101111
011111010101111100100001111010101101101111101
100001010111111110110001011111111100100110111
100111010101111101111011010000010000000010010
111100001110101111100111111011010101100011100
111100010010101111111111111011111000010101011
111010001111110111001010111101110001010011110
011111101101011111110000110111000100100110010
85 262 50 18 12 3 0 1 