20
40
0010100100000000100000010000100010000000
0001010000011101000100010000000000100000
0010111000100100010001101000000010110111
0001000000010000001000000001010010101001
0010010000000010110001000000000001000001
0000101000101100010010001001001010010010
0100000001000001000000010000000000010001
1000000010000000110111000100010100000000
0011000100000001001000010000001000000000
1000011100000000010000101001100000000100
0100010000000000000000100100100101000000
0000100001000100000000000001000100000000
1011011000000000001000100000000101000000
0001000000000010000001111010000000000000
0101000100010100000000010111000000000100
0011010000000000100100000000000000110000
1100000000000000000101000001000000000101
0010000001001000000000000101110100100000
0000010000000000001000000010000000100100
0000000000010000001000000000000000001001
8 21 0 0 0 0 0 0 