32
50
11011011110111010111111111100100111101111111110111
01101111111111111111110110011111101111011101111101
11111110111011101111111111110111011111110111110011
11011111011111101111111011111001101011111110001111
11111111111101001111011111011101111110111100111100
01111110011111110011111011111110111110011000111100
11111111111111111100101101101101101111111111111101
11100111111101110110111101111111111111110111110111
01111111111111111111110111011010111001111111111110
11111101111111111011011111110111100011011111101111
01110110110111111111101101111111101101111111001111
11011111110111111100110001101011111101111010110111
00111111110110001101011101111110101111011011111111
11111010111110100110111110110110111111111111001101
10111001111111111101111101001111101111111111110011
01010111011111110111100111111111101111011111111101
00001111111011110001111111111111010100110011111011
11101011011100111111110011000111111111110101011111
10011111001111111111111011110110111110111100110111
11111110111110111111101111111111001111111111011111
11111111111011111111011111111111011111101011111111
01111101000111111101100111111101111111111101111111
11101111111010010111011111110011111110111111101101
11111011110101111111110110101111101111111111110110
11101111111111111111111111110110111100110100101010
11010101010011011011111111111111111111111101111100
11101111111111011111110111110100111111101101110011
11011101111101111110111101111111111110111111111011
11011110101111111111111110101111111111101111111111
11111111111111011110100111101101111111110011110111
10111111101111110011011110110010111111111111101101
11111101111111111111110111111111101101100011111111
78 246 37 19 11 4 0 8 