50
45
111111111111111111111111111111111111111111111
111111111111111111111111111111111111111111111
111111111111111111111111111111111111111111111
111111111111111111111111111111111111111111111
111111111111111111111111111111111111111111111
111111111111111111111111111111111111111111111
111111111111111111111111111111111111111111111
111111111111111111111111111111111111111111111
111111111111111111111111111111111111111111111
111111111111111111111111111111111111111111111
111111111111111111111111111111111111111111111
111111111111111111111111111111111111111111111
111111111111111111111111111111111111111111111
111111111111111111111111111111111111111111111
111111111111111111111111111111111111111111111
111111111111111111111111111111111111111111111
111111111111111111111111111111111111111111111
111111111111111111111111111111111111111111111
111111111111111111111111111111111111111111111
111111111111111111111111111111111111111111111
111111111111111111111111111111111111111111111
111111111111111111111111111111111111111111111
111111111111111111111111111111111111111111111
111111111111111111111111111111111111111111111
111111111111111111111111111111111111111111111
111111111111111111111111111111111111111111111
111111111111111111111111111111111111111111111
111111111111111111111111111111111111111111111
111111111111111111111111111111111111111111111
111111111111111111111111111111111111111111111
111111111111111111111111111111111111111111111
111111111111111111111111111111111111111111111
111111111111111111111111111111111111111111111
111111111111111111111111111111111111111111111
111111111111111111111111111111111111111111111
111111111111111111111111111111111111111111111
111111111111111111111111111111111111111111111
111111111111111111111111111111111111111111111
111111111111111111111111111111111111111111111
111111111111111111111111111111111111111111111
111111111111111111111111111111111111111111111
111111111111111111111111111111111111111111111
111111111111111111111111111111111111111111111
111111111111111111111111111111111111111111111
111111111111111111111111111111111111111111111
111111111111111111111111111111111111111111111
111111111111111111111111111111111111111111111
111111111111111111111111111111111111111111111
111111111111111111111111111111111111111111111
111111111111111111111111111111111111111111111
91 284 57 24 9 7 0 14 