50
40
0000000100110100110110100111001001110010
0010000010101010100011001010010000101001
0111000001010101001001011001000110000000
0100101100000000010100000010111110101101
0010001000010100001010100000000101000000
1001111001010111000001011101010100010011
0100110110000000101001001011100010101101
1010101010101110000000011000100000000000
0101010110101011001111110001010100101010
1010000010010010010011000011011100010101
0001111010101000000000100101100100101000
0000001000010010111101000100010000011101
0100100011110000010000111111100100001011
0101100100111111101000100000010000000111
1010011100100100011010000100111110100101
1101000010100100111101111000100100101100
0010001101010100000000000000001010100110
1111000100001000000100000010000000111010
1111000010001101001011100111111111110001
0101110000000001001010010000101011001010
1001010011011110000111001000100000110011
0000100000111010010110000001000100000010
0010101101100100011001100000010000100000
0000011011101111011010001001000010011100
1010010101010000010001000100110100100001
0000010001011111010110100010110000000011
0011000100001111000000001011000110100100
1000001010110100110010011100000010010001
0000111010001000000110111101101000010000
0110000100001100000100110000000011100110
0011110100001010011000101011010001000001
1000100110001000000001110000100110100010
1011000100111100110001100001001001010110
0000000101010110100110011101000001001101
0010001101010100101010101001101011101001
1001010011011000010111010001010001110000
1000000000100000110010000101101001000101
0001100000100000011001000000001010101100
0100000100100000000110101011100000000000
1010010001000110100110011000010001001000
0000111000001001001110110001011010101000
0100100101000101010010101111010000110100
0000000011001110001111111101000100000001
0000001100000001101110000100100101010011
0101110100000110011010010001001100110110
0000000110110100111010001001110101011001
0010010111010100100000011011110011100010
0100011110000000100110010000100111000000
1111001000000100110000100001101010011011
0001001100001100101001111111001101000100
25 75 7 4 1 0 0 2 