55
50
11100100010011011010011110000001001000101100001001
00110111011110100010100111110110011110011111111000
01010010001000000111100001110101001001101000011011
01011100101011001011000000110001100010111000000100
00101000010011001001101010010000111010111110010111
01101010000100111100001101101111000000000000001000
01110010010101001011001000100111000100110110001001
10010001110011111101101110100010111100011011100010
11000110000000111011100100010010001111101010000111
00111000001110111010011100100101010111100000001001
01101000000001110011001000001001010001011101011010
00000100011101000000110000001010001000101111110000
00110000101010100000010110001101100000100010001000
01101100000101000000110100000011000000010001100010
01010011011001110111000101011010110001000011011100
00111110101000010100101001001010000001010000100100
11010101000100001110110001001010010010100001001001
01110101101000001111000000110101000110001001010101
01001101011100001000110111101010100000000100011101
11000010001011101000000101010010001000010000000100
01011100000100100000010000110101100001001101011100
00100000000100110000011001001001100001000101110100
01001000001001010110100000011111010101110100100000
10000100010000011000001110100111000011000000000101
01000001010110001101000011000010110010000000000101
10110010100100000001101010110110000101000010011001
11001001100101011010000111100100101101110001011000
01000110000011010001111000001000000001000001101100
10111000100111001100100010100100110010010001110110
00001011000100111011101010010011010101101010000111
11010001000001100100101110000100100001011101010000
11001000101010011110111000000001110010000000001111
00110001000000101111000000100001000110011111010110
01000010001100110011011001000111101100001011001010
11111101110000010111000000000000000101101000101110
00010001100100100110100100110000000110111111110101
01101011010000001010001000100000010011110001000000
01000101101000011000110010111011100100000101000011
01000010000000000100011000000100001101011110011011
11010011110010001000100001011101100000000100111101
01000111000000110000100011100110000000010011100100
10000000010111100001000101011110111001011010111101
01001100001001001100010011111001001000001000110001
11000111010001101000001000000110110000100100000110
10110010111001000110101111100110000001001010101010
10110000110110001101110111000000001110011001001110
01101000010100100101100000000001000100011000001011
00000110000100011100100011010010100011100010000011
11110100011001100000101001110000011010001001000000
10000100000000000000000001111111100001100000010000
01011101011001100001000001101000100000001011110111
00100101010101000011111110010000000010000000011100
00101100011101000000101101010100000101010001000000
00000111101001100001000010100101100001000101000011
00110101111000000000111110001011000110000110110010
22 94 17 7 6 0 0 2 