55
50
00000000111011000101000110110001011000000110100100
01001001000111010000111101000011000100101000101000
00101101101000100010001100011110111101000000111000
00000000100110000001001001011010000100111010011000
00001111010101110111100001000100100000001010100111
00010110100000000111111000111000010111010010111001
10010100100001100110100000000001111010000010011011
01110100001011010000001101000101011000111000100101
01110000010001110010010000111001101010001000001010
11001010000101001101100000011000001000100001000001
10001001000011110010110010100101010011000100111001
10001001000100011100000010010011101111101100100100
00010100110100100000011010001010001001110000001011
10110001100110011000101100000000101011111010110111
00000001100000010000001100011100100010001110001111
10101010010110101000100000010110011000101111001101
01100001010010101000000000110111010110000111110011
00000110111010100001000111100000000110011100010000
00100000010110101010010001001010001001100000001000
11001101110100001101101110100001100001000100000110
10001000001111111001101101000100010100110110110110
10000000101000011100101100011101011100100111000000
10001011101001010100101000001000001011000001110001
10110010001000000100101001010001000000101010110000
10100001100100011011110010111000100110011011110001
01001001110000100000101000101000100100000011010010
01000000101010001100001000100100100100000000101001
00111001111100000100011011110011001101011101010011
11000110010100011110001000100111101101011001010000
01010011011110101110010000010011101000111100001001
00100010010110010010000001110001101000101101011110
00001000010110011100001011011001101000000100011010
01111111001010100010010001100010000100101000110000
00100001110001001010110110101001010011110101110000
01111000100000001000001010101000001011000110001000
00100001010010101100010011000100111110100110001000
10110011111000110011001010000000000011010000001111
01010001010000010000010110001001010110000000011101
00110011000010110101000010110010110111001101000011
10000101000010100010101001010000110101111100001000
00100001001001011100100110101010100101010010001100
10011010010011110000010000010000000010001000110010
11011010011011100000101110010001000101000010001001
00000011000110110000010101000011000011010110001010
10011010111011000010000000011001110000110100000100
11000010111100010011010010001001000011011011010000
00110110000010001110011101000100100100001100010011
01110011111001000010110001110010100000011101011100
01101000010110010101101100010000011110010001100001
11010001011001010110110000110111000110111010011110
11100000110000101010010100001100010011100010101001
01000000010010000100111100011100001111000001010000
00100000001100010110000000000001111000011000110000
01100110010010010100101101010000100101000111000011
10100010000111000100110011000010000011110001101101
85 213 41 21 8 3 0 0 