60
50
01000000101110110110110010110110111101001011100111
00010111010011110110111100100110011001011101001011
11011111111001000111111101101111111111001101011111
11001111110010011110111111001111100010111111100111
11101100011110011110110111001100011110101111001011
00010111110011010010010101011100111011101101110111
01001001011101110001111100010001101111111000000101
11111100100100001000111000000101111110000110110001
10100011111010111111000010010111000110001110111000
10011111110101001101010001111000011010000110111111
11111011011010101011000001001111100000101111110101
00100011111110100111101011111101111011101101110101
10000111110011001100110101111010100111101101101111
01011111111101011110011000000110011100111010001111
00110010101110111111101111011100101001001110101111
01101011100111011001001011110101001010110011011101
10111011100101110010000010010101000010011010111001
10001111111111011110100001110111101111100011011011
10011111101110001011001001101010111110011011000100
11111111110100010101101110011001101010111110110000
11111101111011010110100111110101001111011111111110
01000011111111100111111100110100110011110000001000
00101111010111110111000010000101010010010111001101
11011101100000001111111111010011100101011111111001
11001101001111111111110101000011100001011001000010
00010001101110110100111111110010011100111110011111
01111010101101101100101000111100111100101111111110
01111100101111110111000111111110000101111101001010
10110111101011110110010101010011100010000110111111
10000111111110010111101011011100111100101111001101
00001010001111011110111000111111111011101100111011
11110111110111101011000010111000111110100111110011
10100001010000111011001000100110111100100000111101
00111111101110110011011110000110011111111011010011
11010101011110100001011100010111100110000000101100
10110111101001110011011010111111101100110110111110
10111000010011101110010001111111110010101011010100
11001111111011000000111111010001100110101110001011
11010001101111111111100100010010110100110111100001
01011000001111011101101011010101000011101010101111
00001011101100100111111111000011011100111111111011
10111101111101100111011101000111110111100110111111
11111110011101111111110011000111011000111001101111
11011010000011001110111111101010110110000110100010
11011110110100110101100001100101101111011010010011
01010110101111100001110101111011111011001111010011
11011110101100111101111111110101101110010000011110
01111011111110111011111011100000010000101001110010
01111011101010011101010011001001101010001111011111
11110011111111111111111000010111001100111011011011
10100101011000011110111100011111111111100100111001
01110101111011011000100110100100101111100100111100
00000101110110111001000000000101111110100010101010
01110101101010001110101110111001111111011011101011
00011101000101011101011111010111101111011010101111
11111000111010010110010111111110110110101010110110
11101111101010111111111111101101011001011100101101
11110111011011100101110101010110011110100011100101
11111110101100011101110100000111011101110010111010
01101000100111110100001111111111101011111100110111
55 137 18 19 7 5 0 3 