55
50
11111011110110111110111111110111111101101110111111
11111011110011111111111111111111101111001110111111
11001111111111011101111111110111111111111111000111
11100101111111011111111011111001110111101111101110
11111111110011001101111011010101111101111011111111
10011110111111110110111111111011101111111111110000
11111111111011110111111011111111111110111011101011
11111111101111111111111110110101110111111111111111
11111111111111111011111111001100111111101101111110
11110111111111111011110111110111110110111011111111
11111111111110110111111111111110111011011011111111
11111111110111111001011111110111111110111111111101
11111101011111011011111111101111111111111111111101
10111111111011111111011111111101110101111011011110
11111111100011111111001101111111101111111111011011
10111001110111111110011111101111111111111111011111
11110011011111010010111111110111011111110111011011
01110111101111110111111111101101101100111111111111
10111111111111111011110100111101111101111111001110
11110010111111111111111101111011110111111110001001
11110011101111111011101111111111011111111110111111
01111101011110111001111011111111111011111111011101
01111100111111110101111111001111001111111101011111
11101111011111111111111110111111101111111111111110
01111111111111111111101111101101111101111101111110
10101110111110110111001011011111110111011101111111
11111111011111111111011010111111111011110101001111
01111101111011011000101101110110111110110111111100
11111011111011111111101110100111111111111111111111
11111111111111101110111101110011001101111011111111
11101110011101101010111011111101111111111110111111
11011111111110110111101111111101111011111100111111
10011110111100111001010111101111111111111101100111
11111101111111111111111111110111111001100011101110
01111111110111110011111111111111101101011110111101
11111111011111111111011111101110111101011011101010
11010111111111111101111111111111100110101110111101
11111111111011111110010110111110111001111110111011
11111101111111111111111111101111011110111011111011
11111101011111111111111010111111011111111111001011
01111111110111101110111111111111111111111111110001
11111111110111111111111101101111111111111111011101
11011111111110101111100110111010111101010011011111
11111011111111111111111101111011111111011110110101
11111111111110111011111111111011010111111111111011
01110101110011011110111111011111111111111101111111
01100001111011111101111101011011111011111111110111
11111000011111111011011011011111111111110111010101
11001111111111111110111001110111010111101111110011
11111111101101111111011111110101101011111111110111
11111111100110101010110111111111111111101111111110
11111111111110110111111111011111001111111111101111
01111010101101111111011111111111111111111110111101
11110011111111110111101111101110011111111111111111
11111111011111111101111011011011111111101101011110
70 193 26 20 8 2 0 2 