50
45
000011001100000000000010000101000000000000000
000100011000001000000000000101110000000000100
000010101000000100000000100000000100000100000
010010100001110001000000000001000101001000001
000000000100010000000000000100010000111000000
000001000000101100000100010000000101000010010
000000000000110000010000000010000001100100000
000100001010000110000011001001001010000000000
000000000000100000000001000000001000001010110
000100000000000000000010000000000000011000000
001000000000001100000000000100001000000010110
000000000000100000100000110001010000010000110
101000010001000000100010100010000010010010010
110000001000000101010000001000010101000010000
000000100000100000100001000010010001000000110
000010100000000001000000000100000000011001001
000000010000100000010000010010011000001000000
000100000001000000000000001100000000000000001
000000000000010000010000001000010000000000000
110000000110011000000000110000101000100000000
001000000000011010101000010100100110010001010
001000110000100000001000100000000000000110000
001001001000000000100101010001000000100000110
000001000100000000101100000000010000000000011
000001000000100001010101000000000010100000110
001000000100000000110011100001100101000000000
000001000000100101110011000010010001000001000
010000000000010000000000000100010000100101000
000000111000000010010000100000100000000100011
000000000010100000000010000001100110000010000
011010011000000000001000010000100000000001000
010000010000010011000000000000101010010010001
000010001000010000000000111001100000000010000
000000000101000001010011001011000010100010000
001000000000000000000010000010001010000101000
000100100000000100001100001000001000100010001
100000000110001110001001010100000000000000000
010100000000001100000000001000000010010100100
000000000000001010001000000000000010100010000
000000001000000000000000011001000010001100000
000010010110000000100000100100100000011000101
000000100100100010010001100010001000100000010
100001010000000000000100100000001100010100000
100000000001001000000000001000101010010000010
000000000000000010001000010100110000000000000
010100000010001000000000100001100010000100000
110100100000000100000110100000000000000100001
000010011000000000000000010000001001000100000
000000000100010000000100110010100000001110000
000000000100100100010000000000001000000000000
23 88 8 0 0 0 0 0 