20
40
0010101100100010100011100111110010011011
1100110010001111101011001000000000000010
0111011110100100101001100010100010100000
0111011010110110111000011010000011101000
1001100111110010010101001111101001100100
0100001000111000001010100001100111100000
0101110000100001000001101010010110100010
0101100101101011001000100001100001000000
0111100010100100111000010100100110110000
0000100000000000000100000001010010110010
0000000000100000011100100000101010001010
0000111111110100001000011001000010001101
0110100010100110100100110000111101000001
1010011000111001000000101001011000110101
0010110011000000010011000010100001011000
1001101000100010011100000001001100000010
0010100001000100010001000000101010101000
0110000001011001101011110001111011000000
0101011100010011000000000101011010011001
1000101110000100001100000000001110011000
20 47 15 5 4 0 0 2 