50
40
1010010001011100011010100100011000111100
0100111101011111100111111011011001101000
1111111011111111110110101000100010111001
0101001111001101101001110011100011001100
0011111000000100110100001010001110100001
1001111110001111101111010111111111011010
1110101011111110100001111111101111101110
1110101001000111011010111111101011010110
0101001110111110011111010110101010011100
1110111100110001011010101101110111110101
1010000011011000111011111111110001100110
0101001110111111001111111111100110010111
0011001011111111010111100011010000011110
0101101111110101110101111011001000110111
0111001111100011100110011101110111100001
0100001111111000101001100111110011100101
0111111101111010110001001011001011110011
1111110111001011111101011001011100010010
1001111010110100101101011001110111111000
0111001011000101010011010110010100110010
0110011110010110110011110101000100010111
1110100100011010110000001011010001011000
0110001010110000001101100101101110101001
1010010011101101011001011101110100011010
1110100111110111010110101111101000110100
0110000001110010011010010111100100101110
1011111000000110110001111110010110011111
0101000000100010111110010001110100000011
1110100001011000111010111011001010111000
0110110010001011111010101011011011111011
1110011111001010100000100101111101010111
0101111101111110011101010100010110101000
0111001110011111010110101111010100101001
1010111100101100110001110011000110111111
1101011100111011100101111100000100001010
1000101110011111110101101100011011111011
1001001101101001011101000011101110110100
1101011110101101111010010011100001000101
0101110110110111101101100001001110111111
0011110001001010110001100110100100111111
1110010100100101010001011111101000001111
1010001110100101101101110111100011010111
1110100001101110010011111111111111101101
0101110111011110010101111011110110111111
0111110001100101011111100101101011011011
1001011011100111111101111110111110110101
0111011011101000111111010101010110101011
1111011011010101111101001110100001110011
1010101111011011001100111010110111100100
0111101101001011110101111110001001100110
72 218 37 24 9 5 0 4 