50
36
101011110110111111011111111011111111
001111111100101010100111101011111111
010101111101111101111111110101111110
111111101011110110111111111111111011
111111111011111111100111100111111101
111101011111011001111101111111111100
111110110111111011101111111110111111
111111010111111011101110100101110111
111111111010111111010110111011011010
110110100101010011101111010110110111
101111011011111101111011110111111000
111101111110111111111111111111111110
111111101111110111111111111101111110
111111011111111001110110111010011111
111111111101101110011101101111111010
110111111110110100111111111110011111
111111101111111111010111111101111101
111111111111101110111101101111011101
110111111110111111101011111100111111
110110001111111111111010111111110111
111011111111001001100111111101111011
111101111101011110010110111011111111
111001111111111111110101100111111001
111111111111111011100111111111111101
111101111111101001111110101101110110
111111111101111101111110111111111110
011110111111110111110111111011111101
111111111111111110010111111111110010
000111101111111110010110111110110110
111111110111101110101111111101111111
111101110111111001111111101010111111
111101111111011101111110111111110111
110111010101111111010111111111111111
111110011111111101011110100111111111
111111011111111111101110001111011111
111111111101011110010101111111110111
111111111111110111111101111110111101
010111011011111111000011101010111111
111010010101111001111110111111000111
111111110011111111110111011111010101
110111111010110111011000110111011111
111111001011010101111111100111001111
111111101111000111010111101111111101
110111111111111011011111111110101111
100111111110101011111111011110110101
011111100011111111110011011101101111
110111111111101111111101111001111101
111011111000111111111100111001101111
011111110110111111101111011111011111
111111110110110111101111001111111110
41 117 24 8 1 3 0 4 