50
45
100010000100000100010010010010100101000000000
010000100010000001000000000001001110010100010
001100000101001101011000000010000000000000000
000100010000010000000010000001000010000011000
000000000110000100010000001100100000000000100
100010100100100100010000000000100000001101100
000000100000001000000000010000000110000000000
001000101000000010000001010100101010001001000
000010000001000100100001100000000010001110000
000000000101001000100101000000001010000000010
100000100000000000011101000100000000000000000
000010000001000011011010000000001000001000000
101000010000000010010010000000000000110000100
000000110000000100000000000010000100000000000
010000001101000000010010000000010001000001001
001000000010010000000000010000100100000011010
000001000000010111000000001000010001000100000
000000010001000001000001100000010000010000110
010000001000000000000000000001110100011100000
101000010000001000110000000000000000010001000
001111100100100010001010110010010110001000110
011010000000001000000000101000001010010010000
000010000000001101100100101000010000010000000
011000011000001010000010000000000000000000000
000000000000011100010000010000000100100000100
000000000010000000000010000000000000100000000
010000010000100000000000001000001000000001010
010000000000010010100000000000010011000001000
000000100010100100000000100000000000000000010
000000010000010100000000000000000100000000010
000111100001000000000001000000100100000000100
000010000000000100000000000000100000100001010
001000000001000100100010011000000000001100000
001101010000000000001101000000000000010000111
010011000100000000000000010100000000000001100
000100000000001000010000101000000000011000100
010000000000010010101000010100001000000001000
000001001000001110000010000000110000100000000
000000001100000110000000000010011001100010000
101100001000000110010000001000010001000000000
000100011000100000010011000001001000000000000
000000001101101000100000100110100001000000000
000010110011000000000000001010000000010000100
000000110000010100000000000001001000000001101
000000000011011000000001100000000010100100000
100000010000101000100000101000000000000011101
110000000000100010000000000001010000101000000
001100000000000100001000100010000001100110000
101000000000110001010000010001000100000010000
000001010110000011001010000100000011100000001
39 117 27 10 3 0 0 0 