55
50
10001100010110000011101111111011000111011011111011
10011101011101101111011011110011000111000111101011
00110111110100011001111010111110101100101011111101
10010001111110001010011110000011010101101010110000
01011101010011101101101110111101001000101010000010
11100111110111011111000001111010110100000111111111
11000011011101110000100101010101101000001101111101
10100001110011001111011111010100001011010111101111
11101101100110101110110010100110100001010111111111
10111100100110111101100100010101111111011010010011
00100101111001101000111101111111011110110111011110
11011101111001011101101000111010011010110001100011
10000110101111100010110111000001011000101100010110
10011111101110011100111101001010111101111011111001
11110110010111110110011110111010101000001110011001
11110000111100100110101110011100111111101110100001
10101101000001110110001111100001111100000111111011
11101111110110100111101100100011001111011100101111
00111000001101101001001001111111101011100110011110
11110010111000001001100100000110010111111110001111
11011100001110100001101001111111011001100001110111
10101101011001011111100110010001000010000101111101
11111101010110111101111110011101010110000010011100
01111100111001010101000101110110101000100110100010
01111100011110111001001101111101110111010001001011
11111011010011011011110011111111011110100100011111
10100010110100100110010101111000101101001100111001
11001010011000110100101110111000110001011111111011
11111110110111110010111110011111111100011100111111
01001110111100100110011100111101011111111011101101
10110010011100011111100001010101011011111111011101
01111100011010001101110110011110110101101100101101
10100011010111010111011011101110111011100110001000
01111100010100100101101001110101101110010000001001
10101110110111100111010101101011111100111011111111
01111111110011100111110111111101111001011111110100
01111110111111011001011001011001101011001110011011
10001111010111100100111100111010011110110000111010
10010100100101111101111110110110110001000111010110
11001111101001001011011011001110111001010100100111
00110110101011010100111111111100011110110100111011
01101010011101011100001111000101111100101000111011
01101011111101011010111110000011010010011011111101
11110011011101111000010101110010001011001011101100
11111101111011110000011111111110110010011100101010
10111011111001111110010110001100010001010110110010
01001111111001111101101010101001011010111110100100
10111111010111100100101111111100111101010111010110
00010011100101010101101000100010010111100101011011
01111100101110111010001011100001101011111001110111
11010110111101001100101111111100101100010110110001
00101111111001100010100001011110100010111110110101
11010011011111110111011100010100100010101100111100
11110101111101111110010001001011101010110101111100
11110000001101111111001010111011111110111001111000
151 413 71 35 15 4 0 7 