50
40
1111001110001001100001111010001101111111
0000001111011000011011101110010111111101
1010011011101111010000100010111100101010
1000111111110111010111111011011111111111
0010101011010011101001111101000000100000
1111100101010111001110001010111011011111
1101110110010111111000000100010010001010
0111110000011000001101111101010000011001
1110011111101011010101110010110000001011
0000111000101100111011100111111111101010
1110000001011111000110110111000110111001
0011110001111011010010101011101111101100
1110111001111100011110111110100100011011
1000110101001001000111100111110111111111
1001110111100111101111111011000111010011
0011011100010110111110101010001101010111
0011000110001111001000111011010111011001
1001101101011101111011000110111011111110
1101011110101001101101111101111111001011
1100011110101011101101011110011111101111
1111110101010001101111110100010010010011
0010010110110111101011111101000001010001
1100110010100001101010100111101011101011
0001010111101110110111101001011000010010
1110001110011111001001101100110101001110
1100011111101011111110001000001111100001
0000100111100010110101110111110110001111
1011111100000111101011111101111111110100
1101100010110101111001110100011110111101
1001110110011110100101111111111010110010
0010110111010111011101111100000001010101
1111100100000101111111111110001111111011
1101111011001101010101011110011010101000
1011011101000001111101000101101111101110
1111011101100011011000110101101001000101
0011011011111010101101010010100111011011
0111100100001110111000101110000001001100
1101111110111111011011101001100101010111
1000001001111010011111001100111111110101
0010110011011110110111011101110111010111
1111100010011101011111111101010111011111
0110101010111110111110011011011001101011
1000111110110011101011110111111101010111
0101001000010110101110100011100000001001
0011011000111110001111010111101101100100
1101101001101110110001111001101100010101
1111100111111110010101110101000011001001
0011101100011111011111111100101110011100
1011010101110010011101000100011010111101
0101011001101110001000100101101000100011
91 286 67 23 6 5 0 7 