50
38
11110010010110110110110011000110101010
11101010111111001111110110101011111111
01100101000100000110011111011111000010
10001101100000000011111000110001010110
01101011101001111010111110100100011001
00001001101111110101010011100010101101
01001111111000100101111111000000101110
10001101111111101000011011011111011110
11100101011001111000111111001111110100
11111000001010001101010010111101110101
11111011100100101111010001011000101101
11111110001100101011010111110110110000
00011110110101001011100001011100111100
10111011001110111000011101111011010001
01110011101001101100011101101111100100
11111100100101111111111110110111011011
01000010111100100111101010000010101010
10110110111111110100101101110001110011
00010011101101011001110011011011101110
00100011111111110110111010010101010011
11001010011010110001001001100110100011
11110100111100110011110110100111111110
01101111001011010000001111111111001001
01011110101011001100101111101110110101
00010010011101101110111011110010101101
01011100110110111101010000111100000111
11010100001001100111000111100100111011
00110110100111100110011111110111100011
01100111001110011011110000110111111011
11111001011101010000110100101111010010
11001011111111111011001100011011011010
10010001110110110111111111110100011011
11111101110100110101101110000001000011
00010101010010101111110001110010010011
10010010110110010000010101001010111110
01111101111011100001110111000100111101
00110111111100011011110111111101101101
11110111110111110111010011100110101001
01001100001111101010110111100011110010
11011010010010010011111111110111100111
11100001010111011001111110101110111001
11100111110101100011000000000111100111
00101011000011110111011010111010110011
01011111110011101111011111111101100101
11011111111111111011111011110110001001
11111110101101011101101111110111001111
10110011100110001101011110001110000001
01011111111111001010010110110001001111
01101110111100011001101010111111011110
00111111011111111000010000101110010101
70 218 40 13 4 6 0 8 