34
50
10101011110000101110010111111011001111010010101001
01101110011001111011001100101101110111101011001011
00000100000001110011100011001111111010111101101111
10010111011111011000011011001001111110010101101001
00100101001101011010110111000011001110011111111110
11010111101111010000110011010010000110001001000111
00000110101011110000001011111010111111001010101001
01010111101001101111101101111011101100011000101110
11011000111101001001011011000100101001110101111111
00100101111000010100101111111110101110011100000111
10001110001111010101011110001011101010011010011110
00010100110011100110111001001011111101101100101111
11010000101011011101100011011001110110100011111101
11001001110001110001001111110100010000111001101101
10001010101011101000100011111100110010111001111011
01001100111111111101001111100110011111100110111101
11111111101011101001101100101011111001010001001110
01101111110100101111111001100111011010011101111111
11001001110001100100010011010100001110100110010101
11101100010110011111111101000110101100000011000110
01101011100101101101100011101111111111010101011011
10110110011100010101001111011000101001010100000010
10011111010011110111010110111000100101011111111000
10011100010111001100000110111101010111001010011001
01101110100110011110110011111100000011111001100011
01000010110001001110001111100110110011011110010010
11111110111111110111011110000001100101110111011001
11011111111000111010101100011110011110000110011110
10000111000111101010100000110101101011111011111011
10000000010011111111111111001100101001001011001111
01101111001101110011101110100011010110101001000011
11010011111100011100110011000011011111000011101100
01010000111000110011001111101001110111111111010111
11101000100101011000110001101111010110100100010001
33 85 12 6 2 2 0 1 