34
50
11000110010000001110000000000011000000000000100000
00000000110000100000000000000000000010011000000000
00000101000101001010000000000010110000000000000000
01000010101000000000101000001000100001000011101100
00000000000000000000001000000100010001000000000010
00000100000000100000000001000000000000001011000000
00000000000100011000100001001000000100110000100001
00100000100010000001001000000100100000110010000000
11010001010010010001001100000001010010101000000000
00100000100000100000001000010001100000001001010010
10000100000000000000000000000000001000100100001000
01000110000100010111000001100001000001011000000001
01000000001100011101010100000010010100100100010001
00000000000110000000000100000010001001010000010000
00001110000110001000010000000000000111000001000100
01001010000111000001101000110000100000110000001000
10001000000000100100000000000000000000000100001110
00000000110001101010000000100000010000010100100000
10000100010000100000010101010001000000000010000000
00000000000000001000000100000010000100011000100000
00100000110110000100000001000010000000000010000000
01010011000010000011010000011000000000000000010000
01010010001011000110010001001000000010001000000001
01001100001000010000000101100000001000000110010000
00001001000011000000000110000011010001100110001010
00100000000011100000100100001001000001010011000101
00000100000000000000100000000000010000101000010010
00000010010000000000000010100000010000000101000000
00011010111001011100010100001000010100100010010000
01000100100000000000000000000000000000000001000001
00010001000000100000010000000000001100101000000101
00001000000000000000000011010101000111100001100011
00001001000010000000011000000000000001100010000100
00001101100000000000010000000000000000010000000010
14 30 5 5 0 0 0 0 