50
50
10000001111100110001110110110100010100110111000011
10001111100011101001000100010011010101000101001100
01101010110000011011011000011100101000101101110111
10101100000110001000101111011000010111011010000010
00000001000001110110000110011000101110000000011000
00100100010010001110000111110100101010010011010100
00011010101011101001000000000100001101101011110011
11111100110101011000110100010001100101000000001010
00101000011001010010100000001000011000001000100111
01010010100000100010100100000010000110101000000000
10100101001000110111101000100000100010101011100001
10111011111001100100001000000100110100100000001011
00111100000010011011110010111011000000111110100010
10001000110110001011111011101001010000110111101001
00011111001110000000111000000111000001110001010110
00100001110010110010100111000000100101010110011111
00001001111101010001100010111110001011000000101000
11001110101101000000000011010110000100101001000001
11000010010110100010110100000100110000011100000001
01010001001100101100000001011011101001001010000001
11011000001010101010000100100000100011000111001110
10000101010011000000000001010111100010101000100010
01110111110011000000001000000001001100001010111100
11011111010001001100001001000000110101100110010101
01010001011000011010000011001010000010111110110100
00000111110101000111000000001000111000010000000111
00100001111000111010001011111010110100101100010100
00010010100100100101110000100101001001111000000100
10100111011010001100001000011101001011100000000000
11001001010001110100100100000111000101101000000111
00111001110000000100101110001000001111001111001100
10100111010000001011011000001101000001001010010010
01101010111000101100000010011010001000011000111110
01010001110101001001011000001100001100111010010010
11011110010100010110000100001000010101110000111000
00110111011100110101100100010100011000010101000011
11100010001001010011110000011011000011110001101000
00011111001010101101110100001000100001001101011100
00000011100001010111110100100011011000010011000000
10101111100000110110010111100001101000001111110101
00010000101000111110110010111101010100010110001011
00111111010000111000001001011010010100010000000011
10010001010011000001100011110101010011000111100101
00001001000100000100100000000000010000110000110001
01101000100110011000010100000011000001011100100000
10000110101001000011100101110000101100110010001110
00110001111000101010110010110101101000110001010000
00101000101000001111001000001001001000100001101011
10000111100000111000101010010100001100010011100011
10110000100010010110100011010011011111110000010100
87 272 49 24 9 3 0 0 