32
50
10111111111101101111111111011111111100100110110111
11111111110111111111111001111110111101111111011110
00010111101110111111111111011111111111011011110010
11111011110011011111111110110111111111101101011111
11111011011101111001111011011111111111111011111110
11011111111111011111110111110111111001110110001101
10110111111111111110101111111110111111011110111010
11100110110111110011101011110101111111111101101011
10100111011111111110111111100011111111110111011111
11110010111111010111111111000011101111011110111111
10111111111010111111111111110100111111111111111111
10111111110110001011101110111111111111101111110011
10110111111110110011011101101111110111111011011110
11111111111111010111110110101111110111010101111110
11101111111111111111000111111101111111111011101110
01001111101101111110100011110001011010111111111111
11011101111110111101111111111110101111111111111011
11111110111111111101111111111010011111011110110111
11011111011111101011111111100010011111101111100111
11011110111111011111111001110110110111010111101111
11111101101110111111010101101110110011111111111111
10011110110111101111111011110111111111111111011111
11101111100111111111111110011111011111101111110110
11111011111101111110111111010101011111111101111110
10010101011001111010110110101111111111101011111101
11111101110111111110111011011111111011001111011111
11011111111100111011111111111111100111111011100011
11111110110011111111110111101101010111101011101100
11011010111111110100101111111111111110111011111111
11000111111111111011011111111111111010111011111111
11111011011111101011010111111011111100111011011111
11101111000011111111111011101111111111111000110111
77 247 37 18 9 4 0 9 