60
50
10000000000000001000000000000000100000001000000001
00011001100000000000000000000000000110000000001000
00100000010000101000010000110000000000011001010100
00110000000001000100000111001111001000001000010001
11010100000000010000100100001010000101101000110000
00010100000000000000000000101100100000010000000000
00001100000011000000100100001000001000000000000001
00001101010100000000110000000000000000000000000000
00010000000010010010010010000000000000100001000000
00000000010100100011000000100000010100000000001100
10000000010101001000000011100000000010011010000000
10011100100100010001000000100000000000000100000000
10000001000100000000001000000000001100000100001000
10010100001010000000001001000000000010001101000110
01010001000000010100101100101000010001000000010010
00100010110100000001011100100101000000101100000000
01000000001000101010001000010000100001000100100101
00000100000000000000000010011001000100010000010001
00010000000010011000011100001010010010000010001010
00000000010011000000100100000000000000011001000010
11001000000000100000000000010000000000100001000000
10001000001000000001000010000001000000100001000001
00010010000000100010100100000000001000000000010001
00000100100000000000000000000001000000000000011100
00100001000000000010011010100000011010000000000000
00000000000000100000000000011000110000000000010000
00100100100000000100010000000000101000100000000000
00000001000000000001000000000010001011000001000111
00100000000000000000001000000010100001000110011000
01110101000000000000010000100000000100110011000100
11001100000000000000100000000000110000000000011100
10010000000000011000000010000000000000000101000000
00000001100010000000000000011001000000000000010000
00001010100000010011000000000100100000000011000100
00000100010010100100100000000000000100000011000010
00100000000111010000000000011000000100001000000001
10000000000000010000000000000000000000000000001000
00100001010000000001001000100010000000100000000000
00000000100100000000100100000000000010001010000011
10001000000010000010000000000001000000010000110010
00101000010000000000100001101100000000000000000000
00100010000000000000010000000100000101001000000000
00001000100000100001010001000000010010000000000010
00000000001100000000100000000000001000000000000000
00011000100001001010010100100000000001000000101000
00000000000000101100100101001000000000000101000000
01111000000000000000000111000010101000001101000100
10010000000010110000000100000000000000100100010000
00000000011001010001010000001010100000000000000000
00100111000011110000000000100000000000000000010000
00000101001010000100010000000000100000000001100000
01010000100100000001010000001101000000100001000000
00000100000100000000000000000100010000001010000000
00001000010000000000000000010010000001101000101111
00000000111000000001010000100010101000000100010000
00100010101100100010000000000010000001001100010000
01000100000001000000000000000001010000000000001100
00010000010010010110000000000000110010100001000000
00001001000100000001000000101010000010001001110000
00100000010100100000001000000000000010000000010010
51 185 24 6 0 0 0 0 