32
50
10110110000110111101101111101100001001001011110110
10110101000001111110110101101110010110100101110000
00100111010000101110010010001101110110101001011001
01010010101101110111111100110111010111011111110001
00010000011010110101111000110110011111110000111110
01010101111100111100000111101010001110100010100111
01101110011000101100011110101000101000011010111101
00111000101011001100111111111001101001111010011110
01110000000010001011100110111010100111111010000111
11111001000011011011111011110001010111111001111001
11001101110011011000001110111111111111110101101110
10111101111101100010010110111110110011000111001011
11001110110010101100111111111110111101011001101111
11010001011111111001011100001001110110101111100110
10111001011001001111010001011100001010001011111111
10101111111111111011000101111100111111101100010111
01011011110011011011110101111010111011100110111011
01001001100001101111101001101000100101111110101011
00011101010110101101110111111110100111001001011001
10111111100111100101000011111111110011111110100101
01111101101001111011110101101101110001111111110101
11001111111011011010110111001101101100101100000111
11011001011011110000000010100101001001011111110110
01001101101111110110101010101110010110101001100011
10101111001110010100110010110010011111011010101110
10110110111100100100101000010111100111010001111011
11111111100110111100110110110111111111000111111110
10001101001011011110100101101101110111001000111011
00110110111111110111010100101000110100110111111101
10110011110001000011011111000111000110101000110111
00000101111111111101011011110101010011011110101111
00100011101011010000111001111011100011010010100011
92 223 43 22 4 3 0 9 