34
50
11110001001100010000100101010001000010100001000001
00111010001010000100110010110101001000100111100111
01010011010000011000110000011000001110010111011000
11000110100010000100011101110111011010000110001010
10100101110100101100001110010100111000000111000111
10001100100010101001100110011001000000100110000101
10111001111000000101000000010000100011111001011100
01010101001000110011111101100001010100011001000100
11100111110110000001000100011011011000010101100000
00000000110001000100011001000000010100001011000000
10100001011000001010000001010100101011000001001110
01010010010100000001100001101101000100111100100110
01111010100001100111111000000000110000000001010000
01010100001110101000001001100111111010000010010011
01100001000010000001010000100100001100010001100101
01100010000110110000000010101111011111101110110101
01101110000001001000111010000100100101100100101010
01101101110000001110000110010111001100000100001100
10000111101001110100010110001010001010010100100110
00100100110110101110110000000110101111100000011110
00101000001011110011100100100000011011101011000100
00010010000000000110001010110011111100011100110101
00000010001000010100110110000011110101110100001010
10011010011110110100000111001011011110100000100000
11001101101110000101000010100010010000101101000101
01110011111100100100010011001010000001001011001101
00001001101010001001001100101011010111000000000011
00000110010000101000110111001111000100000101011010
00000010000010110000010000110001000010100100001000
11010110001001010100100001001000001000011110000111
01100000000001001000101001101011000110010101101110
00101110111110011010011101010001010101001000001010
11101101101001110010011010001010000010110010010001
11001110110000000011011001111010111010010110000101
30 108 17 5 3 3 0 0 