50
40
0110111111111011011111111111111101110111
1110011110101111111011111011111101111011
0101111111111101011111101101111100111111
1011111111110110111111111110111111111111
1110111111111110111110111011110110111001
1111101111101111111111111111100101111011
1101111110111111111111101101111111111010
1111111001111111110111111111111110101010
1110111000011111110101110111100110111011
1111111111111101011111110111011111101111
1110111110011101111111100111011101111011
1111111010111011101111111111111111111011
1011101111110011110111111111101101101100
0111011010111111101111011111011111110111
1000101101100111111111111101111001111011
1111111111111110111101011111011111111111
1111111011011011001011111100111110111111
0110111111110111101010111111111101001010
1111111010011111011110010111111111110011
0111011111111111110011111101101110111011
0111111110111111100111100111111111111111
0111111101111111100011111111101111111100
1010101111111111001101011111111011111111
0010100011100111101101111111111111111101
1110111111111111110111111111111101111111
1001011111110011111111111011011010111110
1111110011111101011111110111101011111101
1111110100101111111011101111001111111111
1111111011111111011111111010111111110111
1100110111111111111011100111101111011001
1111111111111111111111111011101111101011
0101110111010001111111101111111011011111
1101111011111111111111111111011001110110
1111111110110111011101100111101101111101
1101110100101110101111111111111111001111
1001110100111011101110101111111111111011
1001011011111001111111011001111111111010
0111111111111101011111111011111111111110
1010111111011111111001011111111111111111
1101001011011111110111100101111111111111
1111111110101110111110111111100111111011
1111111111001110111111111111111111111111
1111011111111101110011111101111111111111
1111111011101111111111111111111111111111
1111111111100011111010101010101111111100
1111110001111111111011011111101011111011
1111101111010101010111111111111111100111
1111000111111101111111011111110101111101
1111111011111111111111111010011111101111
1010111111111110111111110111010111111111
44 232 30 19 9 4 0 9 