50
50
00000100101000101110010000000110000000100010010000
00010101000000000000000101010000100000010000110010
00101101001001000000010000000110000000000000101100
10000100000001000000011010000001000000001000000001
00000100000010010000000010000011000000100000001000
01001110000010000010000100000000000001000010000000
00000010001100100000001010000010100110000000000000
00100001001110000101100100000000000010001000000010
00000000001100000010000100001000000000000100001000
00100100101000000000000011001000100011000110000001
01000000100010000000000000000000000010001000100111
00000000000000010000010000000000000100000011000000
10100000100001000000000100010010000010001100101010
11000000000011001000000100000000011000000000100000
00000001100110100001100000000010010000010000000001
00000000110000000000000000000110110000000001000001
00100100100100010000000000000010100000000100000100
00100011100000000000000000010100001101000110000000
00010100000001000001001010000010000010000000100010
10011100000100000101100000000001101000000010011000
10000100000001000100000001001000100000000000000000
01001010011000010010101000000111100010000100000001
01010000000000000000010101000000000000010000000000
10000110100000001101100000001110000000010000000011
00000000000001010000011000000000001010100010000100
10100000000110001000000100000000000101000100100000
00010100000100001000100000001000000000010100000001
00000000001001000000000000011000000010010001000000
00100000000100000000010000101000000001001000000111
01100000001000010000001000010001100100010000101000
01010000011000000100001000010000000000100010100000
10000010010000101100001000000001001001000000000000
01100000000001010101000010000010000000100000000000
10000000000001000000101000010010100001000010100000
10010000110000010000000000110100000000001000101010
10001000000001010100000010100100001010000010100101
01110000010010000000000000010100000000000000000000
00010000010100100000000011000110100000100110000000
00010001000010001000100000001001001110000000010001
10000011000110000000000000010011100000100000001010
10101100010010000110001000100000000000000101010000
10000001100000000010001000000000000001001001010000
00001000001101000000010000000000001100100000000010
00000000001000000001000001000100010000000000000000
00010011100100001001000000000100000000000010000001
00000100000001000000000010000000000000100000000000
00101101001000110001000100100010000000000010000000
00000000000000000001100001100001000111001000000010
10000011000010000000000100000001000000000010001010
10100000110100000000000001010000110101101000010100
56 134 22 17 0 0 0 0 