32
50
00000000000000000010010101001000000100000000000000
10000010001000101010000000100000010000000000010000
01001100000000000110001010001001110000010010001100
00101001011100011100100000000100000000000000011000
00000001011100000001010000000010000000001100000101
00110101100010111001000000010011001110000000000001
01000000000100000001000000010000000110000000000000
00000000100000110010100110000010110010000100000000
01001000100000000001000001001000000101000010001010
10001010000101000100000100010000000010000001000000
01000001010001000000000001000000010000000000010010
00000000000010000000011000001100000000000000010001
01100000000000000000000001010001100100010000010000
00000010100000010111111010000010100011000010010000
01001000100100100000001000000000110001000010100010
00000100000000100000000100100000000000001000000000
00010000001010000000100000010100001010000110001001
00001000001111000001000100000001111000000100011000
00010000000000000000000000000100000010101110101000
00000101000000000010000000010100000000000100000010
00010000110000000000000000000010000100000001101000
10000000000000000000000001100000000000000000010000
00011000000100010100000000000000101000000001000010
00000010001001000100000001001000000010000000110010
01101000000010001000001000010000000001100000000000
10000000000000010011000000001000011000001000001011
00000000001000000001010101000000000110000010111000
01000001011001001000001100001000000100000000010010
10010000000000000010100001000100001000000110001000
10001000000110000001011000000001100000000000100000
01000000100100001010100100001001101011001000000100
00000100000010000000000001000100000000000001010000
12 33 4 0 1 1 0 0 