20
40
0100000000000000100000100000011000011101
0000000011000001000010100001000000000000
0100000110000010000000000001000000000001
0000000100001000000011000010001001000001
0100001101000000010000000000000001000000
0000001000000000000000010000110000000000
0000000000101000000000100000010100001000
1000101001000000000101000000100000001101
0000000010010000000001000010000000111000
0000000010001001000011000000100000000010
0000100100010000000010000000010000000101
0000000000010001000000000001000000100001
0000000000000000101100000000000001000000
0000000100010100000000010100100000110100
0010001000000010000001000010000010000000
0010000000101101000010100001110000100100
1100010001000001100000000000000000000000
0000000000000000001000000100000110000100
0000000000000000000000010000110000000100
0100000000000001100000010000000001010000
1 11 6 0 0 0 0 0 