60
50
10000000000100000001000001011001001110001000001000
00100000000011000101001000000000000000001101011000
01110010000001100100010000100010000010000000100100
01000000000000101001010000000000000000000000000000
00101000001010010010000001001010000001000000001001
01100011000001001001000110000000001000000001001100
11000000000000100000000001110000000100001101010000
10010000000001000100000001001001100010100000011000
01010100101000000010000000001100001000000000000010
00000010010100000000011010100000001001000000000000
01000000001100100000001000000100000000000000001000
00000000011000001000000000000100000010000010010000
00110001100000010000001001000100000100001000000000
00000000010100001010000000000000000000110100000000
00000100001000000001000000001000100000100100000000
10001000100001010000000000001010000010100100110001
00000000111001000101010000100010000000000000010010
01000000000001000001000000001001000000000100000000
00110000010010000000100010101000011110111001001001
00000000000000100000000001000000000010011000000001
01011010000010010100000010000010000010000000010000
00001000010000000000000000000000011000000000100100
11001001110000000001011100000000000000101010000101
00001000110100000010001000000001010000000000010011
00010000100001001000001000100100000001000001001001
00000010100000001010000010001000100000000110000010
00000000000000000011000000000010000000000001000000
00000001000000000100001010000100000000000001011001
00000000000000011110000010100000011000000100100100
00000000000100000000001001001000000000000010100000
00000001010000000000000000010000101001100000000010
11000001010000000001100100010010000001011000000001
00000010000001010000010000100000000010100000001001
00001001000000000010100000000000010100000010110110
00010000001000011010001011000000001000000000000011
10100000000010000101001000000010100100000100000110
00000000110000000000010000101000000000111000101000
00001000010000000100000001000100010110001001100010
00100010100100000001010100010000000000000000001010
01000000001000000101001000100000010000100001000011
10000000001000100000000101000000110001000000010001
00000001000000101000000000010000010111000001000000
00001010001011000000000000000000001000000000000000
01000100001000000000001001000110000101100000001011
00011000101100100001000000101100001000000000110001
10000011001000010000000100000000010100000000000100
00010000000000101001010000000000000000011010000011
00000000100000000011001000100000000001011101100100
00001001000000000000000010010100000000000000000000
00011011000001000000000011100010000100000000000000
00010110010000010001011000000110101000000000000000
00100110000000000000000100110110000000000000001101
01000000010001100000101000010011001000010000100100
00000110101000000010000010000001100000000100010000
11000100000001001100000000000001000000000010000100
01000000000000001100000000110000010001000000000011
10010010010010000000100001010001110010001000000010
00101000010101000010010010111010000000000100011000
00000000000100110000100100110000000000000000000110
10001100001100001100001001000000100010010010101000
22 61 7 5 0 0 0 0 