50
38
01100000010100000001000101000100000001
00000000011000000000000001000000100000
01110010001000000001001001100011000100
01001100000000001000010001010000000000
00000000000101000000000000110100100100
11111000000000001000000000000000000000
00100000001000000010000000001100000000
10000011000100001100000100000010000000
00000000000000000000001000010000000000
10000011011110001010001000000001010001
00100000010100100100000001010100000000
00000000000100110001000000000000000010
00000000111001001000000000000110000010
00100000000000000001000000000001010000
00000001000010010001000100000000000000
00101010000000000000111010001000000000
01000101100000001000001100000000001001
01100100000100001101001100100000001000
00000100000000001010000010001000101000
00100000001011001000001000011001001000
01000000000000100000001010001000010001
11000000000000010000011001000000000000
00000011000010100010000111001000000000
10000001000000001000000000000110000101
00000000011000001101100000000000000001
00111000000000010101101001011001100001
00000010000100000001000000001011000010
00000000000000000000000110110011100101
00000000001000001000000000000110000101
00001001000000000000000000010001000101
00000011010101100000000010000001011000
00011100001000010000000000000001100000
00000000000001001000110000010000001001
00000010010010000000000001100000000000
00000000000000000001100001000000100000
00110100000011100000000000100000000000
00000011000000110110010000000100110000
00000100000000100100000100100000000111
00011000000010000000001000100000000001
00001000000100000000000110000000100100
00000100000100000000000000110000010100
10010000000100000000000100100100000010
00001000100000000000010000000000110000
01000000000000000000000010000000000010
00000001000001001000001000010000000010
00010000000010001000000000010010100001
01000001100000001110001100100000010001
00001000000101011000100000010100100000
00000100001000000001000001000000000001
00001000000000001000010000000000110000
9 36 6 1 1 0 0 0 