50
36
110110011111101111110100110111111110
101011111011111010100100101111011011
000010011111110101001111111010101010
011001010001010011001110001001111111
111110111110110111100011011101101011
111111010110011011101010101001110011
110111110111101101101111101010101110
110001001110101110101000111011110110
100111010101110010111101111110110010
110110011001110111001000110111111100
101110011111100100010111110101000001
011011111001101001011001010010011010
111011110010101111101111110010111100
111100111011101110001100100111010000
101101111110110111101011001110011110
110111110111111010100011010001110100
111011110101001100100111111111001011
101010000111110110001010111111001011
011111011100001000010111001111011111
101110001101101010000110011111111011
100101001010011100111010000111111100
011001111111101101111011100011100111
011101111111111011111100001110011111
110001011100000010011100011101101111
101100111011100110110000110010111001
111011011001101110001000110100110010
101010100111010100111010100100000100
100111111111100010101110010000101101
101011000111010111011111111011101011
011100001111101110011111011110111110
111011010011110101010111100111111110
101100001101111100101001011110001001
110001011110000111101010101111111111
010101011110101011101111001011110101
111001110100100111111111100011001010
011000001111001110100011000100101000
101111011101111110101010001101110111
111011000111111110101101110001010001
101110011011101111101101010010001001
010101111111110100100001110010110110
111101000101111111011010100100001111
111101001111011101001011101011101010
111001000011110010111010011000111100
010111100101101111010111101010011111
101110110011111111010001001110001011
110010111101111001001100011101111100
111100111011001010101111111101100011
011001110110110111100101010111011111
100011011111001011001111000011101000
100011110000111001101111011010000011
78 257 40 25 11 5 0 12 