50
45
000101100011010000011000110001000110100101000
000011001001010101100100100000100100101000010
001011111101000011111100011010000110011100010
010100100011100101111110000110000010001110000
000001100000001110000010101110000010101000011
110111000010000010000010010101000011011000000
100000101101001101100011000001010010101101101
010000100000001011001101001101110001000100100
010010000001000111011101000000000011101001110
101100101100010100000000011001000000010001100
101000100000110011100001000001000010100000000
000111001100010101011001000011001000001010011
100100111101001000001000110110111011000001000
001010100100000000111001100110010000101110001
110000011000011110100011000101011001010010110
011000111100001110110011101000001000000101110
000010110011101010001000111000000011001000000
100000001101000011011010010100010100000101111
000001000011010001000010100001000000110000101
001110000101000010001010101100000101010001000
011000100100000010111001011101010110011001001
100000101001011001101001111100101101001011101
111000100000111100101001000000100000000010000
100101001100001101001011000110001000000101110
100011000000000001100010100001010000110100011
101100001110000010110010110001010101000001010
111011101110101010000100100010000000010110010
010011001000100000000100100001111000010100011
000010010110010111010001101010101011000001100
010100110010100000001001010100100010100000100
000101000010100000001011000011100001010110000
101010011010010101011000000100010100000010100
111100001100010101001011000100001011111001110
111101111100001101101011100010110011001000001
110010000010100001000000010101001000000101100
110001010010000000010011100000011011010011010
110000010001100011000101001111100100000010001
100011000100100101010000010100000010111100001
110101010001001111100111000000000001000000000
101010100011000001001010100011100100001001011
111111000110010001001100111111110011111101010
010110111001001010001001100100001001110001100
000001101001000000000000011001000100111110001
110010110101011000010100101001101001111011011
000001001010010101111111001001100110101110011
101000111010101111111010100000010101010100001
000000110100101100110100100111000000101000010
010011000110001011100000011011010011100011000
001000000101010001000111110100101100100100000
110000101100110100001011011001101000101010110
71 234 41 12 8 1 0 5 