50
45
111011101001001000010101010011101101111001101
011010111000010111011001111101111110010111100
101100011111010101010101010101000100100111011
110101111111101001110001111110100110110001111
010010011001100011000000010101101101011101111
111101110101101011011011010100000011111111010
111101100011011101101110011000001010101101000
111111101011000000110100110101111010100010100
100111000010001011001010110101111110110011111
111111110101010110001011110010111110100011111
011111001101100010101011010001010111100100101
110011011101101110011111011111111001110011110
001000110011101101011001001001110111011100100
001100010111111110110010111100000011110011110
100101110000001111110111101101010101111011101
001100000011010111011101011111011110110111110
011110011001111101110100111011110101000001101
111011011011101101111110100000110111111010011
111101011110111110100111000000111110101001110
111101100111111010011101110010000110110011110
101010111010110001001001001100111111010000111
100001011110110011100100100101011011000111101
101101011111100111001101011111100100101101001
101100000010011010111011011111011110011111011
101000101011111111000110011111010001011011100
110111111110111110111010110100000111101000010
010101110010111111001010101111010100111000011
101111110011100111010111101101111011010100111
101011011111011010010011100111110001001110100
001010100011100000100101111000111100101111001
111010111101011110111000001010111001010101110
101101011111100001001111001111110110010110101
111000011111101110101110001100110001110011111
001110011111010101101001000011110101111111111
101010101101010000111000111110111111010001110
111100001001111110111001100110111011110110111
000110010110101111101000101110111101110101100
110111111101110111010101110100011100100011011
011000111000100001101110110111111100111110111
100100101111011110111000101000010000100110000
001011101011001000101111111101011110011010110
010101001000010111010010001011011010101011100
111110111111101111111100110110011101101111111
011011110111011111011110111110110110111000001
011111101101110000011011001010111100001111111
101010111111001111110111110100000100111100101
110111111110111110001001000000011110111011110
111100010111101000101100100100011111111111111
001100011001010110110100000011010111110111110
000010000101000110110011110100111101100100011
51 169 29 16 9 7 0 6 