60
50
11010000010001000010111000000010000000000100000000
10111000001001000000011100110000000001001010000001
00001011000110010000000000001110110000001001000000
00011100011110100011001000010111100000000001101000
00010000000001000000000000000010100100100001010010
01010110100000000000000000000010010000010100000000
00100000000000000100010100000000011000000001000000
00000001001000000000100010000001000000100000001101
00001000100100001000000000100100000001010001000010
00010000010000001000001000010000000000011010000001
00100001100000011011000100100001000000000100000010
00000000000000010100000000000000000000010000000100
01000000010000001001000110100000001001000000001000
10010000001011000001000000000101100100000000100000
00111000000000100000000110000010000100000000000000
00010000100100011000110100000001010000000000001000
10011000000100110010010000100100101100000000100000
00000000000100000100010000000010000000000100000000
10010100010100100001100000000000100000010000001010
00100101000010000010000000000000000100100000000001
10000000000110100100000001000000000001000000001000
00000011101010011000000000010000000010000101000000
00000100001010000101000001001100000010000010000010
01010100001000100001111001010100010000001110000000
10001000010000000000100000001000000000001110000001
01100001101000001111001101010000000111100000100001
00010000000100000010100000000100100000000000111110
01001000110000000010000000000010000000010000000000
00100000000000000000110000000001101000111000000100
00110010000000000100000011000000000001000000000000
00010000010101000000000000001000000100001010000100
00001000000000010100010001001101000000000000000100
00000000001000010000000000000000101000000000000100
11010000000000010001000000010001000100000100010010
00010000000010000010001100000100100010101100000001
00001001000010110001000000101001010100000101100000
00000000100100001000001110010101010000010001100010
10000101001010000000000000000100100101000000000000
01100000000010001000000000010001000000110000001011
00001110000000010010001010000001100010001000000000
00000010010000010010100010000000010000000000001000
00100100000000000100000000000000110000000010100001
00000111000000000000000000100010100000100000000000
10000000000011100000000000000000001000000000000000
00000010001000010000010000000000000010010101001000
00010000000011000001000000000000000000000100000001
00000000000010101001000011100101010000011000100000
00000001110000101000000011000000000000001010000000
00001010001000001001000010000101000101100000000000
00100001101010001101010000000000000010101100000000
00000110110000001010000000000101100100011000010000
00100000001001100000010000011001000000000000001010
11000010010000010001000000000000010100000000000000
01000000000000000010010000000000000000000010000001
00011000100000000010010001010000000010100010000000
00000000000110000100111000010001001000000000000000
00010000110001010000101000000000010101000100001000
01100101110000001000001100010010000000000000000000
00001000000010000000010000000000010011000110000110
00000000000000100111001010000000111000000000111010
55 170 27 12 5 0 0 0 