50
45
110111011000110010100011010101100000100101111
001010111111000000100010110101011101101011111
011101111001111110110111010110101101101001101
111100011101001001101011001010011111000001011
101010011110101110111111111101101000010001001
110000010010000010011011011100100101001101111
101111011011100111101110111110011111011001010
011101101001111001110000111101001101011101011
001010101111110101110111110111111010011011101
111111011000011101101001000110110011011111011
111111111001110111011111101111011101000101101
110001000001000001111110001011111011110011011
111011000101110010101110011111100111100011011
101111101011111110000111100011111101100101111
111110111101110110101101011100111101100111101
011110010101110101101010001111101101001111001
011101110101011110011011111011110111111111000
010100011000100000011011101001011100101111110
111111110011000010001010111111111101110111001
001110100111111010111011110110010011000110110
111101110100000110110100111011111101111101111
101111110110110110010111101111001110011111100
100111010110111110101000011110011110110010111
101011101111111010011101100010100110111101111
111100011011101000101111011111101011100111111
110011010110110110011001110011101100001001001
111011001000101011010111110111000100110001100
000000110000000110111001010101110001110101101
010111111011000001001010001010111111001111111
100101101101101001110101101110111010111101111
111010101110111100111111101110111001101001000
100011101000110101101011011110101011110111111
011101111111110001010110100111111101111101111
001011011111101011101001101110100000110110111
101101111101111010010010111010101101001110001
111111001001001011111111111011011110100011001
111111111100101011111100010110111100101010110
110010100111001111010010111111011001111111110
011101111101111001101010011011111001110111010
011011011111101111111110000001101100011111000
101010110010111111110011001111110111101001101
101011100110101100011011010011010000111011010
011111101011001001111110010101010100101001001
110100010111011110101010100110011010111011010
011001001111111101101011110000110101011111011
010111111110011111100111011110000111110101100
110001111101111101000001010011110111011001111
011011100001101011001011001100111010011100101
110000001011111100011100101111101110011101100
011001111011101011110111110111010011110001000
104 340 53 32 8 5 0 14 