55
50
11110110010001010101110110100010010010100100101000
00011000011010010011001101101101101011010001001000
10010100100111010100111011010101110111011101110100
00011100010000001000101111010000011110010010000011
11110101110001100101100100001001010010000000000111
00100110110010001100000000001011110100100111111000
00010010100101000100000001000101001100011100100100
01100010001111011011100001011011110100011101011000
11011000100010100010000000101000000101010000011110
01111000001110110100001001000001110000010101111000
00000010110001000010111001001001010000110000010110
01100111001100100011000011000100100110010110011000
00100010100000001100111100110100000100100010111001
10000111010001010101111011100111111100000011111000
00001100000100000110000000000001110100110011110000
01011111101001011001000011011110011111011001001100
01010101001100101100000010010000000000000101000111
00101101001010011010000000100001001100011000000001
10100000110000000011010000000000100001011000000001
10011111100100000000111110000111001100000100011001
01010100010000110010100010101110100000010000011001
00111011000000001101001000001101100000000110100101
00011011011000010100000000000100010011111010001101
00011001000010010110001001000001000100111001000101
00000000010011100101101000001110000100110101110111
01001100110010111010111010000001010100011100001100
00000101010000110000001000110010000010001101001000
00000010000101101010101101100101000000010011010100
10100000000110001111000011010011010000000100011001
01000001110000011111000010000000100010010000010111
00111000101110001111111011000001101010111011001101
01011101000000001000000001110110111011101000000100
00001000000100010001000110011100111011100111011100
10010100011111011010000010001110100001011001010001
01010101101101001010011000000111000001001000000110
11001000000000111100010011101010100100011100000011
00100000010001000000011000010100110101010010000110
11011110011011100111101011000010000100000110110101
11000000001001100010010111100010111100011100000010
10100100000000100111000000000110001001100110011000
10001100000110001100000100010110000001000110000011
10101010000100000001101000010111100000110000011101
11101110011100000100100001100100100010110101010110
11010010010010010000001101010110010011101000011000
00010011010010100111010000101011000100011100000010
01111111100111100101000100000001111001001010010010
01100011011001110010100010000001101110001011000000
00110110000001001000100100000111011000100001001000
00001111011100110110000011101010100000110001100000
01001101110001001010110010001110000000101100101000
00010110010100101011101010010111100000000101000010
10100000001100000011110011100010101000100110110100
01001010110011110001010010011100101001100100111110
10101000110101100110010000100011000100101100100001
10110101011001001010100000100110101010110000100101
27 105 10 7 1 0 0 4 