20
40
1111111101110100011111011110101101010111
0001111111111111110010010111110100111111
1110101111111011100011010101111101111101
1110111110111111111101111111011111001111
1111011111100100110110011111100101111111
1101110111111011111111010110110111110111
0111010111111111011111111111101011111101
1111110111111110101111011111111111111110
1011111111110111011111101111110101111111
1011011111111000110101111010110110110111
1111111111110101111101111101111100111111
1011011110111111111011011111110001111111
1110100111111111011101111111101101101001
1111110011111111110111101010111111111011
1110111011111111101111111011111011111110
1111111111011111111011111111101100111110
1111101110111100110110011101001110111100
1100111111111100100111101010110000110111
1111101110111111111100111101010011111011
1111110110101111110110111110011111011011
34 115 24 9 3 2 0 5 