20
40
1101011100100100101101101111111011000000
0111100100111100111101111110110111011011
1111100110101010011001110001010011101110
1000111111000101111111101110011101101101
0110111100101101001110001001000111110010
1110111110010111111101100110111101110110
1100011111111101111010111110111010101010
1010001111000100111111010101011101011110
0111001111011101011111100000100110110110
1110000101000001110111111011111101101101
1111110001100010110010010001001111101000
1000111110101000110001111000101111110011
0110101000000110001101101011110011111101
1111100100111000110100101100110010001010
0111001111011101110101011111011101100101
0010000000101100111000010010110100100110
1110110000110111011111101111110011001111
1010111011111011000111011010011111011110
1110000001100010000100011110101011010011
1100100001010101011101100101111111001011
37 99 11 2 5 0 0 4 