34
50
11110011111101111111111110111001111111011111101111
11101001100111011100111101111110100111111101111111
01110110111111111110011101111110111101011111111111
11111011011111111110111111111011101111011011111110
11111010001111111011110011101110111111111110101111
11011111011001001111111111111111110011111101101110
11110111111110111001111001111111111111111111101001
01001110010111111011011101111101111011111101011110
11111111101110111011111011111111011011111111111111
01111111110011111110001111101010111111111110111111
11111111101011010111101110111011011110111001111111
11011111110111101111111101101111011111111111111111
11101011111111011111011111111001101111110111111011
11110111111110111111111111101111011111111111111111
11111111011111100111111011101111111111111101111111
11111111111111111101111111011101111101111010101111
10111110111011111111111101001101111011111011001100
11111110110111111111111111111111101111011101111100
11110111110100111011101111110110000011110100101101
11100101111101011111101011111111110000001111111111
11010100111111111110001111111111111111110101111110
11111101111010111111111111101111111110101001111111
01100111011111111110111001111010111111111010111110
11010111110011110111001111111111101111111111101111
11110111111111111110111110011111111101101110010011
01111110111111101001111011111111101011111101011111
11110111111111111011111111111011111111011111111011
11111010111101101010111001111111111111111101111111
11101111111111010111111000111101111011010111101110
11111111111111011111011110101111001110111010011110
11111110111111111101111011111111110100011101111101
10111101111111111001111111101011101111101111111111
11111111011111111010001110111111110111110101101111
11110001110101111011111111101111110111111011111011
73 173 38 15 6 3 0 6 