34
50
11001001000100000101100000011011110001000010100001
01000011000001100001010001101101010000010100110100
00010101110011001001111011000010010101111000010010
00010001111010001000101101101001101101000100001111
01100011010101001111111011010001100000110000000101
00000100001101110100100110010100100010010111010100
00111101100100111000000100000000010001010110110000
00001000111011110000100111011001001011010001011101
01001001000100110000001010010010000000101100000000
01100011000010011110100110010011000010110101000010
00010000000010001101010100100101001000000000101000
01011101101101101001001101101100000000010001100101
00100010010100010011100001010100100011010111111011
01111100101000100000000000101000101000101010100000
10001000011110101111001101110000000100100100010001
10100111000101010110100011100111110001111000000001
10010110101000000101011110000000001001011011001111
00100001001101100101010100100001111001001000011100
00000010100100011000001010111001100000110010110010
10111001111000010001101010100000011000011000100111
00100010000110010010000011011000101001111101100010
01001101100111000101100111010001010001000001000001
00100010001000110101000010100100111011010100001010
00101011111010010110100010101000110100100001000111
00000001100100000100101110000001000000100100100011
10001001000100001100000011010110000011100100001000
00111010000010010110001001000100010100000001111010
10000101000001110110000011101000110011000010001101
01100110000101000110101010100010111101100100011111
10101110001001010000000001101001000011100111111000
01101100010111101100111101000000000001000010010011
01110001000010100100001010001110001000011110000101
00100100001000101101110000100110010110000000110001
10000001100000001110000111011100101000111100110101
19 68 9 4 0 1 0 0 