60
50
10101110001000001000110011011111111110010101101101
00001110110110101010011000110110110100001101011110
11101101100011100100100000110000011111011101100111
11111001111111000000011100110110111101011111001111
10011011010001110110001111100011111100101101101011
11011110111000010010111010111010011100111001011111
00010101110110111100111100010011101111100101110101
00111111000110101011001010001011111000110111101110
11110010111111100101101111110100010101111101110000
10101101010110010110110001110010001110011011010001
01001010000101110110011111011010001111000101011111
00110000110100101001110100101100011010111111001000
10011001100111110111001100110011100101011110000101
00010100011111011001111011001110000101111011011111
11011011011101000010000110111110110001010111100001
11011111101101011100011110010011100000001100101110
01100110001111010010001001101101010100111110011101
11011101101111010110101111110101011100111111001001
01110101110101011010010001100110101011011110001110
00110101011011011111100010111011001011010001100011
01011111111001110111000010011111101110110011110011
11010100011010001011111010111111001111110010100010
01111110001011101100001100001011101100100111110100
10111101010100101100011111001110100010111010110000
11011011111101101111010011111111111111011100111001
11011111110110011100101101100110111000111111100001
10001101000011000111101011110101001101101101100101
01100100001001001111100100101111101110101101011111
00111011110101011111100011111110110101011000110101
10011110101110101011111101010010011110001010011011
00100101101011111111000111111001111110011010111110
11110100111111111001000111010010111111011011100010
11111001001010000110100011010000110110101011110010
10100111100101100111110100101111110111111110110100
01001111011101001101111101110011001011110110011111
11010111100110101010111010101111011110110001011100
01111110111011001111011011001101110100110111011101
11011110001101011010111000111011110011011110011011
00101011110001111010111111011100011001011010100111
11001111101110111011110011100011000101001000101111
10111110111010110110101100011101101010110101111101
11000011100001111101110000010001111011001100111100
11101110110110111001101101101001010100000100100101
11010111011100101101011110110111101100100100010111
00100111101001000101011101100110011010111110101011
11101111100110111010011110011110011011100101110111
00011101111110101101101111111001111011000011110000
10011011101100001000100111100101001111101110100101
11011101001100011010110010001001001101111101101010
00010111011111000000010100010011100100111101000111
10100111110100110100111101100001110010100011110111
11110111110011010011111011010011111111011100000111
01111100100110010001001010100000101101101000100001
01111101011100110111101110110111111111000110110001
10111110000110110010111111000101100110011101011110
10010101101001111111011110110101000101001111000000
01111101111110001111111100001100101111010111011100
01110000111110101101111111101110101111010110111110
11101001101110101100010001100110111100111010001110
10111111010100011011010010111101101101111110101111
71 246 35 24 9 6 0 6 