50
45
110111111111011011111001111101111111011111101
110111111111110001011101111110110111111011111
111010111111110110111111011110011001011111110
111101110011101111110011011101111101111000111
111111110101111101111111111110101011101101110
111111011111111101110111111111101001111111110
111110111110101111111111111111101101111110111
111101011011011111111101011101111111101110111
110111111111111111111110110011110011101111110
111011110110110011111100101111110111111111111
111010111111101011101110111110111011111011111
111110111110111110101111101111111110101001111
111111101111111110111101111111010011111110101
101111111110111111111110111111111110011101111
111111111111101110111111111100111111011111111
111100001111111111111010011111110111111100111
010011110111111111111101111111111111101010111
111110111011111011111011011101111101111111011
101111111110000110110011011011010111111111111
101111111010111111011101011111110110111111101
101111111111110111111111111101110111111101111
011111111111111111111111110111011111111101111
111111111111011011111111111111011111111111001
111111111101010110010101010110011101011111111
111011101101111111011101111001111011100101110
111001110110111111111111111101111111111100111
111110111111011111101110110111011111111111111
111101011111111110111110111010100010011111111
011110111011111000111111111101110111111111111
111101111111111110111111101110111110011101111
111000111111111101111110111100101110101111111
111101110011111001110111101110111100011101011
011111111111111110101111110111111011101111011
110111111111111111111111111110111110101001111
111110111010111110001110110101111111111111111
111111111111011111111111000011100011111111101
111111011111111010011111101111111011011110110
101101111110101111111111100111010101111101111
111110111100010111111111111110011011101111111
111101101001101111111111111111001110111111111
111111110111111111110111111101101110111111110
111111111110111110111011111110101011101111000
111111111111101110110001001000011111111111100
110111111011101110111110111111111101111101011
111011010011101111111111101111111111101011111
111001000111111000100101110111111010111111011
110111111111110111111111111111111110001111111
110111111111100111111011101010111111111110111
111001100111111111001011111010110110011111010
011101111111011101111110111101111111111101111
44 162 31 4 6 1 0 4 