50
40
1010010001110001001110010011011100000100
1000001011110000011100101000111100000000
1100100000110010011110100110111000000001
1001001010111001100001111100000000001000
0001101100010001111010100001010000000101
1011110111110101000010001011100100100111
0110001110001101111110101100000110101000
0100010010110000001100100000111010001011
0000100010100101000010011001001100011000
1000110101001001000000000000000001111001
1001111001000110110010000100000000000100
1100000101100100110101010110011010000010
0010011000001010010100110001001000101011
1000100001010010101110100001100101110001
1001001000001010001000110101001000010000
0101011000110011001110000000000100000101
0010100010010101110010010111000100100001
1110101001010100010100001000001010100111
0001001000000011011011000111010101001000
1000100010101010000000101010011000000010
0011001110010000101001000101100001010110
0000100110010111001000010011100011010000
0101000100100001001101001011101001111011
0010000101100111011001000101101110000001
1000000000000001010010010010010110001010
0000011000010011011000111100001000100000
0110000000100100110110100000100011100000
0100100010010000000101010000000000110100
0100000000100010110000111001111110100010
1001001101101000110011001101000001111011
0001101101111001100000100000010001010010
0010000100100110000001101000000101110110
1111101001010100000111011100010010110000
0001100000110010110000000110101100100010
0100001000111000010000011111001000000101
1110001111000000011111010011111110011001
0011110011111000000100001011011100010011
1101110000101100101000010001000001000010
0011110101000010001111000000100000100100
0110001001000001001001011110000010000111
0010001011101000000010100100111100001000
0111011001010011010011001010110110101011
0000010000011001001000000011100010001001
1010000000111011111100010010110001110010
0100000011010100010111110010111101101101
1000000000101101000001110100000001001001
0000101110111000100000001011001000011000
0010011110000010000011000100111000110110
0101001011010011111101101010110000001010
0000110001111101001001101010001000100000
46 125 14 7 4 1 0 0 