50
40
1000100001001111101001111110001100000101
1000111101100001111001100010110110000011
0010000001110001110001011011000011110111
1001001011011111000011000010110011011100
0110010101110010000010111001001111010100
0111111010111010110100000000101111111000
0010101111101110111011100100100100001110
1010101101111010000111100111011001111011
0011000111111111011110010111011100010110
1011111110000010011101111111000110001101
0111101000111110100110110101011110111101
0111111110110010101011111100010100010111
1010011001110111101011110011111011011101
0110111110111110101110101000101011001110
1111100110101001011101001111110100110000
1101001101010111000011001111111111001101
0111010110111111011000110110010111001110
1011101101110101101000101011111110100000
1100011110111000011011110011111100110111
0011110110111011011101100010011111110100
0111111111110011010110010001011111100111
0010100101011110110111110100011100010101
1011110101101011101111101100010010100010
0111111101001111011101110101010110011010
1111011111010101100010100011110101011101
1001011001111111110101101001011110001100
0101111111111000110111111100001111100001
0010101111111001111111010111111100100010
0101101110011111010100111111111111110000
1100110101100001001001011010011101101011
1110111110011100110111101111111111010101
0100111001010111111000110100000100011111
0111111110110110101111011100110111111101
1111111101000011100111110000111110100001
1011111100011110011001100010110110111110
1000011111111011001011001010010101010000
1111011101011110111110110011010011110110
0100111011110011110111111111001100011101
1011101000100101000001110110001111101101
1110111111011101101011111111111101101001
1110111101100001100001111001100010110110
1011011011111111011101001101011111101111
1100011011001110111011001101000001010011
0011110101111101000000011110101101100011
1001100011011011111100101111111010111110
0010100110001110010010000111110000100100
1111101100011101100001001101011001001001
0011000111011101110101100111111010010111
0101101111111101001000100111110101100111
1010001010111110011111011101101111101010
81 219 40 19 8 4 0 8 