50
40
0001100000000111000000100000000110000000
0000010010010101000001100000001000000101
0101000001100000000101000000000010110000
1000100000000000100000000100011000000011
0000100001000000000000010001000000000100
0001100000010101000000000000000101000000
0100000000000000001101000010000010000000
0000001010110111000000000001000000001000
1001110000100000000001001100101000000011
0000010010010000000000000000100000100100
1000100001011000000000111000000100010000
0001010000000000100110100001000000010001
0000000000000011001001000000001000000000
0100101000100000010000000100100001010001
0000000100001000000000000000001000000011
0000010000000000101001001000110001101101
0000110011000000000000101000000001001000
0010000000000000010010010001001001001000
0000111110101000000100100001001110101100
0000100010010000000001000001000001000000
0001000100101100001000000000010010000000
0000000000000001000000000001100010001000
0000000101001000100000001101000000100100
1000100000110000000001001000010010010000
0010000010011000000000100100001001001101
0000001000000000100000000000011000000010
0000101000000100000001000001001000000000
0000000100000010000000000000100000000000
1000010101010000000000000100100000000100
0000000000000100010010101101001010000010
1000011000001111100000010100001010100000
1001000011000001000000000100001001000000
1000101101000000001010000001000101110001
0000001000000011001000000001000000000001
0000001010011100001000110000010011000010
0011000100000000000011100000000000000001
0000010000000000000101010000110001000001
0100100000000111001100000000000000010010
1000010000010000001110010001110000001101
0000000000001000101000100001000000010010
0000000100000100110100010110000000000010
0000001100010010100001000000000010000000
0100000000100000001001100010000000100111
0100000110010010000101000000010000000000
0000000000010001001000000000010000010010
1001010001101000000000000000001010000000
0000000100101010100000000001000000100000
0011000000001000000001010000100110010000
1010000001000000000100000000000001110000
0100100000000001000001010001010000010100
13 34 8 4 1 0 0 0 