50
40
0001001110001010000101110111100000110011
0000100000010111100110100000001110001011
0010101011010010111000001000000110000101
0111110001100011000001010111000111010101
1001111001010100001010010111110000000111
0010101000101000011111110010010011000000
1111010001110010101000110101010110010100
0010000101101010000010100011111000000000
0011010010010100100100000111100011001000
1001100000100010000000000011101010110101
0011000110000101100100010000101000100000
0111000000000000001110101011001000001010
1000010111011011100000101001011000101100
1001100011001111111001011001000010000000
1001000000110010010001001000100001100001
0000001101010001001110011001101101110000
0110000110101100101111101000011110100001
0101010010110000011000000011000001010001
0001101010001100111000110111000011010010
1000000000000000111000101100111010000101
0011100110000000001101000001000101010001
1100101001010100010000100000000110100001
0011000001100111011100000001000000101101
0000101000101100000100101110100000101010
0011001011011110011000010011000010111101
0110010010000100100101000010001001010000
0110111000011110011100011111110000010000
1000001111001011011000111010011011111010
1010111001011011010010000100000001000001
0101110111100100001110111101000110111010
0101100010110000100000010010001111000000
1010010010000110100011101100111000010100
0010000000001101100100010000111101100111
0000101110100110111010111011101001000010
0001111110111010010100101000100001000000
1010000001110000100000100000111010111100
0000100100100010110100010110001111110010
1101000110101011111100100110100110001010
0010010010000000010000101000000100010100
1100011011111010111001110001001000110101
0101000010011010001100011110000000010110
0111000000001011111100110110111000010001
0011000001000110010110010001000000111001
1100101000110001001110001000111000000101
0101100000001111100101011010110000011110
1011000011100001001000110111000000010100
1000111000011100000011101010010010010010
0011010011000110011100011010110010001000
0110010001011010001010000100101011000110
0000011100110100100001011100110001000110
79 206 34 19 8 4 0 0 