50
40
1110101101111110110110111111111101111011
1111111011111011010011111101111110111111
0111110001001111111111111111111111111011
1101111101111100111110111110111111111111
1111011111101011101111111111111111111110
1111111011011100111101100110111111111111
1101101100111111001101001111111111101111
0010010111111111110111101101011111111110
1010111111111111111111010111011111111111
1010011111111111110101111111111110011111
0101111011101011011011011111111011000101
1110111011111101101001111111110111011010
1111011111101111011111111100111111111111
1111111110001111001010011111101111111111
1111111111111111111000111111111111111100
1111111111111110011101011110111011111100
0101111110010111111011111101110110111101
1011101111111010111010111111011011111101
0011101111111111110011101101111011111011
1111111111001110111111111110111101100110
1110111111111011000111111111111111111111
0110011001110101011011100111111111111111
1011001001011111011101101111110111011111
1110111111111111111111111011011110111011
1110011111011111111111011111110111111111
0111110101111111011111010011111011111110
1001111111111001011100111101111111101111
1111111110111101110111101010011111111111
1110011110111101111101111101111111010111
0111111111011110111111111111111111111001
1001110001101111011111110111111111110111
1011111011101101111101111111111111101100
1111111111100111111010001111111111110110
0110111100111111111111110111010111111011
0101111111111111111110110111110110111011
1011110011111111111101111011110101001010
0111111111001011101101111101111001111111
1111111111110110111011111111101111110011
1100111110111111101011010011111111111111
1110111011101011111111111111111111111011
1111111111011110101011011111011001010111
1111001001001111111001111110111110111101
1011111111110010010111111111111111111101
0011110111111111111111101111111111111101
1111011111110111100111111101011011111010
1011101010111011101011110111111111111110
1111111111111110111101101011110001110111
1010111110111101111111111011111000111110
0001111111111111111101111101111111111111
1101111000011010110111010111111101011111
75 219 37 15 11 1 0 7 