50
40
0101111110111101000010010110111101101111
0101111111011001101101011010111100101111
1110001111101011100101101001011000101001
0000001010011111001111100100011111000111
0101001111110111111000111110101011001110
1110001111001100111000011010011001000000
0001011001101011100001011110111010111001
0011111101111110001110110101100111110111
1101011110011001111010001111110100111110
1110001000011011010001010001011001001011
1111001111001101011010001111011001000110
1101110010100111011110010111110111011010
0100011010011010111110100011111011111101
0111000100110111100110011011111010111101
0110011011101101110101111010100010100000
0001011100001011000011111001111010111110
1000001100001000011010101011010001111110
1111100001101010001110001011010011101011
0001011011100101100110101111010000111100
0010111001011110111111111100111010011011
0101111111010110101101100111001011010110
0111111100101010011001000111010111100001
0100101101010011111011101111110100000010
0101110001010111111001001110111010101100
1010111110111101011111000011011101111010
1111111101111101001101011011011111010001
1100001101101001100100001101010011001101
1010111010111111111011111110010100001010
1111111011011011111101101101001111011110
0010111001110010110011111110111111000110
1111001100111100010101110111001100101111
0001011110101011110101010001111010011001
0111111001111101110110111101101101011111
1001000000100000111111111011001101011101
1101110101110111011101111001110011000001
1111110111001110001101111000101011111101
0111001000000101011110111111111010010110
1101101110101111100011110111011011100111
1010111100111011110001100011100101011001
1011111111001111111100001101110101111100
1110110111111110111010010111111111101100
1011110011111011110011110000010110000000
0001111100011100111001110111001111010010
0101001110001001000111011100011001101001
1100011001111110111111011010111111101111
0011101111011011110100011110101100010101
0010101110100011111011111001101011011011
0101100100110110100111101101101101111101
1011011101100111001111011101011111010011
1001111110100101001111001111111111011001
64 161 29 7 8 3 0 6 