50
40
0000000000010001000010001000001001001101
0110000000000000000010000000000010000100
0000000000100100001000001100000000010110
1000010100000010000000000000001101000000
0000100010000101000000000000100100000010
0000000100101000001000000000000000000000
0000010100001000010000001001001110000000
0000000001000000000000000001011000100000
0101010000010100100000000000010000000100
0111000001100000001000000100001000000000
0000000001011001000101001100001001100000
0000000000000000100010100000000000100010
1000000000000010000010100100010000000010
0001000000000010110001000000000110100010
0001001101000110010000100100001000000000
0011100010000010000000000110100000100010
0100000000000000000010010011001010000100
0010000010000110100000100000010001010011
0001110000000001100000001010001000000000
0000010001101000000000011000000100100100
0110000100000000000000000011000000000000
0001010010000110001110010111000000000010
0000101000010000001000010000000010010001
0000000000010000000000100000010100000001
0100000010001100001000000010000000000000
0000000001000000101101000000101000000010
0011000000000000011000000000101000100000
0000000100001100010010000010001000010000
0000000001000111001000000010000000000000
0000110000000100000000010000000000100000
1000001000010000010000010110000100010110
0000000000000001001000001001000000101011
0010000010000101000010000000010001010000
0000000000110000000000010001010000011100
1001000001000000000100101110000000110010
1001000000010100000000100001000010000000
0000110000000000000000100010010000000000
1101010000000000000000000000100010000001
1000000010000000101000000010000100000100
1100100000000000001101101010010100110100
1000100000000000100101000000000000000000
1010001000000000100010000000000000011010
0000000000000000000000110100000001010000
0101000100000000000000000010000000001011
0001101010000000100100000000000001001001
0000000100000000010000000100000010000001
1000000000110011000100001000000000011000
0000001101000000000000000000000100000110
0011000000000101001001000011000011000000
0000010000000000011001000000100000000101
42 115 25 0 0 0 0 0 