50
40
0101010000010000000000001000000000000010
0100000000010110001000000010100000000000
0001001110100100100011101100010001100000
0000000001010001000010000001100000000001
0000000000000000010000000000000000000000
0000000000000100000100000000000000000000
1000001000010000000000011000100001011000
1100000001100100001000000000100000000001
0110000100000000000000101000000101001000
0000000000000110000101000000011001000000
0000100000000011000000000000000010000000
0000000001000000010100000000001100100001
0000110010000000000101000110000000101010
1100000000000111000000000010100101010010
0010000010100001001000000110000000000000
0000000000000101010000000000010010000000
0010000000000010000100000000000000000001
0000000101010000000000110001000001001000
1101000010000000100101100001000000100001
0010000100001010001000000011000011100000
0000000000000010000000011101101000000000
0000000000000000000100000000000100010010
0010000100011000100000001010000000000000
0011110100000000011011010111000000000100
0000011100000100000000011001000000001000
0000000100011110000000001000000001101000
0000000000000100000101000100000001000000
0100010100000011000001000010000001000010
0100000000000010000111000001100000101000
0010010011001001000010100100000000010000
0000000011100100000000101001010000110001
1000000000001000000000011000101000001000
0000110000010000000000001000010000000000
0000000000001010000000010000000000010000
0000001000000000000001001010001000010000
0001000010010001000000000100011111110000
0000000010100000010100000010000000000110
0011111100000000010100000000100001000000
0100110100000010101000000001100000000000
1100010000000000000110000010000000001011
0000001110000000001000000001100000000100
1001001000000110000100000100000110000000
0100000000000010000011010000000011001000
0001000010100000111000001010000000000100
0000001111000000000000010010010100000000
0000011010000010000110010000000000000000
0110010000000000000111011001001000011100
0000000000000000010110001100000000001110
0000100000100101001100000000100000011000
0000000001000100000110000000000110000100
21 58 9 7 1 0 0 0 