50
40
0000000000000011000101001101001000000000
1000000000000001000000000000000001000000
0000001000000010000010000100010100101000
0000000000000001000000010000010010000000
0000000010000000010100000000100000100010
1010000100000000001000000001000000000000
0000000001000001000101000000100101001010
0000010001000100000001000100010001000000
0010000010011000010100100010011000000001
0000000001010000000000000001101001100000
0000010000000000000100010001000000000010
0000100110000000000000010000100000100000
0000000000000000000001101000000000000010
0000100010100000010100000010000000000000
0000000100100011000001000010001110110010
0000000000010000000000000000000000000000
0001000010100000010100010100001000100000
0011001000000010000001100000001001010110
0100001010100101000010000010100000000000
0000000000100000000000110001000000000000
0000010000100000100000111000001000000000
0100010100001101010101000101100000110100
0000001010000100001000001000000000010100
1000101110010000000000001000100100100010
0000010110000000100010010010000100000000
1001001000001000010100011100100000100010
0100000000000000000010000000001000000001
0110100000001010000000000011110111000000
1010100010000000010000001001000001100001
0001010000000111000100000000011111100000
1000000000000010010000011001100000000000
0000000001001001000000101001001000010001
1100000000001100101000100100000000000100
0000000100001000000000100100000010000000
0000100100000100000000000010000001011010
0110000000000000010000100000000000000010
0100000110100100000000000000000100011010
0010000001010100100000000000100000011110
1000000010110101000010000010010110001001
0011000000000001001010000010011100000001
0011000001011000100000000001100000000110
0001000010011001000000000010001011000001
0010000010010100000000110000000000000000
0100000001001000010010010000000011100001
0000000010011110000000000010011000010001
0000000000110000011100000001111001000000
0010101000001000100000000001010000000000
0000000000000100000001000000100000000001
0001000001100000000000000000000000001000
0000000000111000110001000000000001010101
25 98 25 9 3 2 0 0 