50
40
0000001000110000000000100100000001010011
0000010010000000000001000000000000110000
1000100000000001000000000100000001000001
0001100000000000000001010100010010000000
0000100000100001000010100011000010100000
0000100000001100001000001001100000010000
1000010100010010000100101100101000010000
0100001000000000000001000001101001100000
0010001001101100011000101010000101001100
0000010000010001011000001100000100001011
0000000001001100000000001000100000001000
0100000000100101100000000010001011000000
0000001101000000100000010000000010100001
0001011000000010000110000100100100001010
0100000100010000000100101011110000100100
0000000000110000010000100000010000010010
0000011100010000010011000000000100010000
1000110000010000100000000000110000000000
0000110000101000001000001110110000000000
0010000010001010110000000000010110000111
0000000000000000010000010000000000010000
0010011011000000101000110001000001001001
0000000000010000000000000010011100000000
0001010110001100100010000010000000000000
0000011010100000000001100000010000000001
0010100000001010000000000010000000100001
0000000100000000001001000000000010010000
1000000000000010000100101000000000001000
0011000001101010110000101010000000100100
0000000100000000000000010010000100000000
0000000000101101100000000000000000010000
0000100000011010000110100100000010000000
0010010000100000010100000000000000010001
0000101101100011000000010001000010001000
1010000001000000010000001000000110000000
1000100110000010000000010000000001010000
0100110001000000001010100000011000000000
0100000000010001000001000000000000001000
0000110001000011010000000000000000010010
0000000001100000000010001000000010000110
1010000100000110000001000000000000000011
0000011010000010000110000000000000010000
1100100001100001000000010010000001010000
0000000000000001000000010000000110010010
0001000000010100000010010001000000001010
0000100000000000001000101000010000000100
0000000001000010000000100100000000111000
1000000010000001101000010000110001000000
0000000000000000100000100000000001000101
1000000000000000000000001010000010000000
22 59 12 6 0 0 0 0 