50
40
0000011001000100101111000010010100100000
0000100000010100110011010111100100000000
0001000100011110011111100010000000011010
0000011010100000111100001100001001110101
0010101101001110010101000001001000000101
0010001101010000111001111000111000100100
0000000001101111010000001100010010001001
0100111001011010100000001001010111000010
0000010000010101111000001001110011001010
0101100000000001010001101110010010111011
1011000000010011010000011000001011110010
1011011000110100000011110001000010011011
0101001000010100100010000000010000000110
0010001100000011110010000100010000110000
0011111000101011100101000011100011100000
0000010110100110000110100000110001101000
0000001000111010001100010101101010010000
1001000001011000000101011111100001001000
0011100100100000011001001110100010111010
0101000001010100000011000000110101101001
1001100100100100100100001100111101010101
1000111110010110000001001000000101001000
1000100000001001011111000001011000000011
0010001111100011110000111111000010000000
0000001100011100100010000101011000010100
0000000110001101010100000011101001100111
1000110010010000101000000100001010000011
0010100000000011011011101001001111100010
0001110101011100111001011010001110010000
1111101011010101000100111010001111101110
1001000000000001001011001010100111001000
1101010100010100001000101001001010000011
0001001110010110100110010000001000100000
0110100100010001000000101000001110010000
0100000000111000100111111000011000110010
0000101110110001000010100000010011010000
0100001001010110010001000110000110110011
0000010010010010110101001001001101001101
0100010010010001001001100010000000001100
0010000110000101101001010011110001110110
1000110011010110110110110110000000000001
1010101110111101100000100001100000110001
0010000000100000001111011000001000010001
1001010000000111001110101110101001101100
1000001010000100110010010010110010100010
1010100001000101011000100001110011101101
1100100010000010111001010101100001110001
0000011001110001100010100011010001001011
0010000011000011010000010110011100101101
0010011101101001001100010000100000100010
35 99 22 8 9 1 0 0 