50
40
0010000010001010011111011000010010100101
1000101000000111001110011100001001000000
0100000101101000110010001110001110100100
0011101001110010101110000010000000000011
0010101100110000000101101011111010010100
0110010100001101010010110010000000100110
0001110111101011001100010001100001101101
0011000100101101000011000100000100001010
1001101011010011011011001000000001110100
1010111110001001000011110010010101011000
0000000101100011100010100100101000101000
1101111110100010010100011010001001000001
0000110100001010000010000011100111011000
0000110001110010110011000010010010011010
0101111010001000001011100110000000000110
0110010001000011100000010000000001101011
1100000101110011110100001010000111001100
0000010010110100000100000000100111010110
0000100000001111000100000000001000001100
1110000010001001000000000101010001000000
0000010010101010111000010000000010110100
1101010000001111010000010011000100101000
0010110101110111010000000000101000011010
0011101101000011000010000010001010100000
0011001101100100110011111011000001111000
1000011000001011100100000100111001000000
1111000001100111100101100111010000011010
0101000001101010100000001100001110100001
1001100011100011000001011011010100001000
1100101001011111111111110011101011111001
1111110000110110010000110011010110100101
1011001001001010010000000110000010010010
0010011011101100111110111010101110000001
0010011001011010001001111100010000100100
0000000000000100000100100111000100011101
0011110111000001001000001000111000110001
1010100000000110011100101010010101101001
0000101000101000010110001001001100011001
1011100000111100001100110000100100000011
1000000011101111000001111000011000110010
1010011100010101000010100010110110101010
1010111001100010111100000001010101001101
0000100011111000101110100100001101010011
0010000101000010000100000010001000010000
1100100010000011000010100010001101100110
1110111000010101101001010001001001001000
1000100101111010011000111001100101001000
0000000111110010110010100001000100110000
1000001000001010000011100101000010101001
0001010100000110011010001100010001010001
57 177 46 16 12 2 0 3 