50
40
1110110101100110001100011101001111110110
1011001000111100110110101001101011111101
0011111111110111111011011010111100101110
0110110100110101100011110101011110011101
0000010001011010110001111100101011000011
1111010110100010001010101101011011111010
1011110110111100101110111111110111100100
0100111100110011111011101001101000110000
1001111100000111111010101000111000111010
1101110111010111100111111101001111111111
0010110101000011110101101110111100100111
0110111111111011110100101111111110111000
1100111010101101011001011101011111110110
0101001010001010100110010001110111110100
0111110000001001111010111000111101011001
1100000101100000111110000010110110111001
0111111111111011011011100111110101001101
1110110011111001110011111100011110111010
1101100110111000101110011001011001001001
1011111111011111110110110100001001101011
1010010111001101011111101111101111111111
0111001000001101110011110011010100001101
1010101011001011110101101110101101100111
1111110101011100100111101010010001011001
1110101011001011001100111001011011111110
1010110111010000001010111010110010100111
1111000011011011111010100001110110110110
1011111101101110010011110010101011100101
0000110010001010100011101110111111011111
1111111101110101100100110011101011000110
1101001101010100011011111100010111000101
0111100001111001110101010111010101100001
1111111001011000011100011111011110010110
1011000011011110010111000000110011010010
1101110011011100011101100101001101010011
0100100111001110010101110001100110101100
0111101110011011111011011100111110101101
1111110011011000110101000111110111111110
0111110100110001101001110000111101111101
1001110000110101101011100001100111110011
1101110111000001010001111110000001100001
1100011010101111011111101110110010001110
1110100100111010111110111111011010110101
0100001110101111001101001101110110101100
1111011110110110110011011001100110011000
0111000001011101110111111101111110010000
0010011010001111110011110111101100111001
0011011110100011110001110011111111111101
1101111110101011101110011110000110001011
1011000111011110011100011011111100110010
79 163 16 10 7 4 0 6 