50
40
0101001011111111110111110100111111111011
1011101111100111111111101101111010111111
1110011111111010101110111101111010001111
1111111001011111111111101111111111011110
1110111101011110111110011010111111111111
0111110101010111110011111111111101111011
0011011111111110111110011011010100000111
0101010100111111111010111111101111111111
0011111001011111011110110101110111111100
0110011011111110110011110111101001110011
1101111111111011111111111111111110011101
1111011111101101111011111011010111101111
1111111110101111111011111111000110101011
1101111111011110010011111111111111111011
1110111111011110011101111011111111111110
0011111001111111101111001010011010111111
1111111111111110101010111111010111111111
1111010011101010111001111111001100111011
0101111110110110010101110111110110101011
1011111111111111111011110011111011110011
1011101111011111110111101111001111110011
1111111101111011011111011100111110111010
1111110110001111011111111111111011111111
1111111111010111101111111011011111111011
0110111010111111011111011111111110111001
0111111111111110111111101110001100111111
1011111101101100111111111110011011111111
1101111101111111011110101110010111111111
0101111110111111111110110011011010101111
1111011110001111101111011110111111111111
1010111101011111111110111100100111111100
0111111101110010101000011111111111110111
1111101111110100111111011110110111111011
1101110111110111111001101111101111111110
1111111110011111111110011101110111101110
1111111111101011110111111011110111011111
1111111010111111111111010111001011110111
1111011111111101111111100011011110110101
1111101011111111111101010111111101011111
1001111011111111111011111111010111111011
1111111011111011101111111111101011011011
0111011111111101101101110111101000111111
1100011111011111111111111111111111111100
1111011111111001111110010111011011111111
1011011011111101110111111101110111011111
1111111101101001111111011100111001111111
1101111100111011011111101101111111101111
1101111101011000111011101011111011111101
1111111111111110111110011111110111110111
1001001111110111101111101111011111111100
99 303 59 23 6 5 0 8 