50
40
1011010011101111101110111111010111111011
1110011111111100111111111111010111111111
1111001011111111111111011011110111111101
1111111111101001101111101110001011101111
0111000111101111111011011101111111110111
1011110111110110111111111110110111011111
1111110101011111111111111100011101011101
1111001111110111011110111001111011111101
1111101011110011111011101011111011110110
1101110101111011111101101110111111111101
1101111111011111111011111111111110100111
1011101111111111111011111000111110111111
0101100111111011011111111010101111101101
0111011011110111111110110011111111111001
1111111111111111100110111111111110111101
1111101101110111101011101111111101111011
1101111111101011010011010010111111011111
1111101111111010001111111110111011111110
1001111011101010111110111011101111010111
1011111101011111111111010111111111111110
1100111101111001111111111111011011010001
1111011100011011101111111010111011111010
1010010111110101111111111111001011111101
1100111111110000101101111100111111111111
1111111111111011111111100111001111111111
0001011110101111101110101111111101111111
1111110111110111101111011001011111111110
1011110111011111011011011111110011011110
1111011110001111111111111111111111111101
1111111110001100110001111111101111111111
1111111101011101110111111111111111101001
1111111001011011111111011101111011111111
1010110111111111011111111111111111111111
1001101001111011110111010110010100111110
1111111011011111011110011111011011011111
1111111111101111111110111110100011111001
1110111011101111111101111111111111011111
0111111111110011001101111101101111111101
0001111111001111011111111101011111111111
0110001111111100111110111111100011101111
0111111101011111111110111111110111001111
1000111101010110101111111101100111111101
1010111110111111001111011110001111111101
1001111111001100111011101111111110111001
1110010100101101111101111111110101111110
1010100110111110101111110111101111001011
1111111101111111101111111111111111111111
1101110011111001011011101011111101101111
1101111111111000111101111110011101101101
1111111110010001111111111011111111111111
99 301 47 30 9 6 0 7 