50
40
0001101100001011110101010101010011100111
0000111110111010100101010011100111001110
0010000011010011101100100101111011111101
1011001011101110110010111011010110001111
1111100101011010000111011100101101100110
0100010110101010000000010110011110111011
1001110010111010101111010010001100101011
0101111000000111111111101011111001100111
1111101100111110010010010011001111111110
1110011010101011111110001111011011110110
0110111111101011101011100101110000100110
1011110111111001011111110111101000110010
0011101101110000001100111110011011011110
0111010000101011111101011011110111111110
0110010110101011111000011010100010111010
1110110111001100111110011111111111011000
0010101011101010010000011111100110111011
0011101011001101101010111110100000011100
1110011010111110000110111100111011111101
1000111010111110101111101100100111101001
1011111010011011101001000101100110011100
0011011110111111011100100101110100011011
1001111010110101001110111110111010010111
0000000010100011101110100000000101000010
1011011101101010011100111011111110111011
0000010100011110011111011111111001101010
1100110110011100111100111111111111010110
0111100011111100111111010111100010111001
1001100111001110010101111010010101111010
1010110101011011001000001100111010011011
0000111110010110101010110001101111010010
0110111110111010100101111111110111110101
1010000100101011110110110111011011010011
1111101111000111100101110100110001001001
1111101101000001111100101101110110100110
1101101110101011100110101111001001000000
1001011111101011110001001000001101011110
0101011001110011111010101111111011010010
1111100100011110110100100101011001111111
1101011110111011000010000110110110100111
0111000110010011001011011010111011011111
1100111111101111101101100101110101111110
1010110100111110000010000001111000111101
1000011110101000101110101111011001100011
0001110010111100110111101101110101010101
1000110101111100001010110111000001110101
1110111111000111101010011110101001011111
0100110111110011111010111101010110001111
0010010011001111111110110111101110101101
1100111101110100100110001011101101001100
83 276 50 27 7 5 0 14 