50
40
1111101111111111111101000011011001110111
1111010111011111010111011101011110011110
1011111110011111101111101111111000111111
0111101101101111110111111110111111111011
1111011011101110110111111001001101111111
0111111111111011111111111110111110010111
1111101111111110011011110111101011111010
1111110111011111011111101111101111111111
1111101100011111011111100101111111011111
1111101101111101111111011010011010001110
1111101100111101011011111011010111111100
0010111111111101110011010111111111101011
0111111011111110111101111111111110111111
1110101111110100110111111101110101111111
0110011011111111101110111111100111110111
1001111011000011010101111101111111010111
1011110111111110101011111111111011110011
1001101001111101111111111100111111111110
1011011111011011110100111101111111111111
0111111111111011111111001111111110111101
1111111011111010110011101111111010111111
0111001111111111111100111111111011110111
1111111111111111111101110011101110111111
1111011011101000111001001111011111011110
1111111010100101111011001011110101011111
1111111011111111110110111101101111001010
1011011101000111011111100111100111100111
1111110000111101111111111111001011011011
1111101101111011011011011101111111111111
1010101011111101110011001111111011110001
1111100011011101101111111111111101111111
1111111111000110111101111111111110001111
1111111111110111111100111101101111100101
1110110111110011111101111110111111111110
0110111110011110111111111111111011110111
1110100011111111111110111101101011111111
1111011110100110110111011111011110101111
0000111111011110110011111111111101111111
0111111011011101111100111111011110110010
1111101101110111111010101111011110110111
1111111110111111011111101111110011111111
1100111011011111111011110011111111111110
1111100110111111101101111011111101011101
1010111111101111111101111110111111101111
0110101011111011001111011101111001010111
1101111101111011111011111110111111111010
1010011011111111110010101001101111111111
1111101111111111001111011101111101111100
1111011011111100111111011110111111111110
1111011011110111111111011101011000111100
118 387 62 43 13 4 0 8 