50
40
0000100000000000001000000100000000010100
0110000001000000000011001001000000000000
0000010100000000000001010000000001000000
0111000011000000110001000101101000101000
0100000100010100000000000010000000000000
0000010000101001001000010000000000000100
1001000100000101001000000010011100000000
0000000000010000100000001000000001100000
0100100000100100000001000000000010100010
0001000000000000100100100101000001010001
0100000000000100000010000000001000000000
0010100001011000001000100100000000000010
0010100001111000000000000000000000100101
0000000000100010010000000101001010010000
0011000010000100010000011110000000010001
0000001000011011000000001000000000011000
0000001000000010000001000001000100000010
0010010000100010000001000000000000010001
0000001001010000000001011011000000010010
0000010001001000001000000000001000000101
0000000000000010000000000001000000110000
0000000010100000101001010000010000000000
0101000000001001100001000000000111100001
0000011001000000000000001001000011000000
1000000000000100010010101011000000000110
0000000100001101000000000010000011001100
0010101001000000010000000000000000000100
0001001000000110001110000001000010000101
1000110010001110000100000010010001000000
1000000100000110000000000010000000100000
0000000000000011000010000100000001000100
0100010000100000000010001000001000000000
0100000010110001000110100000001000000000
1100001000000000001100000000000100000010
1000010000100011010000000001110000000000
0010000001001110000000010000000000011100
0101100000010000100010100010010010000000
1000001000000000110011000100000110000100
0000001011001011000000001001000000000000
0010000010000000100000100000000000001000
0000001000100000101100000000000100000000
0011100010110000001010000000001010100000
0000001001100000000011000000000000011011
0000000100000000000000000000000000100010
0101000000000000100000000000000000011100
0110000000000001001000100000000100000010
0000000000000011000000001000001000000101
1100000000100000100000000101000000001000
0000000001000000100000000000010000010001
0000100101000100000000000010000000011000
23 50 12 8 0 0 0 0 