50
40
0100001011000000010001000000011001000100
0000001010110000000000000000100000000010
0000000100000000000000100000100000000100
0100000000000100010001001000000100000100
0100010000000001001000010000001100100100
0000000000100110101010000010000110010100
0000010000000000001000000000000010000000
0000010000100100010011100001000000110010
0000110001000100000000000000001000011010
1010001010000000000000101100010001001110
1000010000000000110000001001011000100000
1010010001100001000000001000000100000000
0000100010000001100000100100000100000010
0000000000000000001010100000010101000000
0011011000000000100000010000000000001000
0000000000001100000100000000000010010000
1000010001000000100000001001000001001001
1000000000001000100000010000000001001010
0010100100101010110100000100000100000000
0000110000010000000001100010000100001000
0101000000010100000000010000100111000101
0010000010000001000000000000100000101000
1001000001100001110000000101000000000000
0101001000001000010010000000000000100000
0000000000000101010010001100001000000010
1000000001010001000100000001100001000010
0000100001000001000000000000101000010100
0000101000110000100000001000000000001100
1000010001000001000101001010100110010110
0000000000010000000010110000000000100000
1001000000100000010001000100000100100010
0000000000010100110000100000000100001101
1010001100000100000001001000100010001000
0101100000000000101000000001000001110000
0001000010011100001010100000000100001001
0000000010000110000110000100000100010010
0000000000010010100000000000000000000000
0010001100111000100010001011000001100000
1001000000011010110000000100000000000000
1001001001000000010100010001001000000000
0000000000000100000100001000000000000110
0000010000100000011000100000000010000001
0111111100000100000000000000000000000100
0000010010001010000100000110000001001000
0100001000000000100000010000101000100000
0001010000000011100000000011000000010001
0001100000000000000101000010010000000000
0001000000000011001100000000000011000000
1000000001000001000001100010000000000000
0000010000010010000100000010010101010010
31 80 20 5 3 0 0 0 