50
40
0011110111110110100110110001010101111011
0111101111000110101110101010001111001001
0111001011100011100111011111111111101011
1110011111101111110011111001111011001110
1111001111001100100011010110010101011110
0011111011000011001111111100010110011101
0110010001010110101110100110101110011000
1000001110111010111110010111111000101111
0011101111101101110111011101110110010111
1001101100101111111010111011111101110001
1110010011111001100111010010110010100100
1000001011111010111011111110011100011100
0101011111111101111100001011111101010100
0111110010011101011100101011011111111011
1111001110110110111101111101111010100001
1011011111101100111111100101101011100011
1011110001011101101110011011111001110011
1010110001001111010011010011010000101110
1001111111010011110101001010111101101111
0010111011111101011100111011010101111000
1010010110111101101101001010101001111011
0111000100111011010111011000011011110101
1001111110000110100011000111001100011111
1110101011101011110100101011111011101111
1001101011000010011011011111011011111101
1101111010011011100001001001101011011101
1100100111100110001101001111001111111111
1101101011110100010010001110101011011111
1011101010101011101110111000000111011011
0001100101111111011110110001001000111001
1110011111010011010001101111010011000101
1101101000011011011011011101001011010001
0111001011100110010100011010111010111011
0110100101101011111011111000100111101010
1101110011101111111111000101011111100101
1010110110111100100010110111111001010000
1011110011110101011010001111101111110100
0011000001010010100111100011010001000110
1000101111111111001100101000100110011001
1010001100111111010011001011101011100110
1010010000110110110011100100110100110110
1101000001001111000011010101011011011111
1000101011010011111011100101100011101111
1110111001110000011011111111111011100011
1010111010000010001010110010010001110001
0101000010101010001010111010111110101101
0101110101001001010010001011110000010001
0100001110010110101110101011111010110111
0111101111110000110011110101011101100101
1011111110101010111111111100110100111011
49 178 25 11 1 5 0 5 