50
40
1111001100110010110001101000110100111100
0010111000001100101101010010011010011110
0001110100100000000111101000100000111000
1001010111001011011001110001100100000001
1111010000000010101110000011100110100000
0011100110100110100010010100101101000010
0001100000100100100010100011101100010010
1010001010011010000001010001000100111110
1101000110001101100000001111000110000001
0010000001100000011010011110000101110101
0000010001010010111000010100110000000111
1111001000001000000111011010000100100100
1010101100000001011100010011001111101110
0100000001000011101101001010110010011000
0110110000001000010010000001100001110000
0001100000111010001000000000010011110100
0101111010001001100000010100001111001001
0100111110010100011111100101101000001000
0000010100100100010001000010011010111000
0010001001010001000001010011011100011111
0110101000011110111001001010000101010000
0001110000000000110010001110110000101101
1111000110000001000001101000001011100001
1010101100011101001000011110011011110000
1010110110000100100010001010011110100001
1001100101011101010011010010011111000010
1101000100010000010111000110000000001110
0110000000010101001100001101010010000100
0000000001000111000101101001101100010011
0001001011111000000010101000110000001010
0000101001001100011010110010001001100000
0001100010000001001001011010111100101100
0010001010011001100111101111001110101010
1101100010001110001000001000000110001101
0100100011000001001010011001011011010001
1101001010011001000001000100011001001010
0011101010010010110011011010100111111110
0101101000000010010100001101100110000001
0001110100100010111101011010111111000001
0010000010100101000001011000100100000000
0001100000001100101000111110000110001001
0000011100010100110010000000000010111000
0001110000010001110001000000011001010111
1011010100010111000010000011101001000000
0100000100100001100011010101000000110011
0010100111000011100010011011001110011001
1001011110010000111001001101000110110000
1011010110100001111000001001011010100000
1001011001000111101101101000111000110101
0000110001100111011010010101000010000000
23 55 14 7 3 0 0 3 