50
40
1011100000011110111111101101111011101111
1100111100010110100110100101000111001110
0101001111111011011111111001010000111111
1010111111110101011100111101001100100100
0111110010010111111001001011101110100110
1101101011111101000101010111000011101001
0111111011110010010010010111101111101111
1100000001101001111100000010001101101111
1101110101001111001110100101101110110110
0011011100011011101011111011010110000001
1110111110000110001111110001101111110000
1110101100001111010000010101111101110111
1100110011011110010010001101010000110100
1010111001010101001011111010011111111111
0101101101111100010011010011011101101101
0110000100100100001110110011111111111110
1010100111111101101110101101001001111011
0111011111110001111000001110110110011101
0111111110011101111110111011101110111000
1111101010000101111010011001101011111111
1010101110101010101111010111000110101011
1001000110111110111000100111011010111111
1011110010010001110100111100001001100111
1111101001111000100111001001111010110011
0011101111111111100011100010110101101100
1011001111011011000111011001110111001110
0111111010011100010101100001111001111010
1101110101001101011101010011110011100011
0101111010010011100111101111111011101101
1101000101111011011000101110010110010100
0010000111000111011110011110111111001101
1001010011011010011101101110111100010000
0101011011100111011111111111000100001101
0110101110101101011110011101110101101111
1111101111010110011110011000101011101110
1101111011111101011101110111111101011000
1110110110011100110101011011100111011110
0101110100010111100111011000001011011101
0100111111011111111110100110101111011010
1111100101100111010001111011001011110101
1100110101111110100100110000011111110011
0001111010010100100010110011101100001011
0001101100111011111100100001010101111011
1001001000101100110100001010101110100100
1100100011100101001101011000110011101100
1111101100001010111011110111110110001001
1101011000111001001000011101110010001000
1010010111110000000111100010110111011111
0111100000110101111110111101110101101000
1011011110011011101101101111101011010011
30 108 17 7 1 1 0 3 