50
40
1010011010001011101111000111011001001100
0011101111101010100111000010111100000011
1100101001000010011100011000100110111100
0011000110010000000000010000001110000001
0000001110111000010101101011011000001000
1100000100111100011011100110100100110100
1011010000111001011111000000010011110100
0110010010100100101001000110111101101100
1001011100000111100000000010001000010100
0101000000110000001110100001101000000111
0101110011011010001011100000001000000110
0100010111010010101011101000001010000010
0110100111010011001011000000000011111001
1010001100011000100110110010001011101100
0011001100101001101000101011010000010000
0101110001000011100100001111110110101000
1100100110010111001010010110111000010000
0010011000001110010000101000111010100010
1100100000110110010001000111111001010000
0100100111100001010111011110010101111010
0101010000000001001101000001001010010010
0100001101111100101011101101010011001010
1000110101111010000000011111111101001010
1001111100100010000011110101000000111100
0100010011101000101000001011000110111001
0101000001111111001010110000010000110010
1011110000100011110000010010111101011100
0011101100000001000110001011011001000100
1100111000001000100101001011010000001010
0000111100000000000001000001011011001010
0000000101010000111010000010011101001010
1011011110011100100000000100101100010010
1100100011000011111101100000000001110011
0011010111001010000000000010110011000110
0010100010010101010101000010000010000100
1001100000000000000001011010000101010000
0011000000100101110011001000001001001011
0101011101010001100100100100101000100100
1000110110010001101001101100100001000000
1001011110100000010000000011101010000000
0110010101000010100100001110010100000000
0000011001111000011000101011000100001001
0011010011000110000011011000010100010010
1011011010000001100100011000110111110010
0100110110110000100011010110001110101011
0000000010000100001110000001100011100101
1000010111000100010111110010111101110100
0011010000001100001000000001000001001110
0101111000011010010101001110010001011010
1000001001000000000010010001000010000110
48 110 12 8 4 3 0 4 