50
40
0100100000010011101101011011011100011000
1100100100000010011000100001000011000111
0110010010000111101010100110001001000001
0100110000100011011110110010010001110010
1000100110110001000010010110111000000100
1101000111011001000001101010001010001110
0111000101100011001100001001000010010000
1000100001000111100000011001110101110101
0011001000100011010000011011010001100110
0101000000000101011111010110100000001010
1001000000010001001000001011010010010101
1110111011111000110100000010000000011111
0011010000111000000011010101000001100010
1010100100010100000001100011111100010110
0101101111110001110000010010001011011101
0001100010001101000010110000111000011101
1010001101000001111000101000001100011001
0110001100111000110000100101100000001001
0001001111111100001110010010100000111000
0100010100100110100000000100000111011100
0110101001000000001100010000010000010011
1111001101000001100000100100000100001100
1110100010001100000100011000000001011000
0101100000000010100110101000010000001000
0000011001110000001100101001111011000000
1000100010000001000000100101011001010000
0000010010011001100100001100111000011111
0000001001001111000110111110001000000000
0011001000101000100000011100010111010000
1000000101000000010110010000010001101010
0010010110000010010000010010110001000111
0110010110010100110000010111110010010010
0110110101000010011100100100010100110101
0000001010010001100000010011100001001000
0000001110000010010010000001100111110001
0110000011101001010111010010010011001000
0110010101011000010110100011000100010110
0010001101000000100000110111111011101100
1001100100101001111000001100000000100011
0101010110000011011110010010100100000101
0101100010010100000100010100110101001001
1010000010110010011101101110000001111000
0100001100101100100011001000100000001011
0010110100010111010010000000110000000100
1000010000000000001000010101010011000101
1001010010111100101101000111110000000110
1000010110111100011000000001000011100101
1101011010110011101000000100100101000000
0001010011101111110001010000110111000100
0000101011010010111001011001111010000011
46 102 17 9 0 2 0 5 