50
40
1011111111111101011011111010111111111011
1111110011111011101111111110111110111111
0111111001111110101001111111110101111110
1111110101110111111111111110101111111110
1111111111111111101111110101110111110111
1111101111110011111000101111111011111011
1111111111111011111011111101111110111011
1011111100111111111101111111110011111011
1111111111111111111100111101011111001110
1111111111110110111111111110111011111011
1101111011111001110100011111110101111111
0110101110111111010011111111100111111101
1101011110111101111110111111011101111111
1111111011011111111101111111100011111101
1011110111100111110111010110110111111111
1101111111011111111111111101001011101111
1111111011111111001111101110111111101101
1101111110100111011101010111101011110111
1100110101101101111111101111011110010001
1110101011111111110111111111011111111111
1111011111111110111100111111101011111101
1111011101110111111101111111111011111111
1110111101111110111100111111111111111111
1111101111111111100111111111111101111111
1111111111011111110110101111111111111001
1101111111111111111101101111010110111101
1010101110111101101111111111011111110111
0011111110111001111101001101111111111111
1111011111111011010011101110111111111110
1111000111111001001001011110111110111000
1111111111011111110111101110111110111111
0001001111000111110001101111111101111101
1001101110111111111101111111101011101111
1010111110111111111011110111111101111111
1111111111111001111111101101111011011111
1111110101111101110101111100101110111111
1111111110111111111111110111010111101011
1101111111111111111111111111011101100111
0001111111111111111111111101110111111101
1111101100100111111111110111111111111011
1010111101101111001100110111110011110011
1111111111111011101011101111111011110110
1011110101111110111111111110111111101111
1011011111101111111000110100011011011111
0101001110100111111011101111111110111011
1111101011100111111111010011111111111101
1001110011101110111111111010101101111011
1111111110100010010111111011011111111111
1110101101011110111011010111110111101111
1110101111111111111111011111111111111111
81 220 31 13 8 6 0 8 