50
40
0010100001100101011000000010000100010111
0001000000101100100100110000100110011000
0011100010011100000100000000101001010010
0011011111101111000000011100011000111010
0110000111101110100000011011011011100010
1000101010110111100011011100011001110001
1011001100110001110000001101100001001001
1100111100101001010100001101001100000101
0000011000101001011111001101011110000001
0100010010000010011001001000001110100010
1000101001000011000010101010010010011000
1011101001110110000001011001110001011000
1011001010100010000110001001010100100000
1010001111000101000000110001010000000001
0000110010010000111010100100101010000111
0101001111111101111001110101000000000101
0100001001110110000110101011000101010110
0010011000000000010010101100000100101011
0000110010000010011000000000110000010101
1000100010110000001100000100010000100010
0101100101110010111001001001010010010000
0110101010100110010011000101001101001111
0000111011101101010111010010011110011001
0000101100111111100010011000000010000000
1111101110000000101110010010111001101000
1111100000000010111010110010000100100000
1001000011010010110000001101010000101010
1100011001110100011001110001001000101000
0000010100010010101100001101000101000100
1111100001100011111000111000101010110100
0001011010010000110011010011000111001011
0101100010101000010010001000100011101101
0011000000000110000000100001001100100010
0110010101100000010100011000001000010010
0100010000001000010011111010000100100010
0011101110010010010111100001010000011001
0100010001011010101011110010010100100001
0110110011001110010111000010100010110011
0010011101010101000100100000010000101001
0010010110001110010110011110000000101110
0100001100110001001100101111001010111101
0010001011001000000000011100000000111100
1110000011101101000100010000100110000011
0100110010110001110001010010000011100101
1001011000000001001011011000000000100110
1000110101011100101011000000101110111010
0001010001001011000111111000000100100110
1000010100000100001001001110110100100000
0011011000000110010000010010011100100000
1101100010001101111101010110111101001111
71 202 29 15 5 5 0 7 