60
50
11000111010100101001011110001011000010011010101001
10100111010011100100100111101100001100110000001000
01110010101101000000001001010011001000101000000000
01110010010111011011011110001111001110101010000101
00101001001001011100101011111010010001011001010010
11111000010000100100001001001010000010001000111000
00000110000001100111000000100011101100001100110110
11010010001011010110001110010000000000001111111000
00001101000011011100110001101111100110000010100101
11000001000111100001100001100100010001010000110001
00000011001101010011010000101001011001010001110000
01000010100000001110100001011001100101101000001001
00010000000100011011010100111010010100100000000001
10011111101000011110001111010001011110111100001101
11110010101011011001001000001100011100101100000100
10100100110110101011100011110010100011011011010000
00011000010101011000000000001011011111000010100110
00010011100100100000101000110100000010101111010110
11010101011011101001100110011000001000111010110001
01101111101100010110110000100010000100000000001000
01100000110001110110000001010111010100100001000100
01010010000001111010000000001110000101100000000011
10111111001001001110110001011011011101100110100110
00011010100110100011111000100001011110111010010001
00101000000110111101111100000100000010011000001000
00001001100110011101100111010001000111100011000100
00010000011001100001001100010000010011101111000100
00000110110000101110001100100101000101010001000000
00000100111111100000001111001011000001101010000110
11100000101101111000010000010010101101000010010100
11001010001000000010011001100100000011001101000010
01010100000001010011000000100000000010101001000000
00001000101001010011110100001011000100000100111011
10000100001100010110111101011010100011000101001000
10001111101010101010101110011010101000001001110011
00011010111001000111001000000100011001000100100101
11000001011000000110010010011111000011001011000010
11010001101101010110100100000110101101001000001011
10000000110011110100000100010010111010000110101000
01111100000000111101001100010001110100001110110111
00111000111100000100111001000101101001000100101110
11010010101000111111000110111011001010110101110010
01000000100000111000010110010010010001110001110101
00111111000101011001100010110101100100011000001110
10001000101101010010000010000000010001001000010000
00010100101101010111100011101011101011010000000000
00000000100111100001011001001000110101110111111011
00010001111100011001010000110001101011000100010100
00111010000010000001001000011111001011001011101011
00010101011001000011000001010000001010000010010010
00010011001010011100010001110111000111011010000110
00000100001011000110000010001000001010101100100010
00000101010000110010110001101100001100101000101001
10100001100001001010110010100101101110010111000001
00000110010100011001100010000010000011101001010000
01101000001011001011001000001010010000010101000010
10000000001010010001100101000001101011010100111000
01110110010011001000010001000011100111111001001001
10000001110000011010010001101011101001001100011100
00110010011000000100011000001101100100101001010010
39 116 10 8 6 1 0 0 