60
50
01110111011000000001010011101110001111010101101010
00000001110110101101011110001011101011100111011101
11101110101010011100001111100110101110101001001110
10110011111001101111111111110101110000001100100011
00000111101111110111101111110111101110111010100011
10101111111111100110001101111101011111100000111111
11110011011011011101000111001010110101000101100110
11111010110010101101001100111111010011110110100010
00110010101010111001111001111111010000011110100100
00011000101111001110111001011011010111110110110110
01100101111111110001111111100101101101110110111100
00111011111000100000010110011101011111011111110101
11110100010011100101111111101011101101011000000100
10000111111110001011001111110011101110101010111011
01111110110010010100111111111111110101111011110100
11111001011110010111101011000011001110011111010101
10111001110101111110111110100001111101111001010100
00011110101111100010110111010111000111010111100100
10110111010111111011101111010000011101011110001101
11101011110111011111101011001110001110110101101010
11011110111101101001100011111011111111111110111110
00011111001011110010100110111111011111101010101110
11011110111110100011100111101010010011111001010000
11111111101100111111111001110100100010011101111010
01011111110001101110101101000010111010111101101011
10111110110010101101101110001100101101011010011111
11101111010110110111011110100010001111001101111001
10101011111011111101100111101111011111111101000011
10010101111100001101100011110111111101101101100110
01111111111001011011101100101111011011000110110100
00111100101001001110111111100011111111110001100010
11111111000101011001101101001000011011011011110100
11111111010111111010101011010101110101110110111110
01010101100000111000111111101011110100111010101111
11011100111110000111111110111001000001001111010110
10101010110011011001111101011011000001001110101111
01011101111100001111011111010010101110111111101010
10011011111011001101111100100110101001110010010000
11101111111111111010101111111100101011111111000010
00010010111111001100111010001011111110101000010101
11011101001111011000011111110101000101011111110101
10000000101011100010101111001110000010011111001011
01011011010011010110101110111111110110101111111011
11010001111010110001101101101001111000010101111111
01011101100010111010101110100110000100101010111001
10101101001001111110001111101110111011101111101011
11110011011011100101010111100110011010010011011100
11100110110001111010110111111111100100101010100011
00011110111101011101101101111101001111110000000000
10100110011110110110100111111001111101101110110011
10100110111011100110000110101011110111101011011011
01101001101100111110010111111111110001110101001011
10001101011111110101101010110100011000111111011111
10110111100011110111111010111111100100101001011100
11010110110000101000011011111100001001100100111000
00100011001100010101111001100100100110101101011000
00101100111101101111110001110111001100110110100100
01110101111111101111110111111101001100001111111101
00111100011011100101110110111010100101110010100100
11101011001100100011010101000111100101011111010111
105 346 53 34 14 3 0 14 