60
50
01000101001100101011010100011001001101111101011000
00101000000000000000001100001001101101000001100011
01100011000011000011101100100011100000000000010101
11001010001010000010010000000000101100000000100101
01111100000000000010000001000001110000100101100001
10000000001110000010111000000000001100001100101100
11110110100101000101111000011000101110000111000010
01101011111010001111110101011001001110000001100110
01000100000000010110100001001001100100011010100111
10101001011101001101100010001101010001000000000011
00001001001010101110100110000001000001011000000101
11010000010011011001111000001011001100110000111100
10010100000011100000000011000000101100101001001111
01111010000001001101001111010100110101000111000100
10100011001110101000110001000010101001101000010000
10100010001000000100001010010001011001001100001010
00100101001100001001000000000001010000001100110010
00110001000001101001000110010100010010000010111110
00010101001100010100100000110000000100101000000110
01110000010010111100011110010101111010000010100101
00000010100001000001000111110100000001100001110100
01000011110100010000110010110010100010011110010000
10111111001011010011000010001000101011101010001100
01000010100010000000001100001100010100001000100100
10000110101001011000000100001010000111100001010000
00111000011011100001000100110100011011010111000000
10010110100100100001111110000100100000011000001011
00000000000011010000110100000101101000001001010110
10011010101110000001010000101010101000000100000111
11010001010110010000000011111001000001000100110000
01000000010100000010000000111010000001100110100001
00010110010010110010000010011000100001001110011100
10111011000001010100011010111000100010000100001100
00100000100101001011000000001000000110100111111000
00000010001000000000000000000011010101010110010001
00001111100100010111010010110000000001011000001000
01111111000100110110111000000000010001000100010100
11101100000000101000001001100001001011100010101100
01111010011000110001100111101101110111000001101000
00100100011001000100000001011011000100111100100000
00101001101010110110000111100010010111011101110001
10010000011001000101100001010010011100100000011101
10000000100010110110110101111000011100011011010111
01010001000010000000000100000011001100100000010000
01110101000000000000111001101011110001000010000011
00111000011110001111001100111001001100100011111100
00010010010011010100101000000011000000000001100100
01100011000111101100001110101010010100000010111000
00001000000001010101110100001011010010100100001110
01001000111001000010110000010100000001010010100010
00111100100010001100100001000000010000000001000110
01001100001011000100100101110101001100011100111011
00010000100111110001100101001001000110100101001000
00011010100100010111010110100100110000110011000111
10011000011000000000001000100000001011000010001100
10011111100011000000011010110000110100011000001110
01001000000011010110110000110001111000001010010110
10000100010111111000000100001010010001000101010101
10000101000001010110000010010110010100101000101010
01110010010111110000010111011011001101010010100111
34 92 16 9 3 4 0 0 