60
50
01001101101011110101110001111101001001110011010100
01010110011111110011001110110111011111001000001100
01001111100101001000011001011000111111111000100010
01010011111001110101010101110101010010101011011011
00001111101101101111010101000110101100110010101100
10010111110011001111110111001011111111000110011111
10011111011111001101101010111111011010111010000011
11100110011111100011111011110111000101000000101111
11011110111000000001011010111111111001001101111010
11011010000110000011110110110010111000010111100111
10011011111101001110011011111011101101101100110100
11101110101011010010010111101010110111110111111101
01000001000011100101001010111110111010001011011101
11110011001110111100011101101101010110110111110010
01000110100000011111110111011110101010101001010000
11110000101110001000101110011111001000111011011111
01110011001111111111111101110111011110000111101101
10011000100011010101001111100011111110110011101111
10111010110010000010110011010000011100111111111010
00101110111110111101101111110111001000111001110000
01110111000101010011110101001100001011011111110001
11110010101110011110101101110011110100101111111110
10100110110111111000110010110011110011111001101010
01111010110001001100110111100001011111010000011111
10101110101011011111110100011111011001101111011010
01000101001111101111010001011011100101101101100101
00010101000101101100010110111101010001110101011001
10110100001000000011110111011101001110001010010010
11010100111011000001101110010111101011101001111111
01000110101100011100101010001101001111110100111111
11111011100001111001111101111111010010100111010011
11000111010010110010111100110011111010101110110000
11011101110001100111111101010010101111000111100001
00001111010110011011110111110111111101011100110011
10111100100011011001010101101110100011111010111101
11101111011101101100111111110010010101010001011111
10001001101011111010010011001011100111101111101111
11010101110010111111100011100001010000011101001101
10101111001100000011011111100100011011100110010001
11100011011000111011011110000101010110011111111011
01011111100111101110010110010011100011000010101100
01001010110111110111011011100011110001110001010001
11111010101111110111100111000010010011001111011100
11011100001011011100000011110001010010011100000111
10010111010010110111101110001011111100111110010011
11100011011000001001001010001100000011100111111011
10100101111010111110110111101001110001111001001110
01011111001111011010010001100110100110110100111111
10000101011011101110001111110101010010111011101101
01111111000110011010011101110011100111101101101011
01101111111001011110110110100111100111000101111111
11101101010111111111110111101000001110011010101111
10111010111110111100110011011011111011011100111010
11011011111101001001000101011111101101010011111000
00010110111111111100111010111101100110011110000000
00100010111110111101001100001100101011011000000111
11011111101111101111101000111110010111110011000100
11111011010001001111011111111001111011101101111110
00001111000101001100111011111101001011101111101010
11110100000101110101010011101011111110100101100110
43 141 25 14 7 2 0 4 