60
50
11011101111111111111011011111111101110111110100111
01111011111110111111111111010001110111111111111110
11101101111111101110000111111011111011101111011111
11011110111111111111101111011101110011001111011101
11111010101111111011111111110110111111011111111110
11101111111101101111101111111011100111011101111111
11101110111111111111111111111101110000111100111011
11111111110111110110010011110001110111011111111111
10111010011111110111111111111111111111100011111111
11110111101111111101111110010111001111101111111111
11110110111110111111111111110111110100111101111111
11011011111111011111111110111111101000011101111111
01011101111111010111010111100010111111111111111010
11111111110010111011111101111110111111111111110111
11111110111111111101011101101111111111111011111111
11011101110011101111111110011111110111010011111111
11101111111011011111111111101011111101111011101111
01111111111011101101111101101010011011110111111111
11110001111111110111111111101110101111001001111110
11111111101101111110111101000111111111111111111111
11011110101111111011110101110001111110111110111111
11111011111001000111110111111111001011111111111111
10101111111111111011010111110011101101100111111111
11111100111101111111111010111111111011011111111111
10001101111111111110111111111111111111111111101111
10101010111111111111111101111110111111101111111111
11011110111111001111101111101111110011110100111111
11111110110101111111111101111110111111111111101111
11011111111111110101111111111110111110100110111111
11100111111101101111111111010111110100111101111110
11111111111111111101111111011011111111111111110100
11110111100111111111011011101001111011111111111111
11011111111111111010101111011110110111101111111111
11010110110111111110101110010111110111111111111011
01011101011111010111111101111111111111101110111111
11111101111111111110111011111111111101101111111101
01111110110111111111100111011111001101111101111011
01111111111111111111111100111111011001011011100111
11111001111011101101101111001110111011111111011111
01100111111110110111111111111101101011111111111111
11111010101110111111101111100011111111101011110111
11111011101100111101101111111111101101110110111111
11111110111111011100111101111101011101110101011111
10011111111111110101110010101011101101111101100011
11011111111111011111011111111111111111111111111111
11111110011111111111111111011111101111111111001110
11111001101101011110110111100011111111011011111101
11111111100111110101111100110111101011111111111101
11001111110011111100111001111111110111111100111011
11011111111111111011110110110111011011111011110011
11111101011111011111111011101111001111111010111011
10100101111010111111010111101111111111111000111011
01111100100111111111101111111111010111111101101111
01110101111011111011101111111000110111010111111011
11011111101111111111011010111111100111111101111110
11110111101101101110111101111111101111001111100101
10111101111111111111110110111011111101101111110110
01111110101111100010111101111011111101110111100100
10110001010011100111001111110101101111111011101111
10111111111111111011111111111011111111111111101111
152 449 77 38 20 7 0 15 