60
50
11110101010111101111111011101111101101111011010111
11010111111111111010111111111111011111101111000111
10001111101111011011111110111111110110101111111111
00111111110101110101111011110111111111011011111111
11101001011111111001101100111111011101001110111001
11110110111111011011111100101111111011110011111001
11111111101111101011011111111011111101001011111101
11011111111111001111111111011101101011110111110010
01011110111111110010111101110111011111111111101001
11111001111110010101110011111011111111111011011111
10111111111110110111011001111011111111111111111111
11111111110111101110111111000110111101110111110010
11111111111101111100101111111111010111101111111001
11111111111111011011111011101111111011101111011111
11111100101111111111110110011111111111011100111110
11111100111101111111110111110110110110110111011011
10001111111101111111011111111111011111111101110101
11111111111111110111111111111111001111011101111111
11111111101101101111110110000010111010011111011111
11111101101101110110111011100110111011100011111101
11001111101111011111111111111011001011011110111111
01111011001000001111010011011111111011101110111101
11111011111111110110011101111111111101111111111111
11110111111011111110011101111111111111111111111011
00111101101110111111111010111110010111110010111011
01110111111111111111101010101101101111100011111111
10101011111010111111111110111111001111111110110110
10111110111010101011111101100111111101111101001110
10001111010101010110111111111110011111111111110111
11010110111110111111111111111101101111010110100111
10111111111110011110101111110101110101101111111101
10101010010111110111011111111100111010111111111101
10010110111111111101111001111101101111101011101111
11111101111110110111011001111111111011001111111111
00111111111111000111111011111110111111110011110110
10001101111111100110110110101111011101100011011001
11111011111111011101101010011111111010110111011101
11110110001101111011000111000111111111111101101110
10111011011001110111001111110111011011010100111111
10011111111001111111101111111110101111111111111111
11011111111100010011011011101101111010000011111111
11010110111011111111111101111101011101110111111111
11111101100100111110111111111111111101111001110111
11110101011110011110101111111011110110101101110110
11111110111111001101111110010111111101110110100111
11111100111111011101111110101101011111110110111011
11111111101101111100111111111111111011101111110101
01111100111111110111101111111101111111011111111111
10011011011011111101011110111111110101011111011110
01110111011111111111111111111100101011111111111010
11111011111111111111111100111011101111110110011111
11111011111111100011110111101001111111101111111111
11111001111111101111111011101111111111111111011111
11110111101011100101110111100001111111110011111111
00110111101100101111111111111011010111110111111011
11111011101011101111110111110111101111111111111011
01100101110111111110111111111011111101011111110011
11111011111111101010111111101010111111111111111010
11111110011011010101010111110011101111011111111110
11111011111111111101100111111111100101111111111111
55 189 37 18 9 2 0 4 