60
50
00010010000000000000000100000000001000000011001100
01000000000000000010000000100000000110001000001100
11001000100001001001000111000010000000001000000000
11010000000000010000000000001100100000000111100100
00100100001000000001100101001000000001000101000010
01000000000101000000000000000000100100100000000000
00000001100100000000000000100001001100000001011000
10101000011000000000000000000001000110010100010000
00100001000100110000100000100000100010010001000000
10000100001000100110000100000010001100000010000100
00100000000100100000000100110000000110000100100001
10001000101010000010000100001000000000000000000001
00000000010110010001010000100000000100000111000000
00001000000001000000100000010000000011000100011000
00010000000000100100100000001100000010000110000000
00110110001010010010000100011000000000000000100000
01000000100010001000010001010000000100010000100000
00000000000000000000100000000000010000000000100000
10100000000000000000010001000000100000000000100000
01001000000000001000100010100000010010011001100101
01000000000000100100100000000001100001001110000001
00011000000010011100000100000010000010011100000110
00000000000001110000101001000001010010001000000001
10000000000101011100000110000010001001000000000000
00000000000100001000000000000000000000000000000010
10000000000000101101000010001000000010000000100000
00000000100010101110010000000100000000001000101000
00000000000000011100000000000010000000000011001000
00000101010000010000001000000000101100000001000000
00000000000001000000000101100000101100001000010100
00000001100001100000100001100001000000000000000010
00011100000001010000010010100100101000000100000000
10010000000000100101000101001001010000000010101000
10011000001000001000000001000000000000000001000100
00101000110001010011010001100010000010100000000010
01100001000101000100100001100001000000001000011100
00000000101000100001000000000000000000001000010000
10100000010000011000000100000000010000010000110001
01000100010000001000101001000010000011100000000000
00000100010101000000011000010010000010000000000010
00010000100000000010000000100000000000000000101010
00000000100000000000001000100100001001010000101011
00000101010101000010010000110000000010000101101100
00000100000000010000000000100000000001000100111010
00000101100010000000100000011000000000000000100000
00010000001100000010101110000001110010100100110010
00000000001000010101000000000000001000001000011100
10100000010001000100101010100100010000011001000000
10100000100000001000010001000010000110100000100001
00000000101111010000100000000000101100000000100000
00100010100000100000000000000000000010000011000000
10000000100001001000000010000000000001000001100000
00100010000100101010010110000000100110000000010000
00000101000100100000000110000000110000000010100010
00000011000010000000011000100000001000100000100000
00000001011101000100000000101000010000001000011010
00010000001000010000010001000110100000000000000100
01000011000000001000100000010000000111000000101000
01101000001000000001000000100000001010110101100001
01000000100000000110100100001010000010010000000100
43 142 25 8 0 0 0 0 