60
50
10111001100101110000010010100001010000101110001101
10010110100000000100100000111111000101101101000101
01010010001000000011100000000001000100110000110000
00010000010011000001000110001001101101001000010111
01101010001100001001100100100001000000101010100010
01110100001001110111101101001101100011001100011100
01110110001011101000000110010100101100010011101011
01001100001010100001011000000000000011000100110000
11010000000000000101000011010010100010000100000000
01101001000010000011000110110010001001110000001111
01110101010000011101110110100011001110100000011010
01011011001001001000001110000010011100000010010010
00011101001110010111100000100010010000000010101000
11000010100011000000001110010000111110101111000001
01110001001101011000000110110111001110100100011100
10001100011111000011100001100001001010000010101010
01000001010011010011000000100100000001110110001000
01110010110101010010101110100000000100111000111001
10000011000100100001000001001111010001011100001011
11110000100001001010100111001100000011110101011010
00000101111001001001101000011001111010001001010011
10000001100000001000111001110000010001111110110000
10101001010000101011010100101000010100110011001110
00010101001100010100001111100011010000000110100011
10100011001010101000000000111010000101000011111010
00011011001000000010000101010101111101110110000000
10010010010000100101001110000000000110010010111101
10000111011101100010000001110011011111110110001101
01000000001000001010110010000111100010000000110000
00100011000010011101000000010000100101110100001011
11101001000001000000000100010110001100101100100010
10000001101000011100000100100110010100011000010111
11100000111001010100101110100101111100001111000111
10000100000000010000010100000100111000110100100000
10001100010000010101001100010001011100000101100001
10001111101100010110010101010101011100000010011110
10100101100100000110001100000001111101101000100001
01110111100011100011000001101010000000100000110000
00100110000100101000000000001110001010001001111000
11110000110000001000111000111001000101101110011011
10100010110011001100000100001101110101010000101010
00010000100001100100100010111101101000100101010011
00100011110101010100110100100100011101000001100011
10100011111100111100000001001101000000010011010110
00110100111101010000101000001100010011000001000000
10100010001100001100011110001101100000000111100000
00001101000111100010010010001011010110000000000100
00111100111000001100100000111100100111001011010000
11100010100110101001001100101010010101010110000001
01011011100100000100000010000001000011001000010101
00010101110110010100100101101110000001110111111001
00010100010011000000010011011011100111000111000100
00100010100010100001010011000001010101110011101101
10001010001110000110100000010110010110000100001001
00100100011001010001011000110000101011001100000100
00110000101010000011010110101000010000100011000000
00010100011110101110001110001100111110111001000011
00001111101011000100100100010101101100100101011100
01100011011010000000100100011111100101110001100000
01010101110011010111100001000011000101010010100001
38 111 10 13 0 3 0 0 