60
50
00100101000000000001000000000101000100101000100100
00100011000000100000000000001000000000000001100000
00100000000000010000000000100000000010010101010000
10000010000010010110100000010001000010100000000011
00000100010000010000000001000000010000000100101000
00000000000011100000010000000000000001101000000000
10000000000010000010000000010000001000000000000010
00001000000000000010000011010010000001001000100000
10000100010000000000000110000000000000000000010001
11100010000000000000000000101000010110011001101010
01000000000001111100000101001010100000000000000110
00000000000000000000010000100000000001011000010001
00000000110000101100000000000000000000101011000001
00011000010000100110000000000100010010000000000000
00000100000000000010000010000000001000000001001001
11000000000000100000000100000011000000001100100001
01000110100000000010011010000010000000100010100000
00000001001010010001001000000100000000100100000100
00001000001100000110001000010000010000001100000000
00000000100000001000001100011000000100100000000001
10000000000000101000100000101001000100000100001000
00000110000001101000000010010000100000000000001000
10100000000000100100100000000100000000000010000001
00000110000000000010001000000000000000000000000101
00000110001010100000000000100000010000000000001110
00001001001010000000101000100110100101000010100000
00001001000001000010000100000010010001010000000000
11010010100110110000100110000001000001000100000000
00000100000010000001101110001010001010101100100000
00100100000000010000000011100010100001010001101001
01000000000001000000000100110000100110100000010001
00100001010000000000000001000000000000100001110110
01000001000110000001001100000100000101000000100001
01101000010100000100010000000000100100000010001000
00000010000000100110100000000001000101000000000000
00000000000010100000010000100000000000110100010001
00010000000100000001100010100000001000000000000111
00000000000000000000000000000000000100000000000011
00001000011010000100000001000000110000000111010000
01000010000100010101000000000100001000000000010000
00000000010000001001000100000000100000000100100001
00000000100000011000000000010000000000001100000000
00010000000110011000000010111001000001001000000000
00001011000100110100011000000000000010100000000001
00101000100010000001000100000000000000100101010101
01010000000001000000100100001000010000000000000010
10001001000000000000000100000100001001100101000000
00000000001010000101010000000000010000100100000010
00000100101000100010001000011000000000000000010000
00001010011010001100010000001100110000110110101010
11010000000010100100010000000000001011000101010110
01000000001001000101000000000000111110000000000011
10100010000110000001001000001101000111000000100101
00100000000000000010001101001001000000000000000000
01000010100000100000010001000010010000011001000001
00000110000000100000000000101000100100000000000000
01000001000000000101000011000110000000001000000000
01010010000000010010001000010000000001000001100000
00000100100010000010000001010100000000010001010000
10011001000000000000000010110000001110000010000100
49 170 33 11 3 0 0 0 