60
50
00100000000011001000000000000100000001100100000100
00000001000000000000000000100000000000001101000000
01011001010110010000000000000000110000000000000100
00001000010000000000000000010000000010010000000010
00000000000110111001000000110001010001100001000010
00100000000000000001011000000001000100000000010000
11000001000001000000000100100001000000000000001000
00000000010000001000010000000000000000011001001100
00000000100001110000100000000100100000000000000000
10000000000000101001000000000000100000000000000100
10000000001000101100100010110000100000001001000000
00110010000000101001100010001100001000001000100100
00110000001000001101000000010000000000000001000010
00000000000000000000100000011010100000011000100100
00000000100010001010100000010010000000000000101000
01000000100000000001000100000100011000000000100000
00000000101100000000000100000000001000000000100000
10010000000000000000000000100001011100100000000000
11000000000000101000000010000000000000100000000000
00001000010100000001010000000010010000000000000100
00000000000001001010000000000001001010010101001010
00100010000110000010011001000000000100010011000000
00000000001101000000100000111010000000100000000011
10000000001010101000100000000010000110000000010000
10000000000000010100000000001000000100111010000000
10000010101000000000001000100000000000000110100000
00000000000111000000000010000000000000011011010010
00000000001000011000000000000100011000000001000010
00000001000000010001000000000011000000000000001000
00010000000010100000001000000100100010000000001010
00000000000110010000001000000001000001000000001100
00010100101000000000001000010000001000101011010001
00000000000001000000001001000100100010110000001000
01000000000000010100110000000000010000011100100001
00000000000000100001001010000000010000000000000010
00001000011001000000000010010000010001001000100010
00000000010001110000000000110000000010000000001000
10010100000110000001101101101010001000100010101000
00000100010011000000011001000111000000100000000001
00000011100001000100000000000010100000100101010000
10100000001100001010000110000011010010100010001100
01101110011100101001000000000010001100100000100000
00100100000101100001011111000000100000001000001000
00100001000010000000000001001001000000000000000000
00100100100000110010010000000000100000100100100100
10001000011000001001000011000000000000100000000001
00000000010000001001101100100001000010101001000000
00100001000000000000010000000100000100000000000000
00000001100001001000000000001000011001001000001100
00100101001000000000000000010000000001000100100000
01000000000100001101000000001001000000000001000010
01101000000000111000100101000000000001100000010010
01000001110010000010000100000011001000010010100010
10010000000000000100011001000000000000000000010000
00000000001001000000110000001000000000001101000000
00100000010010000000100100100011000000010000001000
00110111000100000000010010010000000000000000000100
00000001100001000000000000000000001001010101001000
00000100001000100010010000000010010010001000011000
00000100110001000001010011001000000100000000000001
69 163 12 15 7 0 0 0 