60
50
11110111101110011101111011000001101001011000010110
00111001011111010010110010111010010111011011101011
01011110010110000001100011101011101100011010111101
11011010001011011010101010010000110111111111000111
11101011010101001000110000011010111111110101110100
01001101011111010010111101000111110001100010111001
11010010111110011101101110000101111011100001111110
01100110010011001111000111011111011010100110110101
10100010000010111101011011111011000110110111111101
10011100010110111001001101011000010011101111111100
11000110011010101010011111100011110111100011101110
01111111011011011111011111110100101101111100110110
10011001101100100111010111110011001001101101001101
00001001011011011011111111000001101011000101100100
00010111011111100100111011001011010111011001100010
11111100010111111000011011011100011111111110110010
00000000001001001001100111011111111001111000111011
11011000111110100111110010011111110010111100010111
10111101101100110100111011101001011110111110011011
01101011100111101010010110010011111101001100111011
00111011100101101011100101100110110001001001101111
11000101101100011100101111110110100010111111101100
10110000100110011001001100001100111011101110111110
11100101101100101100111000011111000111011101101001
01100101101111101001111010100110101010111111110111
10111110011010010011110001100101010001110100100101
11101010010001001110111100000110110000001010110110
01001111011100001111100111101001000001111101100011
11110100111011101100101000001100110001000111101101
11101101001111111010010111100011011111111111000101
11010101111110111111101110000000111111001100011111
11101011000110101000011001011000011101000111001000
10111011101011010011100101110111101011111110110101
11001000111100110101111010111010110010111111111111
00111100101111110010101101001100001011011110101001
10010110101010010010111111001010101111100010011110
11111110011000101110000111010100011111101100101010
10001110011110011100110110100101100111110011100110
10111010110010100101101101101100100110100001110110
10011011001000101100111111101101010111100011101001
11011110011010101110011111100010111010000110010100
00000011100111011101110100111011000110011011000110
11100001101110111000100100011100110101111010001111
01001111010011100010001000101111111111011000101011
00000001011000101011000110011101010111100111010000
01001101101001110001111010011110000011001101100010
10010110111111011110001111110000000111001110100110
11001111011111101001011101011111001001000111101000
01011101011001110000011110101000101111101011000111
11110001101000001010101010011101101100001111001101
01110101110100100111101000101011101011110101011111
00110011010010111011001011100111101110111000110011
10011101111110001001010100110111110001111010011001
11110001110111101101110011010100000111101010111110
10000011011111101001101111100111011110101111101000
01111011011001101101110011000111101110110011100100
10101100101110100111011111101011010010000010010101
11011010011101001111111101001101111101110101111100
11110000101111101001111111100101011110100111011110
10111100101100011001101001111111101001111110110110
111 337 59 20 14 5 0 10 