60
50
01001111011111111011111110110111011011010100111010
01010010100111111101011010110111100111111111111110
00011011100111101111101110111110011010101011110100
11111110111100010101011000101111010010001010100101
00011000011110111110110011010010100111011000101000
11111111100110110111111101111110111010111111011000
01111100100000000111100010001110010111001001010010
10001000110110100111110111010110011001010101111101
00111111000111001000101100111110000011010110110111
10000011011001110010011110001011001111101011101101
01111001011011110110110011101110011110111001011111
01100100010011111110001000100101111011010001011110
01001110101100001111011101111110111010000111101110
00111011011100101001001110000100010000100111101010
01000001111000110100110001001000011000000011000101
10111010010010111111011000101111101010111101011001
01100000110111111111001011110000111011010101011000
10001001110001011100111000111111100111011101011010
11101110101010011111101000111001101100110101111011
11101001101001110110101110110011011000011110000111
11111111100101110110100101010100101110101101011011
01111101101110011011110011111011101101101101100010
10110100111110101111101101000101011110110000111101
01010101011101111110110100110000101000111110011111
10101111010111000010111111010111001010101111111000
00000011000111101011010000110111111101100101010011
01011110110101011111110001111010111101011100011110
10001011011110111001110111011110110111101101111011
00101001111110101011011011000010000011100101010110
01001101111010011101101001010010111010010110011000
00101000111101011010110111011011101001010100111100
01110110100010110010001100111111101010110011101101
11001110001001100101101011110110111011111111111110
10011111001110011011001101110001110100111000011111
10010111111101100101110111001111111001011110111011
11110000011111110111111011000101011000000110000101
01100110001111011110000111010111010111000100001110
11101110110011111010111110101010111101011111110111
10011110100101000111100111000011001111111101111111
01110011010001111111110010000000110100001111000111
11110010010011011010111100001011111101001011000010
01001011000101001111101011010101110010000110101111
00011011000111101010111101111111101010001000111011
00110011100101111000100010001101100101111111100001
00000011110001001101010110010111011100111000100110
00100110101111001010110010011111011000010111111111
10010111100001100110111010110010110001001010001000
01110101101100001111110010110010111111101001110001
00111000101111111001010110111111111111111100111101
11000001011100111000011100010100100001111001101110
11101000011010110011001110111010100111010011111111
11010011001111000110101010111011100011010100111100
10001011100100001100001100010101110110100010001101
00110100110111100111000001001110101111000010110101
10001101001001111001011111101011110111111101100101
10110001010011010101110011110101101011001110001010
10101011011110111111111111101010000111110101010100
01110100010111010011011010111111101010101011111000
11000101101001011111100111101111010110100110001101
11011110011000101111001100010110111111110111110111
105 302 55 30 9 12 0 15 