60
50
00000000000000000001000000100100001010000000000000
00001001000000000000000100001011000000000000000000
01000010000001001000001000000000100000011000001000
00000000000100100000000000010100100000010000010001
00000000010100100000000000100001000000000001010001
00100000000001000010000000010001000000000000100001
00100011000100000110010100100000000000000000110000
00001011000100000110001000010100000001000000000001
00000001000001010010001111000000000010100001000000
00000001000000000100011000000100100000000000100000
00000000010000000000100001100000011110110000000000
00000111101000001000100001000000010000001000001000
00000000000010000000100000000000010100010001001000
10000000010001000100000000100100000010001000000010
01110000100000000010100000000100000000000000101100
11000000000000100010101111000001010000000010100000
00001000101010100000100011010000000101000001100100
01001000000001010100100010001000000000001010100010
01000010000001000000110000000100001001000000001101
00010000000000000000010010001100001000010000001000
00000000001110000100000001110000010000000000000010
00000000010000000001000000100001000000100000000010
00000000011100000001000100010001000000010000010000
00000110000000010000001000000000000001000000001000
01000000000100000000001010001011000100100001100000
01000001010000000001000000000001000000000001000000
00000000000000100010010001001000001110100100000011
00010101000000000101001000000010010010010000000000
00000000000000001000001000100010000101110001000100
10000110000001000000000000011000001000010010001000
01000000001100000101000011000001000000101000000000
01101100010000100000010100000000100000100001000000
01000001011101000011000000000110000000001000011101
01000001110000000000000000011000000000000001111000
00011000110000000000001100000010001100101000010100
00010010001000000001100011001000000101010010100100
10100000000100010000000101000000000100000010100000
00010000000001000100010000000000100101000000000001
00000000000000001010000100000000000110010100000000
00000010011000010000000100000000000001000100010000
01000100000111000000111000001000000000000010010000
10000100010000000001000010000100100000000000010000
11000000001110000000100100000011000000001011010000
11000100010010000000100010000100101001001010000000
00000000001000001110000000010000000000000100010010
00001000010001001101010001001000100010000000000001
00000000000011010000000101010000101011000010110101
10000001000101010000000111100001100100010100000000
00000000010101010100000100001100000001000010010011
00010001011000000010010010000000000000010000000011
00000000000011000010000100000100000000010000000010
00000001010000000001010011010100001100000000000001
10000001000000000100010100001010000001100001000000
00000000100010100000000110010101001000010000010100
00000000000010001000000000001010010000000010000010
00100011110000000000000000000000110000000100000010
00100000000000101100000000100000010000001000001000
00000000001000000100110000001010010110000000100000
01000000101000000110101101100000000000101100010010
00000111000000000100000000000000100000110001010000
45 134 23 9 0 0 0 0 