60
50
01000100010000111000010000001011000100100000001001
00010001010001010000000000000000000000000000000100
00010000010000000001000011000000001100001000000000
00000000010101000110010010001000100010011000000000
00010100000000010000000000000000000000000110000011
10000001100000000000001000010001010000100100000000
00100000000001001100001001000000001000000111000100
00000000000000011011001000000000010001000000001010
00000000000000101000010001100000100000000000000000
00001110000000000000010000000000010001000000001100
00010000001000000010000000000000001010000001000011
10100000001100001010000110000100000000100000000000
00000100001000000000000001010000000000001100010100
01100000110000001010000000000000000000000000001000
00000110101000100010000100100000010100010010110000
01000011000001000000000101000000000110011000000011
00110000001010110010000000000000010100000000100000
00001010001010000000000000100000010000000000010010
00110000001100010010100010000000001000100001000000
00000010010010011000000001000000010100000101000000
01100000001001100000100000010000100000010000000001
11010101000000100000101000100010001000000100010000
00000000010000000001000100010011000000001001000101
00001110000110000100000100010000000101100000001000
00000000000100000010001000001000001000000000000000
10010100000001010110000000000000000010100000000010
00100101001000000000000100010000000000010010001011
10010100000000000110000000010100000000000001001010
10000001001011010000001100011110101001011000000100
01000000011001001001000001000000001000000100010000
00000000000000010000000001011000000000000000000000
00001010000000010010000110000000001000010000000100
00000001100000000110000000010100000000000100010000
00001000000010000001000110100000000000000000000000
00100001000000000000100010100000111000100000000000
00000010000010000000001100000000010000100100110010
10001000000010001100011000000100000010000000000000
01001000000010011001000000000100100000100101000010
00011000010100110000000000100010000000000000001000
00010000000100001000000000000010000100000000100000
00000110000100000100010000000100110000000000000101
11000010011000110000010000100100001000001000010000
10000010100000100000100011000000000001011001010011
10000000000100001100000001000000000000010000110001
00011010000100101100000000000010100000000000000000
00000000001000000010111010100000000001000100110011
00100000110010000000000001001101101000100000001000
00000000001000001001000000100000001000000000000000
00100000000101000000000000001000000000000000000100
10010010000000000000001000000100001001000000000100
01101001100100000000001000011100001010100010100001
01100000100011010100111000000110001010010110010000
00000001000000001001100010001000001000000010000000
00000110010001000000000000000000000110001001010001
00001001000001000001000100010100000110000010000011
00100000100000000000010000000000000000001000100110
00000010000000000100001101010000010000000000010010
00000000110000000110000100000000001000000000001000
00001010000010110000100000000000000000000000010011
00001000011010100100000010001100100001000100101010
48 163 33 14 0 0 0 0 