60
50
01111111111111011111101111111011111110110111001011
11011101111011111111111110110111110111111110111111
11101111111111011111111111110010011001010101011111
11110011011111111101111011110111111011111111111101
01111111101111111101111111110111111111111101001111
11111101111101111101110011111101010011111111000111
11111111110001111111110110101111111011111110101111
10111111101011111101111101111110011000111111101110
10111011011100101011111111010101111111111111001111
11111101001101111110111111111011111111111011111101
11011001111111110111111111111111001111101111110111
11011111101101010111101101111110111011110111100111
11111111010110111101110111111111110111110101011011
01111011111111111111111111111111111111111111110110
01111111110111111111111110100111111111111110011111
11111111111111001111101111111111111111101111111111
11111111110111110111111110111110101111101001110110
11001011011111111011111001011101110111101110111010
11110111111111111111111111100011111110110111011101
11111101110111100111111111111011111111111110011100
11111111111010111111011011011111101011111111011001
10011101011011011111111101101111111110000111111011
01111111100111100111110111111110001111110101111101
11101111001111111011101111110111111110111111010011
10111111111011010011111111111110111111110110111110
01011101001110111111101111010101101100011111011010
01011101111111011110111111111101111011111101111101
11110111111111110101111101011111101011111111111101
01111111011110101111101011100101111110011111111110
11010111111011111111000110101101011011111101111001
01111110110111111101111110011101010111111111111101
01101111111111111101110010111011110110111101111011
11111111101111011111111110111111111111110111001011
10011111110101011111011111101111111011111111111111
10101110111011110110101101101110111110011111111100
11011010111100111111111111111110111111111111111111
11101110101111111111111011111111001011011111011101
10111011111111111110111011010011111101111011101111
11111110101010011111111110111111110111111111010111
11111111111100111111111101101110111111101011111111
10101110011111111111111110011101111101110110110111
00111011110111111101101011110111111111111010111000
11111011011010110111010111111011110011111011111111
11110111011111111111111111111010111001111111111011
11110110011111101111110111001101111101111110100100
11111100011111111110111110011111111111011111011111
11101110111111111011111111010111111011101100111001
01111100111100111110101111111011111111011110111101
01111010111011111111101110111111011011011001111110
10011011001101111011111111100111101001111111111111
01101111110100111111111111101111111011111110111111
11111111010111111111111111101110101101101001110111
11111111011111010110111110111101111010111101101111
01111110111101110100111111111010100101010011100111
11111111101000011011111011110111111010111111011111
11111011111111111101111111111111010001011111011111
11011111111111110011111110001011111111110111111001
10111111111111110111011110011111111100111111110111
01111111110101111111111111111111111110010110111011
11111111111111111111111101011111111111111101010101
150 458 83 40 14 6 0 13 