60
50
00010010010100001110001100110010001000001110000111
11101000001101011000110000111010111000011001101000
00111100001000000101100001110111000010110010100101
01101111000000100011101000010001000110001010101000
00110000011000101001100000110000101000111100000001
10011101100011010010010010000101101001011100100111
11110100101101000111001000000100000000000010010011
00110101010110001101110111000100010001001010001010
00101001010100000001000001000011001010011100001101
00101001100001111100100001001000101111011101011010
01001101000001101000000011010101001000000010000000
10101001100101101011011101110010001101001001000001
01000000010011010001101010000100000010001011110110
10000011011000000010000000011101010011110001001100
11011000110100110100010101010010101101101110010110
10110001011010000100100100010101101000010100110101
00001100001101000000010011111011100100000100100000
10010100000011000100010100100011010110101010001000
10001100010010000000100101101101110101010111100011
00000000100010011000100001100110110100110011110010
10101000011010100010000111111000001000010000110010
10001110111110110100100010110001000100111100001001
11111110100100000001010000001101001101100000110000
11100101000011000100000001010110110110001010001111
00111011110101010010101101000010000000110000000000
10000000101100010011011011000100010011110000100101
11111010001100000001000010000010001011000001001010
11010001001100010011001101000000101110011110110000
01000100100110000101111110001101110001100001000000
01001111110100000111011101001010001011001000101101
10111010001011000100000110100001101101000010100000
11001100111101000110000010101001110011000010011100
10011011011100100000100100000010000110100000001101
00001110001010110000110001011100010011000100000101
00101101000100000000101000100111000100001110100101
10100100100000100111001111001100000010000100100101
00000100011010100000000001000100001010011000011101
11011100000100010000011000100010011010000001011000
11010011110011000001001000100101001011000000010110
01001001001000101100000111001000000110001011110000
01011011101010001011010101011001011101101011100100
10101001110000000000001111100111111000000000001100
01000110001000001110101010101010001010110101010111
10001001101010110010011000001110100100000011000110
01000100000000010010000111010110001011100011110010
10101001010010101110001010011010100100010100100100
11010001100100010110100000001100101001111111011110
00001001100001100011111001010011101000110000100100
10000110101011010000110010011000010111011000100000
00001010000110010111110010000001000011010100100001
00100001110010001000110000010010011100000011010000
01011000100000001101000100010000111101100111110001
00011110101100100101010111101000010100001110011010
10000011000101000001010110110011011000010010000011
00011100111001001110000001001000100000110110000010
01011001000100111010000010000000001110011001100000
10010001001101000010001000100001100110110111111010
11011011001100001000100011000010100000100010110100
10000101111010100110101010100000100000100000000101
10011001111000000110000100001110000100110000101011
77 253 39 26 5 2 0 0 