60
50
00100101101000100000110000000000100000010000101100
11000000001010000010100000011000010100010000000010
10000000001100000000001000010100110100110000000000
01000101000000000001000001100010011000000000000100
00010000000010001010001100000010000000000001000100
00000000000000001011010000000000000101100011000000
00000001000000001000000000000101000000001000011010
10000000000010000000000000010000010000000001001000
10100000000001000100000010000100010000000000000000
00001000001000000001000000100100000001100000000001
00000010010000000001000000001001001000000001000000
00100010001000010110100000100000001100001100001010
00000000000000001100100001100001000010010000000000
00100110000100001000100000100000001000000000001000
00000101001101000100000000010100000100000000000000
10000000001000010000010000010101000000011000000001
00110000011001011000000000000000000000011011000000
10010010000000000110001001110000000001011000000000
10000000100000000000000100010000000000000000000000
00000000000001000010000001010110000000000000000000
00010010000101001000111000001110000001100100000000
00001000100000011110000001001010100000100000001100
10000000100000000100010110010000001010101000000000
00000000000100000100100000000000000101001001000000
00000000000000000000000100000000000100011100110000
01000001100000100000000110000010010100000110100000
00000000000100001000111000010000010100101010000010
10100010000000000000000000000000011110000001101010
00100000000001010010000100000001010000000011100001
00100000000000000010100010000011100000000001100000
00100000000010000010000001100000010000000001000110
00000010010001000000001100001000000000100000000000
00000000001000000010101001000000100000000010000010
01111010100000000100110000000100000000001100001000
00000001010110000100100000010010001000100001000000
11000000000000010011000000000000101000001000010101
00001100010000000000000000000100000000001100000001
01100010000001000001010100010000100101000110001100
10100001000000100101001101010100000000000000011000
11000000000100100010000010000000101000000100000000
00000000001000001000101100000000000010010001100000
11000000000000101000000000000000000010100000001000
00100000010000000000010000000010000000000000000000
00000000010100010000000000000010000000000110000000
01001100100010100000010010000010000110000000000100
00010001000001000010000100000000000000000100001000
00000010110000001000001000100000000000001000110100
01000000010000100001101000000100000010100000100000
00001000100000101000001000010001010001100110000100
00000100000000001001100000000001001000000100001100
00000000000000010000010010001100001100001000001000
00000110000000100000000010000100010011000001000000
00001000000110000000001000000000001011101000000000
00000000000010000100000011000001000111000010001001
00000000000000100010001110100000101001000001001010
00010100000110100000110100000100000000000000010000
00001000001000000100000000011000100000000000000000
10000000000000000010001001001010100010000010000100
00000000001000001010101101000001000001000000000000
01000000010000100000000000010000000001000001010111
22 87 20 8 0 0 0 0 