60
50
01011111001101111111101011111101111101101111111111
11110101110111011011111011111110111101111111110010
11111011110111011111111111101110100101111110111111
11111011111111011111110111110111111111101111111001
01111101111111111111101111101010001101111111110111
00001110111111110000110101111111110101111111111100
11000100101111111011111000111001111111110011001110
11111111110100111111111111010111111111111111001111
01010111001111111110111101111111011110111111111100
11111110110101001111101111011101101111000110111110
01111011011011011100111111101100111110111010110111
11111111111111111111111111111110011101111111111111
00111010110100100101111110111111111111110111110011
10111011111011001111011111111111111111111111110111
11111111111111011111101110011111111101111111101111
11101111100111010011101110100110100101001101111011
11111111010001101101110111111011100101111111011111
01011001101111110011111111111111101011011101101111
11111111110101011100101111110011111011011111110111
11111011111111111110111111110111011010110111111110
11111100011111111101110110010111111111011111101101
11111111111101111011111111111111101011111100011111
11101011101111111111111110101011101111111111110111
11111111111111101111110111111001011011011111100111
11111101011101111011101111111111001111110111111001
11011110000101010111111111111011111010111110011101
10111111111111111111111011100111011101111111111111
11011111101011111111111111100111111011111010111011
11100010101111111101101101111111101110111111000111
11111111011011111111011011011111111111110110111011
00111110101111110110111111111101110111011111111111
11110110111111011111111111111011011110110111011111
11011011011111111111011111011111011111011111111111
10111110011111111111111111011011110111110111100110
10101110011110111111111111111000111010111111111011
00111111011001110011100111111111011111110110001111
00110111111111011111101110111111011111100101101001
11111011110101111111010111010101101111011111111111
10111011111111111111111011111111101111101011111111
11111111111111111110110111001101111111011111111110
11100111111010011010011101101111110101100011011111
11111111111101101010111111101110111001111011111110
11111111101111111101001111101111011101011101110111
11011110111111001101111010010111111111100110001111
11110101111111110111011110111101111001111111111111
11011011110111011111111111111110101111101111111001
11100111001101101010110111011111110101110111101111
10011001101110111100111111101010111111111011011010
11011101101100111101110111110110110001101101110111
11110111001000111011101111001111111011111110111110
11111110111111101010111111001011111111111111011110
11111111011010111101111111101110111111111011101100
11111110011111111101111111101111111110101011011111
11101111101110111111110011111101111110111111111001
01010111011111011111111110111111011111111111110111
11111111011100111111111011001111111101100111110111
10011111100110111110110111111101111111111111111111
11000011111011101001110111111100011111011111011110
11100110011111110111011101001111111111011111111111
11111011011100101010001111110111111111101011111111
104 327 50 25 16 3 0 10 