60
50
01111010111101111111111111111011111111111110110111
11010111111101011111111111101111111010110100111111
11111111110010011010111111111111101111101011000111
11111111111010111010111101111111100111111111110111
10111110011111111101100111111111111001111111111111
10100111101101111001111010111111111111111010101011
11011111011011101111011111000010011111000001011101
01001110011111101001111111111110111101111111111111
11011111111100011101011111011110111111111111111101
11111111001011111111111111111101011111101111111111
01010101111011111111001111110100001001111100111010
11111101010111111111101011111110111111110111111011
01111111111111011111011101111111111111111010011111
11101111111101101011111001011111100111101111101111
01110111011011110001111011101111111111011101011111
01110010011111111011101011111101111011011111111111
11110011111111111111111110110101111101110111101111
10111111111101101110011111101111110111111101111111
10010101110111010111110111111001111111111101111111
11011111111111111111011001111001010111011111011100
11001111010111011110101111101110111111111011101111
11011011010111101110010101001010111111011101011111
10101111111101111110011111111011111111101011001100
10111111110000111111111011100101111001001101111011
11111110111011101110111110101111101011111011111111
11110111111111111111100011101000111110111011101011
11111111111011011110010011111101101100111011101011
11101111110011111011111111100111111110111111111101
01101010100011111111110110111111111111111111011001
11110011111111111111101101111111111110111111111111
11111011111010101111111111111111000111111000011101
11101111101100110111011001011111111110110110111111
10011110111110111111111101111100111101100010011111
11111110111111111011111111111011111011111101011111
11111111110100011111000111111101011111101010010111
11111111111101101111110001111111111111111111110111
11101111011101101011111011011011111111111111111111
11111010111111001010111011101001111111110111110100
11011101111110110111100110001111101110001111111010
11011111011111111111111111111101111111011011101011
01111110111011111100100111111111010011111011101111
11101111110111111101111101111100101100111101011110
10111011111110111111101110011111011011110101011111
11101100111101111111011100011011111001111111111101
11110111111111111011111110111011111111101011111111
11110111111111111111011111100111010011010011111001
11101110101110111111110100111111010111110111110111
11101111110111100111111111000011111111101010101011
11111111011111111001111111011111111011111111101011
00110110111111011111101111011101010110111111111111
11111011101111110111011101101111111111111111110101
11111111111110101111111101111011111100010111110011
10110101001110101111111011111111111111111101111110
11111111111010111101110110101011111000111111110111
10101110011110001111001010110111111111100111111101
11010110001000101101101111111110011111111111110111
11111001111011111011111111111101111100011111111101
11111110111111001101111110101100111001110110110110
11111101011010111011011011111010110100111111101111
11100001111110111111111111011001111111111111111110
141 454 75 37 19 7 0 11 