60
50
00100101001010011111101111111011110101100011111111
11101100110001001100001111101100111000011010100111
00111111101011000111101111001111100100011010001100
01101000011011111011100001011110111111110111010111
10011100010001000011011111010011011100011010001100
01100101100110010110100001101011101001110011101011
01101010111111001101001100010011110010111110011010
01010110111001001010110001110010111101110100111110
01000011111011111111101101101011110001101110111011
00100101101110110011011001110111001000111111111001
10111111101011110110001101111100001110111111101010
00100011011001111000111110111011111110010110000011
10110111100101101110111110100011110100011011111101
11111101111011000011110011010011001001110111101000
11001101100101111101111100110001111001011011100111
01000011111011000101110011101111111010111101110101
01111101010101110010100111011110100000011001101001
00101110111100110111001111111000101111001001111111
10110000011111100000001001001101111011011100100110
11111101101111110110100111110101111111011001111111
00101000111001000001111110000101111010010111111111
00011101111110000010000110111101111100110010111101
10100100111111011101111000011011001101010110110100
00011110101000010101110100001011101011011010011010
10110110100101011111111101011011111110110110011001
10111111110110011011110110101110010101110001101110
00000011001101010111111011101111010111000100111100
01111011101010111100011111111111111010010010001111
11001111001100001100100101100111101101101101100001
11110001111111111011111111101111100111100110101010
10110111111111011110101101110111011111011100001011
01111101111000111101101111101111001111111011001010
00001111110110100001011011010111110100110011111011
10101110101010111111110011010001101111111001011000
00110000011010011000110100000000011000000010011111
00001101010110010001011010111101101010111011110110
11010111011101111101101011111001101010110111111111
10110001001111111100110110111001010110100011110111
11111101000000101101110110000010110111100111100111
01111110101110110010100011011111010111000000110111
11110110101011100011111011101101010011111001000000
10111010011101111000100101110111001110110111101110
11010100000101110011111110110011110110010111111110
00011010111101001001011100001111110111001011101011
00110101010010111001110110100011011101110110101110
11111010001010010101011011000001111101011110001011
11111010010111011010111011110111111101001101111011
10011101000100000110101011001111110101000111111101
10001110010110101000100111101111001010101101111000
10001110100011001011111101111101010101101111100101
00110011000110110001010000001101101111111010100101
11110111111010101010111000111101110100110001001100
00101111010010011110101010110011110100000000010010
01101110101111110111111111111111110011010000111110
00010110001110001110010111001001101111100010111111
01010110001001110110110110101111011110111111101101
10110111011100111000001100110010111010011111110001
11000110111111101010100001001111110011111011011111
10001101111011111101010110011110010001110011111000
11011001111010010001010000101001111111110111110001
133 423 78 35 17 10 0 17 