20
40
1111001100110000000010000000000100000100
1001000000101100000010000010110010100000
0000010010011000100000000001000010000000
0000000000001001000001100100000001001000
0000000010000001001000101000000010100000
0101000000101100010100001011000000000000
0010101000000001000000000000010010000000
0010000000000010001000000001000000010010
0001000001000000011000000001000010001000
0000010000001100010011010000010101000001
1000010001110000101010000000000000000000
0101000011000010001000000001111000000000
1000000010000000000000000000100000000110
0110000000101000000000000000000000000010
1000000000100000110000110000000100001100
0100001000000000010000000010001000001001
0001000000010000001101001000000100000001
1100010000000011100000000001010100100000
0000000000001010100010001100100000001001
1010001001000100100010000100000000010000
8 14 3 1 0 0 0 0 