20
40
0001100100010000000100110010000000110011
1010000100100010000101000000001100000000
1000000010001000010001001000000000001000
1010000000000001011010000000000100000110
0000000000000100010000000000000010000100
0000001001001000000001100000010010100010
0000001000001001000100000100001100000001
0100001111100000101000000100000000000010
0000010100000001000000000010000100000100
0000000000000000001000010000000110000100
0001000101000000000000010000000101001000
0110000000000000010001100000110010100010
0000000000000000100110000000000000010100
1000000000000000101000100000000000000001
1000000000000101001000100000000001100100
0000100100001000000000101100000110100000
1000000000001010000000000010000000000100
0111001000001000001010000100000000000101
0000100000000100000000000100011000001100
0000010001100001101001010010010000000001
9 14 0 0 2 0 0 0 