20
40
0001111111101101101011110110111000110110
0100110101101100011100111110111011110010
1001110110011000000001110000010100011111
1001111010101000110000011010011011110111
1000110110110110111110010101011011101110
1111101111100110111010110111111011100000
1011111100011101101110011110111001101111
1111111111111111001111111100010111010011
1100111100100110110111011010111101100101
1011011111100010111011101101110100101010
0110001101100011010010111101111100110110
1101101011101010111000111111111100011101
0110010010110011110011100101101100011111
0111100000001111110001101101010011011011
1010010111101011011101010111110001101001
0000011111001111110011111110110110001111
1101111101000111011101111111101101011010
1010100111000110010011100110111011011011
1101110001001100111010011001111011110110
1011111110001001111101100110111111101010
18 48 2 2 3 1 0 0 