20
40
0110000000101000010100100001100000000010
0001001100000010000010000101000110000010
0010100100110110010001010000000100011000
0010100000000000100000000001000010100000
0110010000000000100100010000000000111000
0000010001101000000000100000000100100001
0000010000000101010001010111001000001010
0000000000000000100000010011001001000000
0011010000000000000000000010000010000000
0110000000000000011010001000010001010000
0010111000000000000100000000000000000000
1001011100100000111000000100000110000010
0000000000010001000001010000000011001000
0100000000000000100000001011010001001001
0010000000000000000001100000010000000100
0000101000000100001001000010100001000100
0001011000101001000000000101000101000000
1010000000000010100000000000001000011011
0100110110000100010001001001100101100000
0001000001000000100000000010000000000000
8 16 4 0 0 0 0 0 