20
40
1101111101010011101111110101001111101111
1111111111011011111111110111101111110111
1100011110111111101111111101111111111111
1011111110111011011111101101111111111111
1111111101111111110110101111101110011011
1011100101111111010111111111111110111011
1011111111101111101011111111111111111111
0111111110111101111111111011001111101111
1111111111101111110111111111110111001010
1111111110111011110111111110111111111111
1111101111111010111011101111111011111110
1111101111101111111100101111111111110101
1011011100111110101111111011101100111110
0111110101111001111111111111111111101000
1011111110111110011111011111101111111111
1111110111101111110111110111011010010111
0111110101111111101111111111111101111111
1111011011111001010111111010111110101110
1111001111111101101111110011110111011101
1111111011110101111001110011111111111011
47 121 22 12 5 2 0 2 