20
40
1110111111001011101110110111101001111010
1011111011111011101011000100111011010110
0000011110011100011100011101011101111110
1110110110010101110101110100101010101011
1100110101000111000000110101111101110101
0000111010000010001110101001100001001111
1101111101100011001011110110111110100011
1011110100001101000110111010010110101111
1101011111011111000011000101001001010111
1111011111111110100010011111011110111100
0000110111001100011000000111110011111110
0011010110010011000111011111001011011110
1100010110111101111111011011010110100100
0011111010111001011101001001011110101001
1101001101011000011011010101101001111110
0100011101011110101111011110011110111001
1010110110001101100011010010010111010100
0101111110011100000111110111111111011111
1100010110110011111111110101001010111011
1101011011110000011111100101110001110001
38 85 19 6 5 1 0 2 