20
40
1000100100111000111101110100110100001000
0000000101011011101100110110111101001010
0101100000110001000110011001000000100001
0001000000001001001101010010101110110001
1111110100000001101110000110101000100000
0010011110011100001001010000100010011011
0000000100110100000100010000010101000010
0110010001101001111000010001000001100100
0011000100011010011100100000100010001101
1110000011001001000011000000110101010101
0010110000011101100000011101111100000111
0110010010100111100001110001000000000000
1100011011111110000000001110000000000011
0101101100100010111100011000110000000010
1000001110011101000100000100100000110100
0101110011010000011110000010010101011100
0001001001010001100000000000001100110000
0000010011001010000100100100011101000100
0110000011101101000100100110000000101001
0011001100100001100000010100100000110110
32 73 20 5 2 1 0 0 