20
40
0100000010010001010010011111101010111000
0010010111101111010111100011001010110011
1111000100100110110110001100001100000000
0100100110110100101100000011000111011000
0001000010001110111000101000101011100100
0000000000100101000001011000000100011010
0000101001000110100100111000000110011001
1101111011100011101101001011101000011101
0010111111100110010111010101000110010000
0000000001010010101101000000100101001100
0000000000001001000110111010000101001011
0111010010000000001010101110011010010001
0000010110100010010010101111010100011100
1001100111010110100001001101100111000100
1101100001010111001001101000101010000001
0101111000011001000101110101101101000000
0111010110000001011001110110011000111000
0000000001001101011010000000100000000000
0000011000110000000010010100000110011011
1000101001010111001110001000001001011010
15 35 1 0 2 0 0 0 