20
40
0111001110101110001001000111111000010000
0000100010110011010000000000111010011011
0000110000001000000001100010010110001100
0001000010101111010111010100110000001000
0001100001000100110010000101011000100000
0110000101111000110111000010010010110100
1001010011001011000000010001000000010000
0001000001001001000111100100101000010000
0101011011100100100000010100000001001001
1100011101000100010100110100001110100111
1001100001000110101100100011000000000001
1010111011000010011101100011111000000011
0001101011000011111010110101001011110110
0100110101010011100000010110110001101001
1101010000000100001001000000111111001101
1001100111101000001101010000101010011000
0110010001101001001001110100100000000110
0101010101001110001100000010101000001000
0001110010010101100000110001100000110000
1000000001010000011101100101001100010100
14 67 16 4 1 0 0 0 