20
40
0010110111001111010111000110010101111001
1111110111100111000011110011110111111001
0001111001011111001101001111101110000101
1100000110011011001000111101110110010110
0000111101011101110101000100010010111010
1110110111111000110111110101001101101111
1011101110100011101100010111101100010100
1110101101101111011110111100010111101110
1010100101110111101010111110001011000110
1101010011111111110011101111111111111111
0100111011010011111010111001011101011001
0101001101001111010110111111011111001111
0111000111011111100010100011101101110111
0100001011010111111010101001101111110111
1011100011110101000101111111001110001100
0000010111110011110111110110011110110100
1111010011001000001110110101100111100001
1110001000010111111010011011011110010010
0010110000100111101101110111111111101101
1101101110101000001100111101101100011001
15 44 10 2 1 0 0 0 