20
40
0111001010100011000100010000110000001110
0111100101110100000010101100000110110000
0000111001100000010110110000010001100010
1110000110001010111111100111110111110111
1110011100111011101011100101001001111001
1000100101011000001100010110100101110011
0000010110100010101111101010010000110011
0101101011100010110001000101101100000100
1001100100100001110001000101101001100001
1100000001100100100001011001011000000000
1110100001100001101001000010000011110000
0101000110000110111000011100110001100000
0100110000000011000010011001010001110110
0001100011100010101000110011001100011111
0010000110010110000000001001110110101001
0000000000010000000110100110000110011001
0100000000011000000100010001100010000011
0110001000010000010100000011000010001101
0000011100011100100000001110110000010011
0010000010010110001001001111010001001000
35 90 10 3 5 1 0 0 