20
40
0101000001101000000000000111010000010100
0110000000010000000001111000010010001111
0100000011000010011010100111011000101001
1011111101100101000001001011010001100110
0010111010110101100100101011001110100001
0010000110011000011011110111000001101000
0110101111000110001100000011000000000000
0101000001010101000001010000001101000110
0101000100100000110000011110101001010000
0111101000101011011101011011110000001001
1110010100101000110010001010011101000000
0011001001011111001001000111010000001000
1011000011001001101001001011100000000010
1000000010001100010001110001101011011010
1001000011000100001101000000100100011001
0101000100000111111101011011011110111010
1111010100110101010110001000011100011101
0101101000000001100100111001000100011001
0000110000001010111001100011100010010100
0101001001010010111000011000110101000100
22 63 13 6 2 1 0 0 