20
40
1110000110111001000010000001000100001001
0000001010010001010001010001110100100000
1001010000010100011010111010000110001001
0001011010111000011110111011001110000010
0100010011101000000100110110001011101010
0001101010001100010111100011100001001000
0010000001011001010010100100010101001000
0000000101101011100001000100001010110000
1000100000000000100000110010001111100110
1000001110101001101011010001110010001110
0111000110011111000110001110011111010001
0101000010001010001001111110101001000000
0110001010101010011000000010010010000001
0001011111000100000011100011101000101110
0100001010110001110010010111000110111010
1000000110110000001110000110010001000000
0101101000111001010000100011110010000000
1100001001000010001010001001100001110110
0000110001110001100001110001100011011000
0010000100001111100100000011101100110100
14 38 8 4 3 2 0 0 