20
40
0010000000011000000010000000100001001000
0000001001000000010000100000000000000100
1001010000001010001000110000010000001001
1101001100000000000000000000000000000011
0000101000010000011000000000100000011000
0100010001000000111010000100000000000110
1001010000001000000100000010000100110011
1110000000001101000000100000000001100000
0001000101001001010101000000000000000011
0001000000000000000100001000001000001010
0000001000001100000000000001010100000010
1001000000000110000010001101000010000110
0000001101000000000000100000000000000000
1011110010000000101001000000000001001000
0001000000110000000000000001101010010100
0100000000100011000000000010001001000100
0110001000000010000000000000000000000000
1000000000010011010010100000010001000000
0100010001110100000110000100010010000000
1011100011011001010000100100100010000010
6 32 4 1 0 0 0 0 