20
40
1110011011011110001110111001111111000100
0010111111111001100100110100000110100011
0111110111111111010110110001010110101100
1010010110111011000000111011010111011000
1011011111011111011111110010011110101110
1011101111010111100111111111010110101011
1110101111111110001101011100101011000010
1011000000010001011100001100101100101110
1011110001100011111001000011110101001101
1111011011001000000101001001001100100011
1011101110000111010101110111110110110111
1001010111001110111101011101000011111101
1110011111101111100111011111100111001011
0111101111000101111000010001010110010010
0101111101010110101001010010101100101101
1011010001011110111100000111101000001111
0011011011011111110010011001001011111110
1111110101000110010010111110101110101111
1111100101110101000011110011101001001100
0100101001111110010101000100111001011011
36 82 11 8 3 3 0 4 