20
40
0000100000001001000000100000000010000100
1010110000000000001000000100001000000000
0000101010010010010000001100000000010000
0010010010100010000100000001100101000000
0000000000010000000000010001000001000000
0101100000000000001001000010010010010000
0000000000000001010100100100000000000100
0000001010100010100000000001000100000000
0000000010010001000010011000110000100000
0100000010000000000101110000010000010001
1010001100011010010000010000100100100000
0000000000000010000000110000000000001101
0100001000000000110000000010000100000000
1000010000000000001010000000000000010100
0100000000000000010000100000100001000000
0100100010100000100100000010010100000000
0000100100001000000000000000000000100101
0100001110000101110100000000001001000001
0001000000010000000010110010100000000110
1000000000000000000010000110100100000010
6 17 2 0 0 0 0 0 