20
40
0000011011000000010001000110100100000001
0100101110001001000000010000000000000000
1000000000000000100000000000001000110000
0100000001010000000100000011100000010000
0000100000001000001000000100001011100000
0000100000110110010000000010010000010000
0001001011100110100000100000000011000000
0000010001111011011000000011000100001100
0110100100001100001010100010011000000100
0000010000000000110010010000000000100101
1100000100000010000000110000110001000000
0000010000000010000000000001000000000100
1000000000000000100100000100100000001000
0010010000000000000010001000000000000001
0000010000000010001000010000000000010101
0001000100000000000010000000100000110000
0000010000100000010000000000010000100001
0100000000010000000001010000000000000000
0011100000001000000000000011000011100000
0010001000000000000110001010010010010000
16 39 10 5 0 0 0 0 