20
40
0101110100001111100110101111001010101001
0110011011100101010111101110000011010110
0100111111110001010001011010100111100100
1101111101010000011111111011011001101011
0100110101111011001000001101100111011000
1010110100111101010011110110100110110111
1011010101011110101001110110110110100101
0111010111010011000100111100001110010100
0011110111101100100101101101101110000011
1011111010100011010111101101111010110110
1001001101111110101011101010110001011111
0111111100001001011001111011100111111101
1011100011101111111011001111110110010000
1101111010011001101100101001101110010101
1010111011111111011111111001011010111111
1101111100101110111111011010101100100001
1100111011110101101011000111011010110011
0110100110010110001110101101101011011100
0110000111100111111101000111111000101101
1111110001111011101010011010100110101101
18 72 9 8 1 1 0 1 