20
40
0011011000111100011011101111100111100111
1110000100011111011011100111110111101111
1011101111111101001101010011011000001011
0110000110011011110010111111110011101110
1111100011110110110000010001011001100011
0011011111010111001001011001001100111010
1011110001011111110101110101110111001111
1110110110111111110101011110101001100110
1111011011111000010111100010010010110110
1111001011110011111011010110100001011111
0011100100001101011111001111011101101001
1111101111011101100101000111111000100101
0100011010110001111111001101101101100001
0110101101111111101011010100110111000110
1101000111000001100000111101001001111000
0110001111001011111000101011111110000101
1001001010100111010001011111111100011101
1111100110000101101011111011010110111001
1010011111010111110100111011111111100011
0010111001010110111011011110101011110010
14 69 10 7 0 0 0 4 