20
40
0110000000010010000000000000110001000100
1000000000000100001010100100000010000100
0000000100000010001100100100000011100000
1010100000000001000100010000100010000000
0000100100100001100100111001000000010000
1010000000100111001000101001101101000000
0000011001100000001000000000000000100000
1000100010000000001001001010000000001010
0000000001000000000001000000010001010010
0111000000100100101000100000010100001000
0100000110000010000000000001000011010000
0000101001011010000100000000001000010100
0010100110000000000100010010000000101000
0000000001100000000000010101000001000000
1000100000001100010010001110000100000100
0000000000000000101001000000000001001000
0000001000011000000011110000000001000001
0001101010000100011000100000000000100100
1000000001000101100010100000010000000100
0011110000001000001000001000001100010001
17 44 13 4 0 0 0 0 