20
40
0010110101100000000000000000001000010000
0000101011011000001110101000000000100000
0101000000000001000001000001000001000000
1000100010001101010011000100000000000001
1000000100000000001000011000000110000000
0000000000000000001000000000000001001010
0000000000010110000000101010000000001000
0000100000000000100000100000100000000101
0101000000100000000000000000000001010001
0001010011010000000000100000000000000000
0000000000000010000000000010000001000000
0010100000000001000111000000001100001000
0110000000010000000000100000001000110000
0000000010000000100011000100000000000000
0010010000100000011001000000000000000000
0010000100000010000010001010000010000000
0000010001001100100111001001000100000000
1000001000010000010000000000010100010000
0000100000000010000010001001100100010000
0110010001000000010001110010000000000000
17 49 5 0 0 0 0 0 