20
40
0111111110111010111101010110101110110011
1111111111101010011111111101101111111101
1111011111111101111111101101110111101111
0011111111111111101111111101110011111111
1101111110101111111111011101110111111111
1101110111111111111101011110111101111011
0110111011111110111111111111110111111011
1100101101101000011111110111011111111101
1011111001000011110111111101110111011110
0101111011110100110100111001111111101110
1111011010111111110111111110111110111110
0111110101111110011011101111100111111001
1000111011110111111010110101101111111111
1111011011110111101110111011010111111001
1111111000011101111110110100111111011110
1111011111111111111011111111010111110111
1111111110101110111101101011111100001111
1110110111001110111111110111110011111110
1111111111111110100111110101011111001010
1111111111101111111101111111100011111001
42 134 27 18 10 0 0 6 