20
40
0101110000101100111110001111111000110100
0111000110100110111101011001011111111011
0001011011110010101010110100011101101111
0111011010101101001111111010110011111111
0100000000110111011000101100110000011111
1111011111101011001100111010011011111010
0000011101101101111011101101010010010000
1010001100011110110110110010000101110110
0110010001101101110111011101001010101101
1101010100111110001010111011010111111111
1101100011011111100111101110010111100110
0011001111111010010100111100001111110110
1010110100101100111111101111110001011110
1011000001110110111010110001101100101010
0010000111100111110000010010111110111111
0011110011101111011010011011001001001000
0000001011101111000000110001011001101101
1000011010101111111110010101110101111010
0110001100001010100111000011101111110111
0010000001010111110010010010111111110010
13 63 18 4 3 1 0 0 