20
40
0000100010010000111111000000110101100001
0000000000011000000100010000000100100000
1111001001100100000101011110001001010110
1100000000011010000100100000110101100100
0101000110101111101111011010000100100010
0111010011100001110001011100110110110011
0100000101100110001000000011010001011100
1111000010001100001101011100110010100000
1000101100100011010000010011000010011001
0010011000100100110001010010000101011110
0101010000000010010000000000000100001010
0000000010001101101000101000000111001001
0111100001011001001000011000001110110001
0110000100100100110001000010010000010011
0010110110010001000010000100000000010100
0100010001100100001101011011011001110111
0010000000110110101001011110111100100011
0001101011100110010010101110010010000101
0111010110111001010010011101001110000101
0010011101011110101001000000101001101000
6 21 4 6 2 0 0 0 