130
130
1011001011011100111111101111111011110111001000111000100111110111011111110110101010100100001011111010101001111011110010101011110111
0111100101111111111110111101111111111110111011010111010101000101011101111011000111101111001010111110101101111111000100001111101111
1111010101110011110011110111011001111111111110111111100111011011111011111100110111111100111101110001110110011111110111110011110111
1101011110101110111111101001110111111111101111010111010000111111011111111011111011110111010101000110111111001111101111111001010011
1100011101111101110010101110111111100111011100001101111100111011111111101011100011111001000111101001100110111111111111101111110111
1011101011110101100110111111010111111011111111111111000110100111101011101110010100111111101111010110110111110111111110010011011011
1111100011011010000111111110111101111110111111111110101101100111111110100011110010111111111110110111101001111111101111011001111011
0111100101000111011011101010010111111100111011111111111110110011011111101101011101101111110111111100111111110111011011111101011111
1110011111111101010111010111000011111111110111011111111110100111010011101111110110010011100101111101111101001100101110111110110111
0101110100111111001011100111001111110001101111111111111001101011111101011011110111111100010111111110011011111001001110110010101111
1111111111110111101011000111100111111101111100011110000001010010100111010111000011111111101101110111110111110110001110111100011101
1100111100101111010110111111111111111111110111111111110110110011011110111110011011110101111010101111110111011101101101100111111111
0101101110110010010111111100111010111101101011000111111111100101011111110101111011111111110101110101110001110111111101011111011111
1111100111101111101110110111011101010101101101000101101001111110110111011001110111101001010111111111111111010111011110111111010110
0101101101111011111111101111110100111010011001011111110101111111001011011100100001111111111110101110111111101001110100100000011011
1111101001111110111101101011100101111111101110011111111111111001111001101100011111110110111111001110111010011101101111010000011110
1011001111011111100111111010110110011111111001101101110011111011100101100110011111111111110110111101111111111000110111011110010001
1110111100111011011110111101111111111010101111011010101111001110111111001111111100011111111011011111110101101001110111011101110011
1111111001110110111110111111111111111101111101111001111011111111010111000110101100110100111111111111110111011001111111001111111001
0111111110011111101110101111111100001010111011101110110101010100101011111111101110110100111010110111100110001111011101111100010101
0011101010110100011000100110100011110101111011011111111100110101100110110111001111110110111110110110101111111110100111101111110111
1101011011011110111110110000011111011100001111011111011111111111100111101011101101011011011100111101111101111001111101011001001010
1111001111111111111010110111111111111101011010010101001111111111110111111001101011111011111111110110100111110011001101100011110110
0110010010111101111111111011110011010111111010001111111101111101100101110011111111001111110111010100110111011100101111111010111110
1001101111101000110111111011110101111010110010110101100001101101010011011000010011111011111110111111011111011010101111111110001111
0000011001111111111111100111111011010111111111011011010001101110100111100111111111110000011111111101111101111111101110111111001001
1111111111001111100101011001011011001110111010111011011110101111111011111001001111101101100111111011100110111101111111111101000111
1100110110111111111001111101101111100111111101110110100111111101110111000001110110100011111010110111001011110111110111100101101011
0001010111111110101110110111111011011001111001101011011010111101111101111110111011111011111111100100111010110010111011111111110011
1100110100111111011111000110111011111101011111001101001110011011010101111111010111110011111011101101011111101101010011010101101101
0111110001111110100110100011111101110110101110111000111111010110111011010111101011011111111111011110100111111111101001111111110110
1111110110011101111110111010001011101000101101101101111110011101111111111011111011011101000100010010111111111111110110110111000001
0111111001111110100010101110111111011011101111111110111111011101111111111111111111111110101101101101101101010001001011000111110111
1111111011101101010100011001110001011111110111111111111111011111011010101111101101111111010111011101101010011111010110001111001111
1111110111011101110111110111110111010111010111110011010111011110100101101001111111100110111111010001111111111110010110111110100010
1101111110111110010111111111011100011110111111111110110011110111101011011111011111111111101111101111111111101011100111111001101110
0001001010101110110100100001001111111111101110111010101111001110011110010111111011111011111110111101100111100101110101101110110100
1111011111101110001110111011001111111000111001111100101101101111111101111111111101011111001101010100111100101111101111111010110101
0111001111111011101001100101111101010011111111111111110001011100001001011111010111011110110110100001110010001110111011111101011101
1111111001110111111100010110110111110101111100101111110111111111000110110111110110100101111110001010111011111000100011000101111110
1011011011101110001111110010110111111101101111100101100110110110101011110101011100011110111101110111111111001111101110001111101101
1111110011111111111111011111011101101110100001011011011111100101111110111011001111101110101111111111011110111101111111001101011010
1001011001001001101111111111100111001111001110110111001011111001111101111101011011101111111110111111101011010111011111001111111100
0101101111110111100100101111011000111100011111100111111110101111111111101001101011110101110101011111101111101110111111100110101101
1010111111001101011110101011111111100000110110111111011001111100111010111111101001101111101011101110011101011111110111011111111110
1111110111111111101101111111111111111110101110010111010101110011110000101101111111101100000001111110110111011111111110000010111111
0111110001111110010101111010110111001111101111001011101010001101110011001001001101111000101111011011100100010110011110001011111110
0011111111111000110110101100001100111111101111111101111011010100101111111000011011101111111111111101110011001101111111110110110110
1011100011111101111111101111100111111110111111011100111101101111011111001111011110111110011111111111111111011100110001010001000100
0111111001100111011110110101001011110011111110000011011101110101110101011101010101111111100110111011110111111010010111111101110101
1010100110111011111110111110110111011111010110111011111111110010001101011110000111101111110110111011111101101110100110111011011100
1000111110101011111110111010111001011110101101100101101110111011100111110110011100101100011101011111011111011001110011101001110110
1100101101111110000011001110101011101111110110111011101111010010111111111011101111011101110111111111011101111111101001111110111101
0111101111111011110011010111111110110010110111111110001010111110011110111011101011111000100010111110001110111101010111011100111011
1111000111111111111011010111011100011101111110011111111001010111101110001011111111011111101101111011011101111111010111010101101111
0100100111111111111011101010011001110001001100011010010110111110001111111100111110001101111011111000111111101011110011111111001010
1011101011101110111111111001110000011101100111111010111110101010111111101101110111111111010111110111111101111110000011100000111111
1111101101010101110111111000101110000111011111111011101101111111101111011111111111110100011011110010111111111101101100010110001101
1111111111111001101011111111011111011100011111111111111111010111100111110101100010110111101110110111110111110111110111111011101111
1101111111001111011011111111110001110111111111110001101010011010111111001101010100111101010100110011111011110101001110011111100110
1110011010110101101101101111100101011000111101110100001011011101111110000001001010111111111011001101101111111110111111111011010111
1111111111111010001101000011110111001000111111110111111111001101001101110011101111111001101011001010111101101101010111111111010111
1110011110101111111011001010011100101111110111110111111011111101110111111110101110011101011110111111000110010111101111111110111110
1011011111011111111001000010011111111010111111110011111010101101111110101011100110010111111100111101101110010101011111111111110101
1111111111111111110100001111100111101001111011011011011110111010111110110011110100111100101111110011101111010011010010110101101100
1111111111111111011100010101010101010111001101011100110000111001111111111100111011001011110110111110001011111111011110111111111101
0111001011111011111111111010110111111111101111100111011010111010111111110010111110101111011101011101101001111100111111111111101111
0111111111011111111011100111011111111111101111111010111110000111111110111111110110011011101111110111011010001011110011110111111110
1111111111110101101100011111001110111111111011110100011111111100111111101010111101110011101011001101100101011110111101111101111111
1101000111111111111111000101110011111011101111111110110011110011011111111110111110110111011011101110101110010111111111011111011101
1110101100101111100110010011110111110110111110111101101111101100010010111111110010100111010111011101111101110101111111111011111000
1111111110110101111111111101111111001111111011101100011111100010110100111111111111100100111011001111011111101110111011111011111111
1111111100011111101101101100111111110111111100000100011011100111111111101111111101111100110111110111111101101111010001101101100010
0111111110111011101101001011101111011010110110101110111111111010111011010001111111010001111111000110101111111110011011101111111110
1001111111011011100111111101000011100010110000111111011011111101111111111011011110111111111110111111110011100110101110101010111101
1101111101110101111001011110111111011111111010111110111111111111011111101010111111011111110111001011111111111001111101111111001111
0111101100001101101100111101011011111111110111111010101111101101101100011111001011010111111111111011101111001101101011110111110111
0010111111101001110011001111101110111100111010111001010111111101010110111001111001111010001111010011111011110011011010100111111110
1110100010100111111111111011100111101000111111111001101011011111011110111110111101011111111110011011111111011110101011000111110101
1111111110101101110111110010101100101001111111110101110111101110111000011111111010111100111111101111100111111101011110000001111100
0001111011100111101110111111011111111011011111111110011011111111011111011110010111111111101011011000110101001111110111101100110110
1010111111011111111111100011111111011000110110111011111100101011110010001111111011011111111111111001110100110111101000111001010010
1111101111101011100111111110111111111110111011011011100111111111111111111011111111011011110001110110110110111110111101111110101011
1111100010101111001111110111101000010111100110111110011111111110000110010000001000010001111101111111111101101100110101110110111011
1111101111111010011111101100111110110110010001101111111011100101111110100111111111110111111011111100011110010010000110111101011111
1111111010101111110111111010011111101111101110001011111101011011111101101101011111110101011101111011101111111111111101011111111110
0111111111111010110100100111111011010101011110111111011101111101110111100111110110111111010010011110111111110111110000000110101111
1111101111000111010011010001100111111110011000111001011010011011010101011110111101010110001111011111110101011011111101111111000001
1100111001111111111110111111110111101110101101111100111101111011111111011111111101111111111111111111011111100011110111111000111101
1111101110111111111100111111110111010111111101110111100101010101101011111111010100100111110101111111111101101010111111000111110111
1100010111111110011110111111101011110111101011111101111001111000011001011110101111011111011101011111101110101100110110110111010111
1011101110001011111011011111011011111111111110011110010010101111111111110111111111100100011111011011111110111111111011010000011111
1111001111101111111101110001110111110111111010111101111011011011011100111111010101101110001111011100111011101110101010001110101011
1111110101111010111111110111111111110101011011110110010111011111110111101111111111101111101011101111101110011000111000000001110011
0111011111101111110001010011010110110101111110111111101110111111011111011101101111111011111011111111011011111100111111101011111111
1101011101111110111111111101111111111111011110111111101111101111011101100011110111011111111110011111110111110111110110101011111101
1110111111111110111111110111111101011111011111111010101011010110111010101011100111011011111101111111111111101110110000111111000100
1011111011111111101010010101111011111011110101111111100111101110010000001001101110011111111100010100111011110010110100010011101111
1110111100111011101111011111111111011111111100111011111101001010101110111011101110011110101000110011111101101111111111011111111011
1101010011100110101111000111111101111011011101111100111111110111111110111111110101110100111011001110111111110111111100001110111101
1011011110011110011111111111111101111110011011111111011110000100111101111111110110110110010110111111010111100111101011100001111101
0011111011101100011111000000111100111101111101110111111011001110110111000111011000111000111111011111001001110110111001111011010111
0000111010111111111111010101111111101111011111011001101111111111010110111111110001101001110111110100010100110011111111011101110101
1111010111111111010011111011111011111100011111111111011110111111111110001111000110001101101111110011111011111011111101111011111111
1111111111111011110111011011111111111011100100111010110001100000111111111111100111011011010100111110111111001111111111101101100111
0011111011111111110010100111111111111010111111000110100100101011111101111010111110111111101101111100001110111100111011011011111111
1011110100101101100111011001010100111101011011011111001111111111101011110111110111011001110110111111111100110111101010001111110010
1101110101111101101101110110111001100011100111111111101001101101101111111101011101010101111100110100110101011100111110111010111110
1110011111010100111110111111110111111010101111010111100000100100110111100111010111111111101011111100011110110110110111101011111111
1110111101111111111010001001111110110100100101001111111110111100011110101111100111001100011110100011111101111100111111110011111111
0001101101001101111100110110100111111101100100111111111111001010011111011111110101001110100110111111100101100101001010010010011111
0100111110111111011110111011011101110001110111100111110110101111110001011110011110110001111110111110011111011011011111101110110101
0011110001111111111111111111101111111111110011000111111011111111101111011011010011011101111001111110101001110101111011111101011010
1111011111110001110111110101100110101011000011011110110010111101010111011111001111010111010010001001001101101011011111011110001111
1110111000111011100011110111111001111111110110111101111011011011111111011101111111001111010111111111011101101111000101111111111110
1011100011111101011111010011110010011011001111011111001011101011001011111001110111110111111111111111101011111001101110111010001111
0011101110111001101011110011101110000101101101110111111101010011111000111111111111100011111110100111011011010111011011101101101010
1111111011111111111111011100111101011000011111111010111100110111100101110110111110110111000101111011111111111110010101000100100010
1111011110111101111100111110101101110001110100011111111110111011111000011100101110010110011101001001111101011001111111011111011100
0111111111000100111000001101111010000111111110111101101110001011001100010101110010010111101110100011111110101100111011101110011101
1101110011010111111111111010111000010111111101111100110011001111111011111111011110111111101010011111010101110010101101110110101111
1111101011111110011111000101111111110111111011110111111111111001101111011110110111001110011110011001011011111110111011110011101111
0000101101101110011101011111111111101010101000111111111111011011111110011101101101111011110111101111011111110100001111111010011100
1101011101111011100111101110111111010110110111011110010010011111111110111101100111110011111111110111010111111111111001111010101001
1100111000100110100001110111111111011101110001111100101111111111101011011010110011111000110010100111011111110101000101111110100111
1111100110111111011111101111101101101111011010111010111101111101101101111111011111011111110011111011110001101011101111110111111110
1111100111111110001110011101100001010111111011110110001111011001010001111111101000001110111011101001111110001101111111111000011000
1100111101011011111111100000111110111110110110010100111111101100011111011101110111010001001111101111110101110010011111101111110100
1101111100110111110111101001101011111101001100111101001110110111101001111111111110101111011011111111111011001111111101110111111100
0100101001011111111011111111111101111101111101111011111001111100111011101111111100011111111110101110111101111111111111111010000101
202 217 221 88 118 104 54 45 