100
100
0000100101001101000001000010100011001000001000011001000000110000111101010000010111000000100000100010
1100000110001000001111000000001100001000010010011001010001000000000000100000100000000000100000000000
1100001110001010011100111010110001010000001000000010000101000010001110100010000010001001011010010111
1110001011110000001000110000110010101100000110001001100000000010010001001001010000100000000000100101
0001000010000010110011001000100110011000100010001100000110011111000001010000100001100000010000010001
0000011000100010000000011001000000001001110000100110000100001001111001101010000011000001010100111010
0010001000100000001000000000000010001000010111100010100000000101100001100000000110010100000000100010
0000010000000001000001000001001100000001001110001010000001010100100011100101101101000100000000000010
0010101000011000000011000000000000100000111010000001010010110000000000001001000001010001110000000001
0001010001000001001100110011000000101011100100000110001010000100100000011010000010000000000101001001
0000100000111110010100000000010000000010100010000100001010100000001100000000010101011100000001100000
0010000010001010010000010001000001000000000010000110010000000001001010110000001000011000101010001100
0000000010000001110100000000000001111000000001001001010000000110101100000001111000001100000101001000
0000100001011011100101011000011001001001000010001000001000110000001000010010000001010010000110011000
0000010100000001010100000000000100000000010010000010110000010011010101001001110111100001001100000000
1000101001000000000000101110000001010100000000000011011001000000100010111000011010100001100101101100
0000000110000000011011001000111001010001010001100011000100010000001000000011001000100011001000101000
0101001010000000000000100010101111000101000011000010000100010000011000000001101100000010011000000000
0001000100101000101111001000010011000100100010101000000110101001010100101010000111001010000001001000
0011010010010010000010000011000000000010001000001001010001001010010010100000000000100000100000000101
0010111101100110100010000000100110101110001001000000001010111000101000000000000010100100110101000000
0000101001000100101001100100000001100001001001000000100011000111010000000100000001100101000000010000
0000101000000100011001010010000100010010111100011110000000101000100010010001101000000000100100000000
0110001101000000011010010000100011010000001000110011010001011010010001100001001100000000111000000101
1110101000010001111000001100101100010000011100000001010000000001010000100011011010100000011100000001
1000011000000011011011001000100100000010101101000000100100100000010001000001011000100010110000100110
0001001110101010110010011001100010010000110000110001000000000101100101000110000000010100000010011001
0000100010010100111100101010001111010000011110000001110110100010000100000000101000000000000001000000
1000101000010000001001000001101110011110000101011000001010111000100101101010010001100000011000001100
0000000100000100000010100000010010011000001100101000000110000010100000010000100100010010100100000000
0100000000000010001101000100000000100100110101101000000100000000010000000000100100100010000001011000
0010000001000001000010000000001010011100001000000111101011010001011000000101000110100010000000010000
1100010000100000110001000000100100100001001000010001000000010110000000100100010010000101001011111010
0100010001110110101001010011011100110001000010000000000101010111000000001110010001000010011111010011
0010000000111001000000100000111011100010000000000000010000101100001000001100101111000000101000010000
0000000001011000101000001000110011000000000000010000100001001000000010000001000000001011010011100000
0010000000110111000100010000000001010100100101000000100000000000100101000000001110001000110000000000
0000001000100111000101000101110011011101110111100100101011001000000000000000001010011000110010001000
0100010101000101100100001001010010100110101000100001111000000101011011000000100010110001000100010100
0000001010000000000100010111001000000000010010000001000000001000100000010000000010001000000000001000
0000110000011100011100010001100100100001100000000000110010101110101010001100000001110011100001000011
0001000100111001100110001101000101000000010011100111010011000100000000110001000000001001011000010000
0001010100100000001001000000000010000000010101000001001100011001110011110010100001011001001000101101
0111100000010001100010000010100000001001011001100000010010101000001001100100000110111100000000000011
1000100110100111000100101001000000010001100100001010100100010101111101000010001000011011001100101001
1111100100110001000111011001010001000001000000010110100100000000101011000001011101001111100001000000
0000000000000001100000100000100000100011011000010000011000010100000000001100000010000001010110011001
1010001010000010000100001000000000100000001000000001000001001001000000000010001000000000000010000100
0110011001000001001100100001000011000000001000001000001100011000101010000010000000010000010010000000
0101001101100010010100010011010100000110001000110000110000011000010001000011000010101111000001001110
0110111001010100101001100001000000100000011010000000000100000011101010100100000010010100100110110000
1010000001000000010100010000101110011011010011000101001100001001000010100001000001000000000000000110
0101000110100000010001011000001101000010100000011101011100110001000000010000000110000001000010010010
1000001000110010010000000100100000000010111100000000010000100000000000100000001010100000101000100011
1100001010100001000001101000101000010011000010010001000000100000000101001001111110110000000000110100
0110101010010010000000000000000000010010100100000011010000100000000010001110111100000010111100001101
0000100001000101000000001110011000011000000001000001100100000000000001001010011010100000000111111000
1000100000001010000101100000001000100001000000010110001100000000010000101110011101000000100101101010
0111000101011011000100000100000001101000000001000001000111011001000000000000010100010100100101000000
1000001010010101010101001101010011100110001010100100010100100101100000001000001010100001001110001000
1110000101001000111000010000001111000000001000101001000000101001000010010000100001110010010010000000
0000001000100000011011101000010000110001101111000000000001100000100010010000000010000001010000010000
0000010110110000110110000010000010000000000010101001000000000001101101000000000010000110000001011010
0100010010000101000100001100100100111010100000110001011001001100010100000000000110001110101000100000
0000001001001010000100100010000000100000101100010000100100111010001001001010010111000101001110000101
0101010001000100011101010001111011100000100000000000101001111010010001001101100100000110000001011010
0100001011010000011111100000000000010000100000010100000001111010011001010000111001000110010001010100
0110101000000010100001000010001011001000111100000100000000100110110111000001100001000110110001110000
1101010000010001000001000100010000010011000000100010000010000001000000100100001000000010000000001101
0000101000011101100101100000101100010110010001000010100010001001001001000100000100111001000000100011
0011111011101101000001100000100000011000001000001101010000001001001000110000110010111110100000010001
0000000000010000010011011000000101010000000000000101000100000110000000001000000011000100000110000100
0000101100010100000111001011001101000000010101000000101111010000000101111000000110101010110101000000
1100000110000011001000000000001000110100100110000100110000100100101010000010010001000001000100100100
0000100000100011101001010000000001000000010101001100111100000001110001001111011110010001000100000111
0000110100100000010011010010001000010000000110100010000100010110000110000000001110000100100000000000
0000000000110101011000010111000100010101001000011000111000100001001000100101011000011110000000010000
1010010000100000000001111011111000110000000000010011011000100010100001011110010011011100010000100111
0100010001000010100010000010101000000000000000110011011001011000010010100000010010000000000000000010
0010001010010000011101001010100000100100100010110000000101010000100100010000110010000100000000010000
0001000000110100000000001000001000010100000000001000001011000110111001001000010000010110000100000001
0000100111101010001000000110010110000000100000010000000101101010100010001111101001101000110011100001
0011001110010110111010101001000101000000001000000000001000100000001010001101100100001000000110001000
0001000111001010100011010000000000110001000010001000000000000110100101000001001000001000001010010000
0011000011100100011010001010011100100001000000110000001000101000100000010100010000001000101000000000
0100000011100100000111000000000001100000000000000011000001010110000100010000110010000110001000010000
0000010100001000000010100101011010010000100011111001000000001110000110100001010000011000100010001001
0011001010001010000001000000100000010100101010101101100001000100010101100001110010001000100000100010
0011100000010011000011000101011000010010001000010010000010011001000000100010001010010000011001111010
0000000010000010101111100001101001000101001000000001010110000000010000011000000111000011001100000101
1010100000011000010011000010100001110000010011000011000100110000000100100100001011000001010001100000
0000000000000000010010001000111010011010000000000000000000000001101000000001000010001101011101010110
1010110000000000000100001001000101000110001100000100010000000001000100000000011101000000011000100100
0011001010010001001001000100000100011000010001000010000010000000000000000001001010000001010000000000
0000010101000010010010100100101000111010101111001001000100000100100010011110001000010001000110000011
0000001001011000100011010010010110100001010011110100010101000001010100010110000100101101010000010000
1100000011010001100011000000100011001010001100011100100000101000010100010001000000000000000000010011
0000000010001101100010000000100100100100110001100010001000000000001100001001100100000000100000001000
1000000000000011000001011010001000000011010011100001010000001101000000001100000010000000100010100100
0000110000010000100000010001000001001100001000100001010001010100011101110000101001000000000000100100
85 97 90 43 49 40 21 19 