130
130
1011100000000001000010011111100011010000000101010000101001101000000001000000000010001101110000110001101001100111010011000100110010
0110101100100100100000100100010000110000001000000010100100101000100110000000011100000110000000000011101110000001110010000000110001
1000010011100011101000000000010100111111010010011001000001110000010010001000110001000010000011001000000000111000101000000001100001
0100010000110100000000100010010010001000001000010010110100000100100000000000001011010000000100011100010100100000000100100101000001
1001100011111000010001001010000000000010001100000001001010000101000000100010100111001010000001000000000010000110011100100110101000
1010100000100000000010000001110000000000000010010011010100001010000000110000000000000010110000000000110000000000011100001000000110
0001000000000110101010010001010000000010000000001000001100100011000001011000010010010011110010000101010100011000100100001001011010
1000101001011000000111100100000000000011100001100000101000101100111000000000001001000100011000001001101000110011100000010010100010
0011001111000100000001000111010000000001000000010010010110011000000000000000110000011100101001100000100100000111001000011000001100
1101001100000100000000000000000100000001111000000100000000000101100000101100001011100001000110000010011110100000000010000010001110
0101101000110100010100101000000001110000100010000010100000000010100000000000000010100011100001010011000001100010000001000110001100
1001000111011101000001000100011000100010111000000111001000101000010101000000110101000101000001011011001000000001000011010110001100
0100001100000000000101000000111000010000000000000000000001000001001010110000010010000110010010001100000010001101001000100000000001
1001100100001000010100001110000001010101001101101010111100001001000100001000000000000110000000000010010100111111000111010111101011
0101101010110010001000000010001000000011101100010000011100100000100011000001000000000111000010000001000010000000100010100001001010
0000110000101000000011000000000011010010000010000001001010001110000011000101000110011010000000010000000010010011011010001100101001
0010000000000001011010001000100000011000011100001001000001001001100000011001100000100100010000100010100111011100010000000001000100
1000010000000100000100001010100000010100101101101001010010001100001000011000110001101000001000100001011000011111000000100110000001
0011001001001000111101110100001000111000010001000100110100101010100010100100101000000110100010000010100010000101001000010101101100
0100101000000111010000100111010000101010010010101000100000000000000000010001010010000100001010000000001110000001011000000011000010
0000010101010010010100001000110001001000000011001000000001000010110001000000001000000001111010000101001001100101001001000010010000
1001110110000000010100011001000101000000100100000000011100000101100000000000100010000000010100001111000000000000000001010000100101
0100000010100001010010000010000001100000000110000000010000001001000000100000110101000000000000001100110001100011111101100010101001
0100100011000010001010100010010001000000110000110000100000000100000010110000000100111000010000001011100100111110011000000000100000
0100000001101110001100100100000010000010001100000010001001000000101011001001000000001000000000001010100010001100110110010110011101
0100000010001001100000000000000010001101111101011100001000000010000000001100001100000000000011100010011000000100000000101010011101
0000111000010110110110100010000000101100110100000111000010000000100100000001001010000001101011000111000001001001000100000000110010
1000100011100100111011001100000101000010010010000000000100101101001000000111100011000000010000010000000110011100000010000010001010
0100000011101010000010000010000001100110101100100001001100000010010101010011000000100000100100001001001010000010010001010100100000
1000010010101101011000010001000010000001010110010000000010000001100100101010101100000100100110000010100111100100100100000000100000
0000000100110110000000100000000000000000000110010001101100000110000100000100000101111000000100001000110001000000101000001001010100
0000000101100100101000010101100111011000000101000011000000010001000011000100111000000100010000100100000001101001001100001000001000
1010100110001000010010100110000100000100000100010001011000000000001010110110110110001001000001000000000000101111011001110000100110
0100010000110001110001000000000000010000010001001000001100010000110010100010011010010000011010000010000001100100000100111010000000
1110011010000001011000000100001000100100110101000010101011010100100111010000011110000000000001000001100000100000110000101100111010
0011000000001000000001000100010010011001000101010001000000000110110001010100001000000110100000011001010101010001100101111111001100
0000000100000001100000000011110110000001101010000100011001010100100000011000100000010000010011100010111000000110010011010000101001
0000100100010001000001001100000111010010000011000010100011000100100011100000000001000010000000000100110110010001011000000100100010
0000001000010100100000010010110100101100011001000100000100001001000010101111110000000000000000001100010000001000100011000010000011
1000000000010001000000011010110001110001110000101001001110100101100010101000001100001110000000000101100000000001001100010011010000
0000011010001000010001010000100000001100000000000100101110000000000000010000100000001010001000101000000110000101000000100000000000
1000000001011001100010010000100011000000000011000001110000100001000001100001100000000000011110100111001001101010001010001001010010
0100110001000001010000110010111110000000000001000010000101011000100001000011011011011101100000000111000100100000110000001000000101
1101000100010000010010011010001100001011100000001000000010010001000000000110100000010110010000011010000010000010000010001000001000
1000000000110010000001101000000000001100111100000100001000110100000000000001001110000000110000001101100001001001101001000010001010
0001000010000001010000000010100100100010000011000001111100000110000001100000000000000110101111101000000011000000001000000001000110
0010010000000000001000010000000001101000000100000100100000001100100001101001100101001000100010000000001101000100100001000011000001
0000000000011000110000000001100000100001010000110000001000000010000000100000010010000111100100101100000000110001100001011000000000
0000110110000000010000000100000001001010101100110011101000000001011011000000000000001010000000001000001000010110010000010000001000
1010000000001100011000000000000100001010000100001100001000000111110010010100101001100000100110100110000000100100010100100000010100
0100100110001011110110010001000011001100001100000010110011111001011000110000110000101110000100010010000100010010101000000110000101
0001000110010100000100000000000000000000000000000100110100010100011001000100000100001010110010010000001000100100100101000000000000
0001000010010000101000001010001001100000001000010100011110000000110010001000000100000000000000101100100100000000001010000000011001
0100010001001010000100000000101000000000000001000000000100011001110100000000000000000011000000101100001100001010001110001000000101
1010000001010100101000011011100000100001010010000010000000100011000000000100000000010000100000000000001000101001111001000000100001
0001000000111010100010000000010110101010010011111101001001000000011011100000001010100000001100100010000101100000000010100001011001
1010000000100000100000100000000100000100000010011000000000001110011110011001000000000010010010000110100000000000010001000000001100
0001000010000000000010110010000100000000010000000100010001100000111000000111000001001001100100000110100110000000001101011100101111
0010000101000010000001001000000100010101000000011010010100000100110100100001101010100000000001000100000010000000100010000000000000
0100000000110000000010000001111000000101000000111000100000000000100000000010000100110010010010010100111000001001001010000000011000
0010110101010000110010000001000000000100110000100000001001010000000101000000100100000000101000100000000010010100010111010100001110
1011111000011000101100000011100010010000100100110000010001010010110000100100000001101000000000001000010100110110100100000101000000
1000000001001010100110000000001000000010101101011100000000001001001000110011010001011001000010001100100100000000000100100000000001
0101001010101000100100000000011000000011000011110111010010110000000011010010000111010100100010010001110110010100010000001100001010
0010101000010010001110000010111010000011000110000000010100000100100101000000010010000010000100100000110001000100000101111000100000
0000000100000000110010001000010100001000100000001000001000010100110011010010000010000101001010100000000100110000000110000000000010
0000000100110000000000000000001110100100010011110110000001110100000000000000011100100100010110000010001000010101110010001100010011
0100000010010010001110011001000000000110010011100111010001000110000000000000000000000000001010000000101000010001100101110000010000
0011100101010000001000001000000001100001100110000000000100000001000100100000110100001000101100101010010010011010100111010001000000
0111000100010010100100010000001101010110010000000011111011100001101010000101111000010010110000000101001000100110001111110100100101
0000000000000001010001011010000100000000000101010001100001000000000010000000100000001100011100001100101000010010001010010000100000
0000001000000110001110000000011010001000101000000010101110101111001001010100000000101000000010000001000000000010110001000000000000
0000000010000010011000001011000000000010110100000001001110000101001010000110000000110010000000000011010011010100000101010101001001
1001100110000100000101011000001010000000000001000111101010010001000010011010000001001000100000000000101110110011000000100010000000
1001001110100001010000111101100000101000000011010000011010011011100010000110000000100000001000000101010001101110110001010011101000
0001110000000000000000110010100010000011010010000010100101010000010000000010000010001100110000010001100000010010110010011000001001
1010110000000001000110010100001001000010010000110100101000101100100010110000110010001110100000111100000010000001100101010011000011
0011010111000001000010001001000000100001000011000110110110000000001000000000000100011000000000000111011000001000001000101100000001
1000100000001000101100000110000100001010000010111100000001001000010011110100000011000011000001100000010101010010100001010000000000
0110001101111111010001010000000010000100100000010110010000010000000001000001011001001000110000000000001000000101000100010100010100
0001111110110011010010011011000000000001000101101000110011000000001100001010000000100010000000000010000100000110000000011011000000
0011011000010001000000001000000000001100000000100000111001010100010100011010000100110001001000101000110000011100011000101000100110
0010000000000010100000001000100000101100000100010100000111010010000101010000000001001000001000001010010110000011000010010010011010
0110010110000011010000000010100000010000010000110001101000101000000011000101100011001001001100001000000001000100001000101000010110
0000110001010000100010101000100000100100000011111100001000100101000101010010111000101110100000001000100000010000000011000100110010
0000000001000110100100000010000000001000101111010000011001000000010000001010000010101000100100101000100101000000111110100010100001
0001001000100001010010001000001110000110110000000001100110000000001101000000000000010010011101000100000000000011001100010000010000
1000011000000000100001000000100001000000001010110100000001000000101101000010010101110010010000001000000000001000111000110010011100
0101001100100011100010011001000000001010000000010001000001100100110100100011010010100110000000000100010101001100000000110000010001
0000010100010000101001100000011000010000001100001110001010111000010000000000000000001111000000011110111000001001100000000010000000
1100000011000000000011101001000001100011000100001000000110100100100001110010100100010001000000000000000000000000001101011010100011
1100000010101000000000111000000100011100010110000000110000000010010000000100000000001000100010000000010000110010000001100001000000
1000100000010000010000000110000001111011100000000000010100011000101100110001110000010000000111101011101111101000110100100100100000
1001000010001000010100000011001000101000001101000000101001111010100110000001000010000011000000101000000100110100000000011010011000
0000000100000110100000000110010010001100101110001000011000001111001010000000001111000000001001000000000001100011110000100111101100
1001011001010110100001000001000001000000001110100110101000100000010011000101011100100010010010101111010010000000000000000100000100
1100000100100001100100100100000001000010010000100110100110000010000000001000100010010000011100110101000000100010110100011001010101
1000100000000110000000000000001010001010000000100100001010000000001000010000000011000010100111010011000001000100001101000110010001
0000100000001000100010000100101110101000100101010001000000010110101000000101110111001010110100111100100000011000011000011001000100
0001011001000010100100000100100011100000101110101110000000010000100001001001110011110110000101001010100000001100100101111000000010
0001010000100000100001010000000000100100010100000011000010000100100100001101100000001011000110001010000110010001110001000110111000
0000000011001100000010000000000011001100111010000001001000000000011001100011100000110000000000101000001001000000110010001000110110
1010001101000010000010100011000110000000000001100010101000001001010010011011001000010000000100100001101000101000010000110010001000
0000000000100000000001110110010101001001000100000010000000100100011000101001100000110110001011000010110100001001100101000101001100
1010000110000101001000010000101100010010000010000100001010110000000000001000000010000000000100011000011000010000000010000010110000
0000000100000000000011000110000110100110000000000111010110100000111000010000110101010100010011011000000110001100001010011100000000
0100000001001100110100100000100000001100110000000000000010000100000001110010100011001001100001111100001000000100001010100001010100
0000001000111000010110000111000000001110010100000000001000100100000000111100000100101100000101110000100001010010110001100000100101
0100010100010110000001100101010000000010111001101010100000001000000100010010110100000000100001000100111001101010010001100100100101
1100000001100110100000010000110100101000010010100000100000110110001100100001000100100100000010001000000100001000001001100000000101
0011000110101000100000000010101000000101001110000000010001100011100100000111001100000101010001011100000000000100111100010110000010
1000010000100101000100000010100000001000100000010110000101100110111101010100011001000100000100000100011010000000101010000000010100
0010000000010010010001010001000011001001000011000100011010110001001011010011100000010100010100000010101010000000111000100000000100
0001001011100110000011001000001100001000000000110000010000101000010010100000110000001001100010010100000000001000010000000000010000
0001100110100000000000011000000000010100101000000000110000000100010110100111010000010100000101011100010011010011100000100001000000
0110010000000000000011010000000100110000100111110100001110001010001100000000000010010000000111001000001100000001100101101000101110
1100010001001000110110100100000100110001100000011100000101100000000100001001011010110011010101101000000000100100001010001100110100
0001001101000101011010110010000010000000001101100100010101001010010000011000110001010110000000010000010000010010001001010100000000
0000001010010001100000110001000100100101000000000011010001000010010000001100000000100001101010001000000010000000010000010001011001
1110011000110001000000011000010000000000000010000011001000011100010000000010001100101100001000001111100001001000110010111010001000
0010010100010000010010101000100100000000011110001010100001001001010110001000001000100010000000001000001000000000000000001010000100
0111001001110001000000111000010000001001000110000010111001000000010101000010011110100000010000011011011100000000001101000000001100
0010100000001001000100100101010101110000000000011100001101000100001000000000110000101010000001101101000000100101011101000010000110
0100111000000000001001010001010100000000001100100111011011000000101000010001000100001000001001001011001011000110101101100100001101
1000101000000010100000010100000110000100000000000100000000000101010000101000100111000010000000111001000000000101101111101000010001
0000100000100010011001000010001000001001000100100010010100110000000011001000100000101000001001000000010011000000101000000011100000
0001000011001000001100110000001110000101111000001000111100101000000010111000100000000000110100010001100010011001000000001000001100
0001000000000011001000000000000011100010111010010000001001100001000000100011010001101000001010011010011001000110110010111100001010
0000001000100001011001000100000100111000111010100010000100010100101100111000000000101001010001010001000000000100101110000010000100
0001001000000100100100010110011010111100001100001000011001010010001101010000001011000010110000001001111000100011000100000001011010
132 132 116 68 74 70 37 31 