25
25
0111111111001111111100100
1110111101011101100110111
1110010101111111000101011
1101011111111100110001110
1011111111101111101011100
0101011111101111111011101
1001111001110110110101110
1110111111111001111111010
1011100111001001011111001
0111001111101101011011111
1111100111111010111111111
1111111010001101101011011
1111111110011011111101100
1111011111111011001111111
1001101111110100101011010
1101110111101111111111011
1001111111110111101010011
1101010110110111111110111
0000001010001111110110011
1111011111111001001110110
1111011111100111011111011
1111111000110010111010111
0111111110111010110111111
1101111111111101011111111
0110110011001011101101011
23 14 24 4 7 9 7 5 