25
25
0100000001011000100000000
1001100000101101100011100
0010111100000001100011110
0110001011010011101001110
1000011001001000111110010
0010111100001110010000110
0101000101001100001000001
1100101100100100000001010
0110000001101000100010010
0000000101001111001010100
1001100011101011001010010
0001110111100000011110110
0000000100111000001101100
1010100011100011000001001
1011000110011000100101000
0101101100000000000001100
0001000100000010100111010
1011000011100001101100001
0101100100001110011010111
0000110000001100010111101
0000000100100110000100100
1001010000101101001100011
0101110011000001110000010
0110110000010001010101110
0001011101000000101100100
12 7 9 6 4 5 0 0 