50
50
01111101101101100101001001011001101111011001101011
10100001110100111101010011110101101100111011010110
00111001101010111110111001111010000010001100011101
00111000001001111101011010111101011011011100110011
11101101110001000000100001101000110110011100001111
10001101100111110111111110111101011011101110101110
10000111010100001011111011001001011001011110111101
10011111110111101010001101110110100011010110101011
10110000011111111011011011111111101100111010001000
10111010011111001001101101101110001011001000110100
11000001110110110101100011100010011011011111110011
11101100110001101011110010001010110110101010010000
10101111101101000011010100111111011101111110001110
01101011111111001011011110000001011011111111111010
10101000100111100001111111010110101101101011100101
01100101100101100000010110001110101011010100100001
00110111000010011001111011101001110101011111110010
11010110011000110110111101010011001110011111100001
01011111010010011001111110101111111001101011110010
01010011010100110000011011011111100001111001111100
00010000000100100111101100111010111100110101110110
10000010010011111011111111000001011101001111001111
11011100111111010111111001011110111110111100111011
01111110100111111011111111101001011111011101110010
01011011100111010111111100111110011111101001101110
11101010101101110011011110111111001110111101110000
11000110010101111100110111100100001101110000000000
11100110011010100111100110111010001111010111101111
01111101110110111011011110101011111010000111011101
11011101011001101110111110110010100110111111011101
01100100011111101110100010011111010011101011111110
00111001011010111111011111111101011011001010100010
11111001110011010001010101110000010101101010110100
01101111111111001111010101010010010110100100001101
11110011101101110101101001000101100011110111010100
01010011100001111001111001010110000101010011101111
01110110110100011110011010110111101110110111110100
11110110001111101011000000010001001010110110001010
11010110101011011111010110111011101011110111111000
01101111011001011011101100100111111111011110000111
11111010011111111111111010111101011011111111110000
01111011110111110011011001111010010111111000111010
11101111000101010110010100011101111010110011001100
11010010110011010101110000101100001011010110111110
11001101011100101101011010011111101011000011111011
10111110110111111011001111111110001110000110110110
01100011101001000111101001011011111000101000011011
10010011110001110111101111100001001111101111111111
00100010101110110001111110001001001101101010001101
11100111100000101111101110001100011001101101100011
60 57 61 31 31 26 16 18 