75
75
010000000010010010000001101010001010110001001001001100001100000000000100110
000100100100010010000100000010100000000001110100000000101100100110010010100
100000100101000010000011111000100001001000001100000000000011000001000110011
010001111000000111000000000001000001100000101111000001000010010001000011110
101000000000111000000000101100000000000010001000100100001001001000000000001
000001010101000000000010110100000100001100000010010011100010000000101000010
000111100001000000100010001100001000100100000001100000010000100000010000010
000000011000100000110100001000000110010100000000000001000000011101010000010
000000001000100010101000000010001000001111001001001001100001100100001000001
101010101111001100000000100000000001110100001011000000000110000011000010100
001010100000011000000000100000101000011100000000001001000100011011000000101
110100000000000101010000000100100011000101100100000000101101001000010001110
101101111101000001000101111000001000000011001101100000000000001010000000000
000001001010010010110000010000010010001000001001000101001101000001100001000
000101001100000100000001000000100000010110111000001100011101100101010101001
110000011010001001001011111010111001001001010000100111000000001101000000010
010000101100110000011000000000011101001010001110100001000000001011001000000
010101010100000101000100010010001011000111001000011001001100000010100101000
001000101001000000000010001010000101100001000010001001010111111100110000000
100001100000000001010010000001100101100101100110000100000000001110000110001
011110001010001000110001000010010000000010000000001011001000001100001011010
000000100001000000000110001000110011101001010010000110101100010000010111010
010000101001000000000100000101001011000000000000010100011110101010011000001
000000001101000000000000101001001011101010010001101000100000111000011101100
000000000000001110000100001000110000001000001011000010101101000100110000000
010100000100100110101000000100101000001000110011000010110010011011011001000
011010011010100001001100011000010100001001110000011000100100000010100100011
000101101000110011000100000010110101000000000000010000001001000010010001100
000001011000100000010001100011001000000001000100001010110010000010001010100
100110001000001000100100000110100000000010011001011100000010000000100101000
000000000000000001010010000100011000011001000110001100010000010000000100100
001000101010000001110000001011010001011010010001110000000100100001001000000
000000011100000000010000000001101001000010101010000010100000100111000001000
001100000100100000000000100000110100000100000001001110000000001000000010010
111110000010101100001100010001010000000010000110000110100001000001000000101
001010001000100010010111110011011000010010111011010010011110011000001010111
000010010000011000001000100100101000100001010100011010000010100000001100101
011011001011010010010100001001001010000011000100000011110111011010001000010
100110010001011001001000011000000100101111011001000000000001100000100000000
001001011000110011110000000110000000000000110000100000000110110000000100111
100000100001000000100010001000100000001110010100010001000000000000001000001
011000100010001111000000000001111000010001100000000000000101000000011101000
011001000000000010001000001100001001010101011000000100010000000110000001011
101000000001000010000101010110000000100001111100000001100110111100100101011
001011000010110110100000011110100001101110101101001101010101100000010110000
001100111000010001000000000000000011100101010000100110000000000000010100001
011001100000000010000000000000001000001100010000010110101000000001001001010
011000001100000011000000010001010110010110000100010011010001000010000101100
110000001101010101000010000110001001010001000011001011000001001000000001011
100000100010100001101000010111100001101010001110000000100010110001110000010
101011010000100111100101010001000001010100100011000010001001100001101000110
100011001001000011000001100011010000000010000110000100010100010010010001100
010001101010010001001001000100000000100100100011011000110100010010001010100
101010010100100010101011101100000010111110000100000001111000010001000100010
100000011000000000000001010000001001110001101011010101000101001001000010110
010000100000000000010110000100011100000000110000000001001100010001010010100
011010001001100001011010000110001100001000001011000000100101100010001101010
001011101000100000010010000000011000000000100101000101010000000000011110010
011010000000100000100001101110001000000001000010111000011000000000010100000
000000001010000100010000100010110010010000101000000000000111000100010111011
100001111100000010111100010000001010000000100010011000010000000001110100100
010100000001000010000001100000010010101000001000100100000100001100100000100
000000000000001100000011010001000100110110010011011001011100100001000001011
010010100000000000001100000010010010000001110100000001100011100001100100100
000100000010100000101101011100010001000100010001000100001001010100000001001
000110001111000010000011000001011010000000010101000010001010001010100000000
001100010001011100001010011000100110100011100000100001101010100010000000000
010000000001101000000000000010010100000101101100001100100000010001010100010
000101010000100100100010000110011100010010110000101110001100010100010010001
010000010000000101001001001000000010000100000101010000010000010000010100100
001000011010101000010010110001000000101000010000100001010101011010001101000
010000101001011011010010001101100011001100000001101100000111010000000010001
010010010000000011000100111000000100001110000001011101010101100000000101111
000000100000101000000000010001100010000101001011000000011100100100001001000
110001000100100001000001000100100001100000001010100010110001000110101101100
29 29 33 13 19 9 9 9 