125
125
11110100001010001011010010110010110000001000001110010110101111110001000011010100001110100100001100001100100010000000100100010
00000000110010100101100101000010010101111010011100010100110110001000100000001010011001000100010100001101111001011000011000000
10010110010010001100010000000110000010100000000000000000101000010000001001110001110000000000100010100011100001010000011110010
00100000110111001100100000011111110100010000010011100111001011101100101110000010101111100111011000011010101100100010100010000
11100000100000011100000011001110010000111000010000010110000101110101100110110000001101111001000001010000111100100001000010111
00000010010011000000000111011101010000111011100001001001000000110101100000000101010101100100011100110000000100011011001010100
10101010100100111000000010001000000010010011001010100011101101100000000101111000111000000001100010011000100110001010001001000
01001011010110001000111101010000001110101000111101100010111101010010110101001011100010110001011101111011101101101001011110100
01000001111000010011111100010101001000010101100110100011110100100101110111100000000110011000011011010110011101110110110011001
11111011001001110000010000101000000101100000001101110000101001101100111100011000001011000000100000010001100110101111001011111
10100100000001010110111001010110100100101001010010101001100001111101101000001101100000000111011000111110110010001100010000011
10000111000010101011110001100011000010011001010111011100100000000000011010000000101110001100000011011101000010000100100001011
00110010110010001110111110101001001000111110011110110100001001100100010010001000000101111100000011000001100011111011011010100
00100010100000110111100010000111100110100011001010000001011111011100100111001000100011010001000000100001110000001000011101100
00000000010000100011010100001110110010100000001000010011100000101001100001010000011001101110111101011110000011000100001110100
01101100000010011100000010111110100001010000101100001000000011001101000011101110000000001110010101010001011100000000100111110
10110001000000100111000010110100101110001000010000000111000010000001010110101010001000010110000110000010001100010100000001101
10101110000001000000101100000111100001000010100000101010000000000010000000000100100001001000010100000000011100010001100000010
00100001001110110001000001000100111011101011001010110011000000001101001001100001111000010100000100101000100011000100100000010
00011111100010000000110100010010001001100001000010100110010010001010010011000011010000100110101101100011100110100100010010110
10001011101000100100010000011111010101100101101011101001000100111010000000010011011100101000110000001111100111010100011000000
10001100101000101000110001001010101000000000010100010101000110100000011111001011000101000001100101011011000001010000110110010
10000001001101000011001100111000110110010000100000000000000110011000000010000000001010100010000110001101000000010001011001100
01100000010000010111011100100101001011100010100000100110000001000001100010100100100001010110000101011100100110000010011011100
01100100000111110000001100010000011010110010101010011011011000001000010100110101000101010011101011111111000100100000001111001
00110100000110001000100000100010100011101100000100100100100000000011100000011000000100001001010110111000101000010000010011010
10000101010000000100101001100101000011110010111100001010000110100010000010010000001010001001100111101000000101101111110101000
00010000000110011010110001010010110110010001101001011011001011101011000010101000110010010010001111010100010100010001110000010
10000100010000000110010001000010000000011010110101011100101010000100011010100111000000001010000100010010100110101100010011001
00001111001101100001101110011111100101011011010001110001110100011100101101000001111001000100011111000101101000001010000110001
00101000101000000100101000011001011000010110000000001011110010101101110000000100011000010011010100010000010000110010101001000
00100000110001101001000011110100001000010000011011000001010000001000010100000010110000100101000111010010000110100100101110001
01010100101111000110000000100100101000001100110011010100010000010011010011100100000000110100111010010010101011001101011000010
00101000000001000111001100010011000001110100001110101000001000100001011001010001000001001111101001011010100100101101000001101
00001110100111110010001010010010000001000000001001010000101000000010111000000010101101010011010000001000010100100001101001100
01010001101010010010100100110001101000101000001010010110101000001101001000011000101101110000001001110100011010000101011001010
00000110010010000100000001010110111001001111010000110011110100110001000100100101100010100100001010011110000010010000101000000
11001010001000011001100000001111001100011110101001001010000011001011101110101101111001010011000110010000010110111100000010011
00001010001100000110110111101000100101110001101000110101000000000100101101010100011100100000000110000000100111101110100010110
10011111011011101001000111001101100001100001111000001000010000000010000000011110101001010000000111111100111010110000000001010
00011000100011001111000100001001010111100000110001001000111110100010111100000110011100000000110011100010100110100100110111000
10111000111010010100100110100000010001011011101100001100001010110011110100111100000110111100100110010111011000010010011001000
10000001111100100010001010001011011000011001100000101110111110011000100100011000011110000000000110100001101011101011000111101
00001100000011000010100000010100101101100001110000100001111110001000001110010110000001011010100000000010100100011011010001100
11101001010101101010010110010000001000000010010100101110011100011001110101011100010010010000110011011011110111100000111111100
00100000110100010110000000000011111011010000011101110111000111001100101100001101110100100010101100000110110111111110000000001
01101100010111110001100100001000110101000101101110001000000101000010000000000001000000111001100101000000101000101011000100011
00001110000110010100110110000101100111011000101001001111101110000101110101001110010000100100001100010110111000010000010100110
01111000000111010000100100010011110001001110100101011111100100010101100100000000100001110100001100110110100000011100100000010
00011000110010110100100110000001100010000000011011101000001110100011111010001101000000001000110010110000000011000111000110010
00000101111100010000011100100100010110011111011000000010100001011000010000011000010011110001100111000000110000000101010000000
11000001011000000001010011001111001000010111110010100000001100011111001101101011000001110100000000101101010101011101000100100
10111100001000110000001010100111101101001010010110010100010101000000111011000011100000110000000000100110001110010000000001011
01010001000111110000100101000000101100010001111000001000000001101000100101001100001100111011010101100010100011001011010001001
11111110011011000111110111100110100001011011110011000101000101011001000010100100000100010110010100100000000100001010011000010
01001000000110000100001001001100101101000101111000001010001100000010000011001011001001001001100001100000100000110101001110110
01010001100100000100010001100010100100100000001110110100100111001111100010011111010000111100100001000100001111100000011011101
11000000100000000000010110101100001100000001101011010000000100100100110000010111100000011111101100000000111001001001110000000
00011000110010010010111011111100000101001101111000011110001000001101000000100011010001001001111100000010000010100001010100001
00100001010000000011110110000111000000110000111110100100010101011000010101011001111110100000100000001110100000011001100011111
00100100000111000100001001010010001110010000011101000000001100010001000001011100001100000001001011110100000001001010001101010
01001010111100010101100110010001100000111011101001000000001011110010010000000010111000000001010001100000010001001000000100010
00000000010010101000001000001000001000000011001101001010000010101001000000100101110110100101010010010000010100100010000001000
00110000000011011000010000010000001110010001100111001010000111001010010100000001011001010000010110000010110000000010010101010
01001010110001000011000000000000011001101010001001011100100000000000000101000101000000001000000010000110001100100001100110011
00101111001000101000011001000010100000101010101000001100010010010111001100101101000000001000101111000100100100010011011001110
00000000001000110000110000101011011100100101111100010001010011101101000011000110011000000100000110001101001101110000010110001
01010010101010101011001101010100000000001001100110000100000011001011100111010000001101011000111110001100010001101001000000000
00101000111100100110100001110000101110010000000010010000101110111000110110011000011001000010001111100010100110100000101100011
01001010111111110100011110001001100100110010001100001111000010101010000111011111010110101000011001111000010001110011100101001
00001000000011011110010010100101011010100000010000010001100101001101100111000010110100000100110011000000000100010000110101001
00010000110101001001110000101100001000100001101111010101001000001111011010100010101100000110110100000100010011010101011100000
11010011000101110001101101011011111001111111011010101010000100111010010000001000011111010111101010000000100101100111010000010
11100010011101100011010100110011100100111000110001010100100100010000011110101101010010100010000000000010000000100100000101100
00100011100011100011100100001001010111001110001111000000010011000100100000100001000001000001000000111000110000110000111001101
10010001001101110001100001010101000100000110110011101001010010110111101010000011000110000010010110100111011100101101000010011
00000101010111000000010010011101000111000000100110011000010101111000111011000001000000110101101001001111001111101100100100000
00001000111101100000100101110010010001000011011100110010000011001111110100010011110100001000110010110100011010001100011010000
01101001001001100100110011011011011000000001111001101001000011110001110101001101000101101010000010110100011110000100001110000
01001110110110010100101000010001001011000100011101110110100001011000000110011101110100100000100110100001100100000001110110000
00011000011000101011100010000011010011010101001001001001000101000001000010111101100101000110010010010001000001010010001101010
01101000100101011111010110000111101101110001101010001100110011111101000101010111011101101010110001011010000001000100100100000
01110101101100000001011000100100010010000010000000010100000001010110001000000001101110000100100011010001000000100010101101000
00110000100000011110000010011110110101100000110111010010000000010101001110011101111100110000101001000111010011001100001001010
11001000100110010010000001000100011000000000001011000100010000000000110000010100010001011000000101001011000011010100101000110
01001000100010000000010001110010000000110011100010000000010001001110100100100001100100000010010011001011010101111011100111000
00000010101100101011100111010110100101011110001010111101011000011110100000100001110010011000100001100000000001000110001001001
11110111001100101010010001000010000011010011001010000001000000010010101000100100000011110000001101000010100111001000000000010
10100001000001001110001100100100010010100101110101000000110011000011100101010011110010100110000000000100110100010011010000100
00011100000010000010001111001110000011010010100000010001100011100000111000001100101101101111000101110110110010110100010000000
00000011000001100000010001010010010010100110100011100010110001000110011001101001000000100010111001010010010011100011101010000
00101110011000001101010000100101001101000010111100001001000010010000010100101001100101000001101010111110000100000101110011000
11100011001000000001000110100010101100100000011000010011110000100111010000100110000000011010101001001110101100100001000001100
01101110100011010110000000010100010010011000111001111010111110100000001001111000000100010100001010000010000000101010101010000
00110101100010000011000011010101010001111011010000100000110011101000010010000100101010000110001010100100001001000011010110000
00010100011100011100111101101010001100111000001110100000001101000010000000111101011110101110010001000110011100000000101000011
00010100000011011101111001000010100100100111010011000000000100001101101101111000110101110110110000011110011010111101001110110
10010001110000011110000100010101010000100010000000101001010001001101010100100000011000111010100010000010100110001111010010001
10000100011110000101001001010101100001001111001101101000010001110000000110111101010010000100000001010000001001000111101100000
00010101010110101101111110011110001100111010000011010001011111110000010000111101000011001100000000011111010000000011010001000
01000100010111011101000001110001101010000010000011100010000011000011010000001100111100011001000010000000011001000000100110110
11111000100000000110000100001010000010000010001110011111000000000000001000011010000000100000001011010010010001000001000101111
00000000010001001101000110100000110101000000110001001110001001101010010010010111011101010100100010010101000111010110000111000
10000011101000110100101100001101111110011111010001000101000100010110100100010000111011010101100111100101001011000000010101001
01110001101001101000110111100101110000000001110101000101010101101000000000101110100011010010011111001010001110101000110001100
00010101111011010010101100101100100000101000110110110101001001001110011010001011011001001000000000011100000101010110001110000
00010010110001010000001110010011001101101001100000000100000101000111001010001110110110111000110110100000000001110100101100100
10011011000011101001001000101010011010000110010000000010011011000001100110100010100011000110111100100111101101001100001010010
11111001010011100001100000000111010011010100001110000000100000010001100111001010000001001011100000000001100000010001000110111
01010001011111100011110001001110010010001111100010110100011000010110000001000100100001011000010100001000100000100000110010010
01001011101000001001010010000110001001010010111111011111100010001101110111011101101100100101010110000000110110011100000010101
00110010010000100011100000100000010111011101000000101000100100110000001000001001010101001011100111100000001001100001101010010
01000000001000101010000000101101100011001100000100100001100011011000000000001111001000101010000101110010111110111000100011001
01010010001010111101110000010110110000100010110100011100100100011000000100001000011000011110001100000101100100001001100011100
01100100010100000101100110010110110110001101100000100111100000011001000010110000100000110111110100010110000110000111000100001
10000000010010100000100101100001011110110011000011111101000000110000101000000000100000100010000011011001100010101000000001010
11000000001011000010100011100001011101000000001000101001101011010010010111000101110000010100111100001010110011001100110100010
00001001101101000010000101101001010111111000110011001011110001011001101001001011011000010001011010010100100000001000100010001
10000001111101010001000001110001100000010101010100110011101010101001101001100001010000010110010001010010000000100011010001100
00000010001000010111011010000000001100000011100111000001000001000010000011001001011100100100001010010000001000110010001001100
01101001001010010001111010011111001100000011100001010010010000101001000000010000100110001100000000000011000010101100001000001
01000110001111010110001001011001011000001100100010100010011010100111001111100010000001011110000100001000010111000001010100011
00000110100000001100001000010100100011011000001001000110001010000111010000110001101001010000000001101101000000000010000101100
00001001101110111001001000011101010101000010100101100110001110010010101010010100110011011100001011100000010001000001101011010
10111011100001000011000100000000010111100011101101000110100111100100010011111001011101000010011111110001000011001001011100101
132 147 129 74 80 77 34 32 