125
125
01101101001100111111011111000111110101010111111010110011011000111010101001100010101111010100100110010100111100100100011110011
00011100111110011111110110001111110001100011000100110010111001110110011100010100000001001101110110010011011000101111001101100
10000011100010011101100111011101001111001101011011011101010100111010001111111001111111010101011011100101011100111110111111101
00111100111010000101011100111001111000011011101111101010111101111111100100011101111101110111011001110001110010111001001111000
11111010011000010111111001100000111000000001011111001011010110111111111100101100011001111101100011111111000101100101110001001
11110010100000110111110111111100111011110100101110011111001011001110101100100100000100101111111000011100110011101111011001000
11101011101111011111110000011101110011010001111100110111100101010010111000111010110111110101011011111101111100101110100111011
10111101111101101111001110100111010010111111111100011111010111111001001100111001111001010001000110110101110100101110000110101
01010011010010111111010100100111111111110011001001001001110010111110001110110011110001101010111110011110111100101000110110111
00110001100110011011011111111000000011101001110001111011000111111001101111001100111111110101011110111100110010101111110010011
00111011010001000001010001100010110010011111111101011100011110011011111001110100111101101010101110101011011101010011011010100
11000100110110101110001101011101011111011000001111011011011000010111010110010110101101010110101101111010111110010101110001001
01101001001010110101001000110100010010111111001010111101011010111101101101111011010111001111111010010001110000101100111100110
11011001100101111111111000100111001110010001110101111111111111110110101100110101101001110110011100110111100111000111011100111
01011010111001111010101111110111011111011111000010110011011101000001110101101011010111011011110100000011110111011111110110111
10111100111110101000100011011011110111001100100011111110100010001100001011111000110111111101110111111111010011101110100101111
00001111000101100100110011111111000011100111101001110101001111111011110111010101110001111101100000001110101011111100110001111
11101111011111101011011010101001110111000010010111111011110110101000011101110001011000111011011100101110101101111101001000101
00110111101100110011011010010111001000110110011111111000011110100001001101100011001111111111111010111000011111100000001110101
11101110001100010011100101100010111111101100110010111001001010001011011010110111111100110001111000001111011000110100111111001
11000110010101001100101000111111101111110001111010100011001100110110101111011111100101101000101101110110101001111111010001001
10101000000101100111111110110101011011110110101100110001100010000010111011100010001001111110101011101001011110011010000110101
10011111101010011111100111001110001010001011101111000111111010111000111000110111101011101110100101100001011101110100110101001
00111111100111101111011001000001000111010000111101100011001111100111111000111110010001100000111110011111100011111000110000101
11111010110111001111001111110011011101001011101001101101101111111111110010110100011100100111101110110101110011011100110110100
11001101110110110111101110011111110001010101111111001111010110101110010101110111011011110010111011011111001101110111010010101
01011110101110111110011101101001011010101111001001110101111100010001111000011111101011011111010111000110111110010110001101110
10000101011101100101000011111011010001111011110111101101010000101100101011001101111001000010111110111100111111110001011111101
11011011010111001101001010111111111011100110111011011011101011000101100111001011101101101111001111011011101011111100110010011
10100010001101100000101100111000111101101111001110010101101111110001010110110001110101110111110101101101110111101111110101111
10101101010110001001111010101110100000110001111010001011110011100010100011100100110100111110101010100111111111110101110101011
01001011010001001111110001001000011111111110011010000111111111101101001111010011101001011010010101100101011111011100110101111
01011101110111101010100111111110111010111011101110110111110011000111010101111000000101011011101111101011010100000001110111111
01100111011111110110011100110101101111110010111101001100111010101111000101001010000101100001111110111010111100110110110011001
11001110101011111010011100111101101110110100101110111100011111110001001100011111101101110111111100111110111111111111011101001
11010011101111111101001101000111011111101101110101001111101110100111011011110101101010100010010001101111110010110101001111101
11010110101100110011111010111011101110011100111101111010101010110010111011100001001110101100110001110010111011010111111011101
01010011111111101101110011011111111101011111100010111001000010010100101000011111101101011001100000001100111011100110010010111
00011100011010000001010001101110001111100111010100110100111011011000000000111001100001101111010110101110100101100011111101100
11100110110111111101110101111000111001111111111011110001111101110100111001100111110111100101101111011001110100011100001111011
11101111110010000101100110101111010000101010111110101110011100011010111001100111001100011010101110011001110000100010100010111
11011100010111110110100110110010101101011110110011101100110111110111101111111101010001001011101111110110110111011011111010011
11111100011101000111110100011111001110011100110001011111100101110101101111010110111101110111011111110111111101000111010110111
01111111111111011101010101001011111110111111111110010010111111111000001111100100011110101111011000100111010011100110111010000
10110101011011001001111011101010101111111110110001001110101001001101110101111101001011110000010110011011100001011010101111101
11001001000110100011100011100011101101101011011011010011010110111110110001111110111110010101111010101111111010111111111100001
10011011100101010110011101100001101110000101000101001011111110111110000100000101000011011000010100110011010010101111010111101
10100111100010011111100101001001111110111111100111011110110000101010011110100101111101101110111101001101101101111100111100100
00011110011000101110011001011011111000011011011011101000100011101100111011010001111110010110010011111101100011110000010011011
11001110110001010001111000111110110101100111010110111010010111001010101101100010100111011110011111111011010011010101000011111
10100001011001111110100011011111100001111111101111111110000000110001110101001110010100110101110111001111011011101011100110110
11110111101100010100101111101110110010010001110111011100111110110001000100111110001000010111011011111111010011010100110001001
01100111100101100000101001110001011101011110000101100010011011010111011011011101100010011111101011111010101100101110110001101
10111000111111100101010111100010001101000101101011000101111010100011011110001110111011001011001100111101001010111111111011101
11110001110010110010101011010110011111001100011011111111111101110110111011011011110011000101011110011010000000101101111010111
11011000111010010100011010010011101101011101000011000010101101111000011110011110011100111100011001110101011101010000101110111
11110111111111101010111011010010101110000100110101011101000101100111101000011011101000001011011110011111000010011100010001101
10011100100101101101001010100001011110101110000101000010101011111111111100111110001010111110001111111011110110100011110010111
10111110011011100111111110111111010111011111001010001101101110100100011110101101101011011101011001111011010111101011101101010
11011101110110111001010110011101101110011010100111011111111111100011101110111100111101110000110110111001110010111110110010110
11110101010101101101110011101000101111111111000101110011010111011011101110010111111001111101001001111100111110010111110000101
11100101111100111111011111011010011000011110110111011101001001111111111110110111100000011110111001000101110110000010101110111
00010111110111110111100111010010011111100011011111101100001101101110001111111110101110110110111000011010001101101011111011111
11010111011101110101010011000111101001110111111011111010111111100110110001010101001101111111111101111001011111111111001001100
01101000011011101101110010110000011110100100111110001101001001111111011111011011010100010001011111001010111111111111100110101
01010110110000110100100011011101111110111000011111011101111111110110110101011000110010101111010001001101000100111010101110111
10010111000110011101011100110100111000111111111011010110000110101100101110010010101010101101011000111100111000111100010011101
11101000100111110001110111111010111011010000110000011110000000100000111101011101001011110011000000011001010101101100001011111
01000010000011100111100111101111110000111101010111010111110110001010011111100110101010111111111100100100010111111110111101101
11111000100100101000101001110111101101111110001101100011011110101000101000111101110101101111001100110101100110001110100111101
10111101100111110101010111101011110011110100111011101010001111010111101011110101111011011010110100110111011001110110110010110
01110011101001111001101010111001111101010100100010111000110011110010000110111001000101111011101110100001111110111001101101101
01111101101000011011111111101110011011111110110011100001101111011001111110000100110111111010001011111101010110111110110011110
10011000000010110111110000111110111110110011010010001110011101110011111001101110110111100011110101111100011011000010001110010
11101101011010011011001100011101010001101111011101011101001110011001111110111110000100000110110111101011110111111100110101101
01110000100011011001011111011101110110101000111110101011111000011011111101010011100001000100110111111010101110011101111010101
00011010001001111001011101111111101011101011101101001110110011101010111111010000110000101000110101111110100111110010001111111
11000001001111110111011000110001010010010011110111111011010100011101111110111011111001111111111111100101101100011101001101101
00101110100111101001011001001100111001001010001101000101111111000010111101001010110101100100110001110001011100000000100011010
10111111110011110100000101010110110101011100100100011001001101101100111010101011100010111111011001110111111001010011000011111
11011010011100111101101101011000010111010100100000001111001001111000100011101010010110011100111111110001100111111010011111100
11001001110011100101011111110111101101111101011100011010100110111101011100011011110000000110000100011010001101011110001011001
10101101001000111111110001111001101000011110100001110110110110111011001011011100111001111110111110101010111001111101001101111
01100011110111111111011110110100100100101110010000001001010110111010011111100110011010101010000110111101011101110010100111110
01110011111111000011101101101000101110111100111000010111110010110000001010111111011110111110100111011100011101001101111011011
01100011111011011101010110110111111111010101000101100111011001010101110111001001111011011111000110101010111111100110111101111
10101001011101011011101010011101111110111001110110110111000010101111101111101000011101011010100011101001111100110111011111100
00101011010101111110101101010101011011000100010010111001110111011010111011110110001101111101100001000100100010101010111011100
00011110000010101100111010111110110001110011001111001111110111001101101110010111001010110101011010100100111110111001000011111
01101011011010101010101011111110001101110011010001001001011001001111011111010010110001101110010000111001011111101000111110011
01010110010100111101111011110111110100110101111100001001110100000111100101110110000011100111111111010010111111011011101111011
00111011100111111010110010110011110111101111100000101011101110010110111011011111100111110010010101111010111111110011011110011
01111111111000101111111010100111110111010111001011010111110010111001010111000110110011011111110111110111001110110101100001111
01011011010100001010100101100111101111110110110110011001100001001101100111010011111100100111001101100011111101010100111011101
01111111111001010101000100000000101011010111101010111111111011101110111101111100011011101010011101100011111111001011111111010
11101111011011110111111011000111110001011111111111100111101010101001011100010111100111001101101100101111000011000011001110110
01000101001111000001101100111100001111101001111100111111111001100000010100000011101100100011111100111001111010111100111100100
01100101010100100111101000101010000011101011011101101100001001111010111010010101101001111111101100111101110110110111011011101
00000010101001101011111011100010110101101110000110110100000011101111001010011011111111010011110101101101001101111001111000111
00111011110110100001101100011001011001110010101011111001111101000111111110101001110111110110001111011000011110101111001001010
11110010010110111110101011001100111101110100100110101110011111111111010101100011100001111110010010100110011011011101111001111
10111011101000000011110111111001111001111001101100111001111010010001010001111000111100111000111001110011111000010111110110011
11011011101100011101111101100111101001111010001101000111111111010001101110001000110001101001010111001010100111110011100111111
00110111101110000110110010011111100011011100111111101100111101000011110101111100101001101111101010111011101000101111011001010
00010001011100101111100111100110110111110000001101010101110110101000100001010111101000111101010111011010101010101111000001100
01101111111111111010111010110100111000001000010010101001111111101101101100111101001101010110111001010100111101110110101111100
00111000111000100110101011001011011110111110111001001111010001111001011111100010000100101111110100110100000010110010101111001
10111001111000100110000001000111010111101001001110111101110001101101011010110010101011111010101001111011011111100010010110101
10111001100110111101001000111111011011010110011011101000111011010001110101100101001110101111111011101111101110111110001100100
10000110001010001001001101010100111101111111111111010111011111001111010111010100101110001011101010000100000111101101101111110
01110111110100101011101011011000101100110111100101010011011111011010011011001010110010110010101111110001111111100100011101000
01101011010101110110010110011001111100111101110011101101110010111101011101010000100111010001110111110100101011001001101100001
01110101011101111110101010111101101110000000100110011100101010111100101110101000101101101111001111110111100100111100010110000
11011110111011000111001011000011100110110000111010100111001111001111100110111011000111110100000101000110100111111011101011001
10011111101101101111000110111001001101111101110100001001101110111011111110010011100000110010101110000111010110001110010101011
00011000110111110110101111011011011001100101111101011110011110111100111111011101000101111001101000101110111101000010110111011
11111111100110110101001010111110110101110011111001111100110111101000111101101101101110000111110011111001010111011011001011110
11111111100111111110010110011001011101011100111110011001110101110010101111110001111011011111110110111011011100110100000110100
10111111110010101110110100111010101110111111011111111011001101101101111101111011010001111111001101101101011110100111010101111
00110110000110101011110111001001101111000110101010110011101011111000111111111011011100110011100100010100111010111101000101111
11111101011010011100100101001011101110001111100101011101101011000111111110111011000110111001110111011011111010101011101111100
10011001110111110011110111101101001111101001110001101110111100001101110011111101111111011101000111001100110011111111010011110
10111000011101100011100011111111011101010101011111111111111110101011111011011110111100010110111011110011100100100010101100111
00101100011110011111011010000110101010101000010110101111100001001110111111111010110010001100111101110000100100100011011111110
10010100110010010101101011111010111010001101010010111010011010110111011111101110111001111001101101011011011111111111111110100
175 190 164 76 80 72 36 48 