130
130
0000000100000101011110100001000000000110000000011001000001000000001000110001100000011100001000001001011000001010000010000011001110
0011000010101100010000000000000001000100010010000111100000011001000100010100100000001010000001000001000100100000000001011100000010
0000100001000000000001000100000101101100010101010011011101010000010110100000001101010010010010000001000000011001000010100010011010
1001011100000000110001100111100000110000100010000000001000010000010100100100000010100010011000001001010101000000001000010111000000
0000000000000101010001000001110001000100000000001000101000001011001010000010000010010111110101100010000110100101100110000111010000
1000101010000000000100000000000000011000101100001100000100000100100101000100001000010001000001000110101110000001011000000010000000
0010111110000100000011000000110000011110000000110100010000100100110000100001000100100000100100010001000101101011000101000001001000
0110000000010100001010100010000000000000001000011000010010100011010010110100110000011000000001000110100110100101000110000010100000
0001010101000000100000100011000110000011010011110000000110100001111110111010001000110000100000000010001001101010010000000001110010
1001000000110000010000001001001000000101100011110111000000000101000011001001000011010010011001011000110000000000000000000010000100
1100100000110010111100100000000001011101000001100011111011100001010000000010100000000010011110110111000000010000000000101010100100
1000010100000110001010010001000000101000001000010000000010101010001001100000000000010000100101101001000001000010000000100010011000
0101100000101101000010000010000000100110000001010110001011001001001100010101011000101000100001101000011000010000010010100000000110
1001010100100001001000010001101100001000101010001000000100011001000011000100000100100000000000100111001101111000100000000000111001
0110001000110001100111100100001000010011100101101010000100010100100100100001000001101100010101110100110110100110001101000111110001
0011010000000000101101001000000010100000001000000000010100010110110010000100000010000000000101111100100000000000100100000110000011
0100010011100110000100111000010001000000001000000100001001100100011100010111010100000001100101000001010110010000000100111000011100
0111011000000011110000001010100001101100010000100000101010100100000101001010101110000000000110111011011000100010011000000000010100
0000100110010010000110001111001010000101000000110010000001000100011010000000000110101001010001000010100010001100110000011000000001
0011000010000100000000100001000000100110010011001000000001000100111101001001101000100000010000100011100001001010011010011001110010
0001010100010101100011000010110111111000000000000000101110111000001001001001111010010000101000000000010000010001001010000000010001
0000000101001100101100000100110010000000011100000000000111000001000000000000001010010011000010011001101000000100001111101101110000
0010011100010001000011010000000100001000011000011000000000110100111000000010000000001011100011001000101100110000100001100110110011
0100101011000000100001000000001001000000000110010011000000111000000000110100000010011001100000001101001100000001010000110000000010
0001001000001100100000010011001000001010001100000010000111110000010100010100000000000001000000101100000010001011000001100100100001
1000000100000101001100000000010000000000111101011111010000100111000000011000110011111000100001000001101001000001100010000011011001
0100100010100000110000111000001000000010000000101010100000001001001110110100000010010001000000100000010000010101100110000000010011
0000100011100001001000001000010001001001100000010100100000010110000000001000100001000001010000110010100100001000000011000000000000
0100100001000111010101011000110010000100010000010110100100100000100001010010000011000101110000000000101001001001000001000001111001
0000010000000001000000011010110001000100000000010011011011001000101000000101000010000000001001010001000000101000101000111100100000
0011000100000100110000011100001011000000000011000010010001001001010000001000000000000010000110010100111010001110000101000011010101
0010000000101011010001101100000100010000010010110011010010010100010001100000000101100000010000000000000101100000001000000110001001
0001101000000000001100101000001000001000001000001000010011010010000000000011010100100000000001101010001010111100100000111000000010
0000000001000100011000100010000100000100101000011000100100000010110001000000010011000100101100011000100010100011000000010010011000
0000010100100010001001001011110000000110100001000000000010001100000000010100100000010000110100100000010010000100100001010010010011
0011110010100101000100000000000000000000100101110100001101000000000001010100000100000110001010100111100001100010111010100001000000
1010001000010001001101001000001011000100100100000000100010101000000001011000011111000110000000000110010101100000100010000000010101
1000100100010000000000001010000000010101000000000000000001000010001010000001000000110100101110010100000010110101000100111110100100
0100000111100010000000000001110000000001110100001010010000001010010000010000000010100110000100010011000010100000000010000000101000
0011000000001010000111010010010001100000000010000010100110000000001110001101110001000100010010010011110000000100011000100010000001
0100011101000000000110100101000000001110010000010100010011110110100000100001100001101000110000100101000000101101000000100100010000
1100010110000000100011101001010000000001100000010000010001011000010110100101011010011000010001000001001000100000011000001100000000
0011001011111101000110010001000011101101000000000000000000100000000100000001101011000000101001000110011000100100100111001111010100
0001000000000000000010101110010100101110000000111000000010000000100000000000000000010000000111100110000000110000010101001010101011
1100001000010100000000001001011000010011100101001101001000110100011101000001001000011100000111110000100000111110000010100000011100
0001010010000001100010110101100010010010100010010001001101000000101001001001011011101001001100100000000110111000010010000011101011
0000000000010010001100000100110000010000100110100010000101000010101110000000001001000000001000110000000111000100100000010000101000
0000010010001001001000100100101000100001111010000101100000000000111110010000101101000000100100001000001111100100100100001100001000
0100000000100010001111000100100011011010110100101011000100001101100100000000101000000000000000101001000110000100000000001000000000
0000000010101001101110000010100100010100010111101100000111000011100000000111100101001000100100101000100000010110000000000000000001
0100001000000000000010000000000000000011000010000000100111100111110010000010000000100000001010100000110000010000110000000101001010
0100000010011010101001000001101001001000000011000000001100101110000011001010000101000000001001010000010100000000101010001100011100
0000000011000101011001000010100010000001010111010000000100000000000000100001101010110000000100000000011000000100010010000001000000
1100111000000100000100101000000100000001010001010001011000000010100001011000001101010000000110000000110000000000100000001000100000
0010001111100110010000001000010001010101001100101100000011000011101000000110100001001000000100110101000001010010110000100111001100
0000000101011000100110001010110000100010100101010101000011000011000101101001000000110010000011110110011111010111001000010000000000
0000001000000011101000000100010010000011001001110101110100000100000100000000011010000101101111100010100100000010100101010000100100
1010000000101011010101000010010000000010010101100001000010001000010000101001000000011001011000001011100100010100000010111111010000
0000000000000000111100110001101100000101100100001010100101010101000100000011000010010001010000000000000000000000000011011110000101
0100010010010001001100001000000000010100001001100001000000110001000010000010001011011100100110000110100000100010011000010000100101
0001111000000001010100110100010010001001010010101011000010111000000001100000100000000100000000001010101011000000110100100101011000
0011001000010010000100010001000010010101000001010000100011000001000101100001111011001100010001001000000101110001001000000000100010
1000101100001000100000000001001110111101111000000000000000001010000000100010001000000000000000000000111100011011000001010010111011
0010111000000000001000001000000101111100000100101011110000000000000111000001000000010110011000100010000010000000000011010001010010
1000000000010000001000000001011010010000011000000000000000001000000010011010000000001110011001001010100010000001000010111000011010
0001100000000110010000001110001000000000010000000100000010000001111100001101000000100010000000100010000000010000000000000101010000
1000010001010000101101000000010001000010000001100000000000001001101010110011110000100000101110010010001100001101000000000000010000
0000000101001001000000000000000010101110110010010000000100000100000000000110100001110001000011000110101001101100001010011000000001
1001111101010001000000000101000011011000000111100010000100100011010001011001001000010000000101010000001011000100000000000000111011
1000111001000110010010000000000100010000100000101000000000110000100100111100000000000001101100010010000000000001001000110011100000
0000010100001010000101000000000000001110110101001110000001001100001111000000100001101011000010100110100000100001000010010010101100
0001101000100101100000000000011011010100011000000011000000010000000010001000011001010110110100000001110001000110110100000111011000
1000010010001000000000000011000100000100000011000000001000010001000000000101101010000000001100011011000110100100000000011010010010
0100000000000110000001000000000011001001000010000000111001000101100011000101010110100001011100110000000000000101000000001010000101
0000001101110001001000000000110100110010011000000010000010110001001011000000010001010000001010100001110101110000101101110001101110
0100001101000001000000000001001101000110001001100000001011000101000100110100010001000011110100000000000010100000111010101000000010
1101010001100000000000110011110011101101101101010100001010010000100101110100101100000000000100100100011101000001100000010011010000
0001100000101011000011110001000101101001000000000000100111000000000000000001000000110000100001010001001001000000000001101101000000
0000000000000000000001100010000110000100010110000011000000000010110000011001000111001011110010101001000010010011100101111001000100
0010000001000000010100011000000000100000000010000110011010011001111101000010000000110001000001001000000101001000001000010010000100
1010001010000011000010111101010001100000001000100100010000001001000010010000000001110000001010011000000000000000101100001000100000
0000000000001001000100000001000100000111010010100000100011110010110101001000001000001100000000010001010000110001100001010101000000
0000000110000101100000011000000101010001000011100000001000110010000000110010100010110100101000000110100000010101110000000011000010
0010100100001001000010000001000010101010100010110010111000111100000000001110000000000000000000001000001101001000000110100010001111
0110100010010000001010000010000001001000011100000000000011101000100011100101010000100001001000000010000001100100001010001010001011
0110100101100011010000000000000000010000100000000110011100000111010011010100001101000010101011010000101100100001000100110101011001
1001100010101000100011000110000000100001011000101100001010001001111000101000001000011000100000001001110100101001000100000000001100
1010010100100100001011110100000110010000111101000001000011010111000101000001000000100001100000110001100100001000001100000101011110
0000000001110101000101110000100100011010100000000011011100100001001010110000100001101010010000100000010001001011010010000001110011
0010001010110100001000000010100110001011000001000101100100110001101100010100100010100000100010110000000010101010111100000111011000
0111000010001011001000101011001101011000100110100111100111011111010000101001111000000000011100011010010100011100001000000000101100
0101001000110011110010000000100001000110011000001000111001000101000100010100010010000000110001001101001000010011000000001000000010
1100000000101000000100010000000000101000000000000010100001000000010010100000001010100000001101000000100000100111000000001000100001
0000101001111010000000011010000000000100000010110000010000110001001110000010100100100000000110000000001100001000101010100000100000
0001000000000010110100010000011100000100000010011000000001010001011010010000011001000011001010000101100111000100010001010100100011
0010100101000000000010001100000000000101011111010000011000011100010100000000111100001001000110001111001100100000110011000000011100
0000000100010000011000000011000000010100001000001000000000010000000000101000010001101000000010000000100000000100100000000000000010
0000000001000100001000010000001001101001000000001010000001010000000001010101001110111000100010010001100000000100000100010010101000
0111010100001010110100110010011111110000010001001100001000101010000001000000110010100000110000110100100000000100010011000101100100
0000000001000010110010110000000010010010100010101101001010000100100011000111001000100010000000100000000000000100100111101110010000
1110110010101010010000110100010010001001110001001011110000100100010100000100000011001001000100101000000101100000001000100000110100
0010111000000101000000010000011100100000000101110000111100100000000000100011100010101000000010000010000000000000001000110000000001
1101000001001110000110000010000111000001000000001000010000001000011000010100100011101100100001000000000011000000000010000100011000
1000100000000010100001000000100010110000111011000010010000010100110000110010001101010010010011100101101010110001110100000110000000
0000000010010001010000001100100110000011000000110001000010001000010000000000000000010000011000101000000010000000101000100010001010
1000001010000000100100001100001010000000000100011000111010100000000100001000010000000011101011011000000010000101000000011000000011
1011011000001100100111011000110011010000000100010100010000101001100000000100000100010100110010000100110000001101001010000000000100
0000010000000010110100000100100000010000000010000000001010001010100010000100010000100000110000000110000101111001111100011000010000
0000101000001001101010000000100010100000010001010100001100101100100010010000010000110001010000011100000000100000110000111100110011
0010000010001100000001001000010101100001000110100000100110101000010001000110100011000001001101001100000010010111000000010011011011
0000100000100100100000001010010000001000000100010011000000001010000000100000001000101100010001000010100001001000100000100101000010
1001000001000100000111000000000101010000110011100101000011001100010000111010000011100010100100100000010100101001000001000100000110
1000001111001000001000100000010001101001010001100001010100000101101001000010100000000100011101110001000000110101000000001010011000
1110011111000000010010100000011110010000000010000110010011010100000000011101011001001110010000001001110000000011100001000000001001
0110001010010000110111000101000000000000010000010111100001000000000000000000000010000000000001100001100100001000010111000010010100
0010000100000001010110001100000111000000000100000000001000110000000001101001000001000000010000100001001010100000010100001001000101
0000010000101011100100000101001101010101100000000100001011100010000110101000101011011100010001010100010101101100101000000100000101
0011000001001111100001000000010011011101010000011100001000100011001000000000000010100010010000100000011000011111100000001000000011
1110110110010000110000010010000010101100101100001001011000110100001011000010000101010000000100000000111000000000110111000000001010
0010110000001110100010000111111100000000110111000100010010100010010001010010100000000100000101110100000111100000010101011000110110
0101011101100001001000000100010100010010101101010010110000110000100101100000001001001101001000001010000000011001001000010000001000
1001100100000110011001011000010011001010010110000011001100000000000011000100100000111011000100010010010100100110000011101000001010
0001010001000000010000000000001000001000000010100010011001001101100100010001000001010000001101100001001101010000100000000000100011
1000001010000000000001011000110000000000000011010010100000000011010100100000000000000010000000000011010000010010100000001010101000
0000000000001110000011011010001010010111011000000000101100011010000101000100001010100001100110101000000101001001100101000010000011
0101000010110101010001001100000000100100001010001001000001010001000000010111011000000010000000100011000001011010101011000010000010
0100010110010000000100100101100101011100110000000001000000000000100010100010010101110001010100000111011011010000011100001000100110
1000000000010001101000001001000110000000110000000010000000111000010000001000011100000100010011000111000000001000101101000010100100
0000100110111000001100000010100100010100110000000110010000001010000001000000011010011001000001000011010101000000100001101110101000
0011000101010100001010010011011001000010011110000000000100010000000000000001000110010010100000011010001000000000000100100000100010
189 191 163 86 71 97 54 44 