75
75
000101000000000101000010010000000100000000111100000000011000100001000001000
010101010010000000000010000110000010110100000100101101100000111010011001000
000000011100001010000001000110100000000101000001100100000010001110000111101
000100011000000010010100100010000101010010000000010010101001001000101000000
010001110000000011110010100100101100000100111000000000100100010100100001000
000001000101101000110010000000000000100000101100010000010010011100000010011
100101110001100010001000000000011000001001110000110010001011000000101010100
000000001110110000010000001000010001101110010010011000010010000000101100000
100001000010111010001111001001110000011000010010000001000100010101010000011
011011000000100000111010101001000000000000001000000001010110000000001111000
000010110100001100011010101011000010000011010011100100001110000101100010000
000001101000000110001000101010011010001010010000001010000100001000001010011
001000000010011000101000000000011001111000000100010100010010000000110010000
000000000000001111010100000011000000010000000001001000000011101000011110000
000000111001001011100100011001011000100000000110101100000000011000010110010
001100010001000000100001000000000010101001000010110000000100011011000101000
100010000011000000010001010000101110100011001001000110000100101000000010001
011001000000000000011000100101110010011011111101111110000001000010100000001
000000010000011000101100100000110000001001100011010011011010000001101000110
110001010000100000000001001000000000101010100010110100100111000111010000010
011100000100000100000100110001000100000000100010000000011010011011010010101
110000010110000000100001100010101101100010000001000000001000001001000101000
000000000100101100001000000100001000000101110101111001000000000011110100000
000101001000000000101000110110010010001100001000100101111000001100010001100
001000110000100101100000111100100000010010000010100111101110011001100100100
100000100000100010000000011100101010100100001111000001101000000101001010000
100100001011100111000000001010100010000000001001100000100100100000000110000
001000001000000001000000001000010010000001010110000110000000100100001000110
011000010000000010100000000001001010001111100000000000000000110001100000100
000001100001000100110101000000011010001000101000100000000000000000010000010
100001001110100010011000001110100010101010001010100000000001100011010001100
000100110110111010001110000010000101000010000010100001000100100110110000010
000010010010101111010001010100011100101110100111000000100000000000000100010
000000001001100101000101010100000100100100010001100001100110000101100111010
001100000000001100100100100010010011000000001000100001001000000110110000101
011100101000010111000100001000100000000010000100010010000000000101011010010
000100110000010000001100001001100010010000100110101100000001001100000000100
001001000010011000110000000100010000011000001010001001010001000000000100011
000001101111001101101010000000100000100000100100000000010100000000100000100
011001000001011000100001001000001011000100010000000000010101000010011010101
001000000000001110000000001100001001000010000011110000010001000000110010000
000011000000101100000001000000000010001000000010000100000100000000101110111
000100101011010101100000000000100010010100000000110010001000111101010010110
100011100011001001001000010001000011001000001011100101101000100010010000000
000001100101000100011011100010000010001010101001010100101000110100000010010
011111100011001011100001101010001101001011000001001111010101000011101010100
001000000100011100100000000010010000111010000000000010000000000010100100100
001000100100000110000000101010000011100000001000100000001010101010000000010
010110000000010000001000001000100000000011001000110010101001001001000010000
000100000000100000100100010101001100011001000000101010000111010000010010010
100001001001000001000010000000001011001101000100010100000111000000010010000
001000010000000000000100000001000010010000010001001000000001010111111011010
001111101001001101100100110100000000111100100000001000010000001000001000000
010010000000111000110010101100100000101011000100100000011100100000110101000
000010111000010001000000001010110000001000000100001010100100100001000011011
011000000010100011100000010110001001010000000000000100000010101000000101000
100011000101010000000000010000001000000111000001000100010100011000101000000
011000011000011001010110000110000001001000110100000001001001001001000100010
000000000111110000011001110010000100000000011100101010000000100000001010001
000110010100101111110011010110100011001011010010100000000001001001001101000
000000101000010111110011010010101001010001001011000001110101010100000101100
000010000111000000001001001000110000000000000011010001000000001011000100111
101011101100111110000011000001001000001100000100011010100000001000000000000
101000100000000110011000101000111000000000000101110000010001110100010010111
011010000110010000100101000100000000001011000010010001001001011001100010001
000100110111110000010111100100000010001000000001011000001010000110001001010
100010001000010010100010000000011100001000011000101000010100010001000001010
101001101010010110100000100011011001110010000000111100000000000011011101011
111110010100100000111010111010100001110100000101101000000100100010000110011
000000100001010001000000001011001000010101101101100010101001110000000011011
101110010100100000001001001000100110010001000001011000010010001011000010000
011010000001000110101101000010000000000001000010000000000100000001000101100
000000000101000010000000110101001001001001000000000011001100001010001100000
000101010000000000010100010001000000001000100010110000101000000000000101101
100000001100110000100010101100010001000100001110010010000000000100000100011
56 45 39 26 24 23 10 21 