75
75
000100100010011000000100010001111000100000000011100000011110000010000001000
000000001000111000000000000000011011100111100000110110010001000000010100001
001011000010010000001001101001110100000000001001000000010011001000000000001
110000110001000111100101000001100100000100000010010100010000000010000000011
111000011000010001010000010001001000001010000000000100010100110111100000101
001100000000000110101010000010001101011010000110100000101010011001100001000
000000001000001001100000100000111000000000100101000000000101010001010000000
001010000000001100001000100001000010001000111100010011101000100010100110000
010011011101111010100001010000011000000000000000000000010000000101000001010
010111001111101000100010000100001101000110100000000001000100000000101001100
101000010001100101001101010001100010001010001000001000110000000000000000110
100000000000010000001000100000000101000011111000101000010010101001010010001
110110000000010000011010000000010100100000010000100000000000010010111000000
100011000101000001010011100000001000100000000100001000110101010000010001010
000010110010000000010000110001101011000100001000000110100101110000000110000
010111110000000011000000010000000101000111010100000101001100011100000010001
011100100100110000000000000000010000000100010000000100001011000010010000001
000100010100010000100101000000000011010000011001110100001000000000101110101
100100000001000000000010010011100000010010000101101000000100000100110100000
000000000111000000001001101001011011100000010000000000100001100100001011010
010000000010011011010000000111010110011001000100100000110000001000000010110
101010101100100100000011110100101010010101000010100010001000011000000010000
001101001010000011001110000000010100111000001000011000000100000101000001000
010000100001001001000101000100010000001100000000000010100100100001000000000
001000000010001000000000100110100111110000101110000010001001000000000000000
001000000010101100000000101001010100000000110001010001011000001000010100000
000100000001000010000000000000000000110000101000100101000000001110000100100
001100010100101000010100101010100000001110001000000000000001000001011110010
010001000010000000001001000000000100000000000000000000100000100000000001010
010000011110000010000100010000101000000000011101000100010101101100001110000
000000000010101100001000010011000000001101011000000010011000001001000000000
101110001011001000000010000010100010001101000100010000100110000110000000110
110101110010000000100000000011101100001100010001000110100101000110010001000
000010101010001010000100000000000000101100011101100011000001100000000001011
101000100111010000000000001000000110000000001110101100011001011001100000101
010101010000100000100100000000010110011001100001010001010000000000101000000
000000000001001001000000000110100010100110110101000001010111011000001110101
000011000000011010000010100001110100000000000011100111111001000001100010000
101000000000100101010110110000000010010011000100010011000010000001000110011
011010011101001001010001101010000010110000010001001010011001010000011011010
001100001000011000000001000110000001010000001110001001000010000000000001000
100000010000100010000000001110001110101000110010011010100001000000010100001
000001001000011001000110100110011000011001000000100001110000010001110110000
001011001100000101010100001010001110000001100000100110001011000000010000000
100001011011100000011001010000000011010000100000101100101010000100000000000
011101100000000111000000000000111100000100000000011010101010000000110010101
001110000100001000101010000001100100100000011001000111001000000001001100001
010100000010100100100000000010100110001010111000110001000100000000011001000
000000100100000000111000000011001010100000000001001000010010000010110000111
000011000010000000000000000100011011001010001000010010100001100101000000010
100001100011000011000001100010001000001000010010100001000100000000001100101
010010000000001100100010000111000000010110011000000001010000000001100000010
000000000100000101001000001011100010000000000000000000110101101101001110011
000000100100001100110000000010000001111000000000100001001000001000000000100
000101011101010110100110100011010011000100000000010100011000001101000000000
010001000011001010001101001010100110100000000010010111000010011001101000100
000000000010000000000000100001111100101001101100100000110000010010000010000
000100100000000001000000001101010001011111001001000100000100000001000000000
001100100000101010000000101100000010011011101001010100001001101101001010100
100010011000000000010101100001101011100010000001000111000100010001000001000
010000000100110100001000000000110000000001001000011101001101000000010010010
101110100000010000000101000000100000000110000011010001011000000010001000010
111001000010000001000110010010110100100000011101110110100100110100100011001
001011001111101000000001100011100000001001111100000010000100000010101000011
000000001001010000110101110000001110101000100110000000000001010100101000010
011010001010101001001001101000100010110100100000000101010001010000000101000
000000011000011010000100011100010100010000000001001100000100011000100000100
000000001100100010100101000011000100010110010001000001001100000010001010100
010001100000000101000001100100100000000000001000010000100000010111101111011
000010010010000100000000100000110100100000001000100100011100001110000001000
000000001010010010000001000011000010110000000111110100000000100010000000000
001010100010000000100111100000101001010101111000100010000001100010000000001
100100011000000010001110001000101000100110101100010010001100010101011110001
000100101100001000000000000000000100000000011110010000010000111000010001000
110001001101011000001000000000000000010100101100000001110011001001011000000
45 63 52 32 36 19 14 18 