125
125
00100100100000001000000000000000111001010000000100000000110000001010000000010100000001000010100000100101011011000000011000101
01100000100000000101100010100000010010000110000000000010111000111001010101000001000000100011011101100100000111001110000010001
00111000111010100010000001010000000001110100000000000010011110100000000100000000010100100100000110000001010001111000010000000
00100001110000010010010001001011101011100101000000111001000001100000100010100110100000000000000000101100001101000010001101001
00111000000000100000010000000010000100101111000001001100100001000000001001000000000010000010110000010001010000000010100100010
01010000000010000010101000011001000001010111011000001000000010100001000101000001100011110111100010001100001010010100010101100
01100111000010000000000100010000100000000010011010010100011000100111100001000001000101001000000001111100001000000101000110000
10010100100000010000000000000110000000000000001000001001100100011101010110010000001001111011001000101010000000001101110100000
10000010000000000010000001010001100000000000110001100000100000100100010011000000000001000000001010011100000001000111000000100
01000100101000001000010111100011010000000010000000001001100110000000100000110010011100000000001101111000010011001001010001001
11101100000110100010100000000001000000110001010000001010001010000010110011010010100001000000000000100000100010110100100000000
00001000101000110101011000001110011110000100000100000000000101011001100101000000001010100000000000000010001100010000001100011
10000000000000001111101100011110000000110000000000100110010000011010111010110011011001100001001101010000100000010000100001100
01110010001010001100001010000001011100000110000000010100100100001000110000001000111011000010000000010000000000000000100011011
00001010000001000010010001001001000001001000110001110010000000011000100000000001011011000100110011010101100000110100000011100
00010001110000001001100000011000000000000001000000000010010000000000100001010011100000110000000000101011101000010101001100001
11010100000010100001100101011101100100000000010010101000001110101100000100000001110000001011100110010010000100010100000110100
00000010010000010001000110010101000000000110000111001010000010000000010001101110111101100000110001000000010000001000001100001
00000001000000000110100000011000000000100110000000011100110000001000100000000100000110000000010000011011000101000000000000000
00110011100100010000000100000000111101100000001000001010101010101110000000000000000001011101000000110100000100010000010001001
00000000001000010010101000111100000001010001000001010001100010010110000001010100010100100100001001000101011110000001101001101
10111001000010001010010000000001100010001000000000010101100001000000000110010000000000000001001000010000000010010000000010010
00000001101001000100100001000101110010001110011100100101000011000011000001000001010000100001100010011001100100000101000110001
00000000000000000010110100000010001100100100010110101101100000011000100011011000111111000001011111001010000100010001000011100
00101000011000001101000000000100010011000011101010001101100010000100101110000001000101000001111100100000000001000010000000111
10000010000100001010110001100100100010000101000000000010001110010000000000001100000100100101101001001011010010000101100000000
01001110000010011011000000000000101100001000000100001110000000010110000011000001000001010000010000001111010100100010011001000
10010100010001000000001101001100011001101000000110010000000111110100100100000001101110100101001000000100000000000010001101000
00010000010010100001001101001000101101001100001101101100000011110000010100011001000000110000000110011001101000100101101101000
00000000100000010101001110001110111000100100000010111001100100001100010101010100000000000010101100000000100010100010010000001
10001100011011000000100000100000101111000001001000001001001000000100100001100100000101010100000010000000000100000101001100101
01000100011110110001000001001000100001100010010000010110000000010000010100111000000000010010100100001100010001000000110001101
00000100000010101100000000001101100000001001001000100001001100111100000001101010000001010000101000001000101000000001001000010
10000000110011000100000010110000011101010100000100000010000110101100000000000001010000101000000000000000010010100100100000000
00010000110001110000001001101101100000010100010000000000001000001010000001000110000101100000100100000100110001010001100001010
00000001000011000010100110010101000010110001000000001001110000100000100001000000001110001000000000000010100101011001100100101
01011001000000101100010000100001010000000100101000000011101101000010100000010011100011001001010000000111000000111001000101000
00000100001000011100000000101000001010000000000000000001010100001101111001100100010110000110000000001000001110100101100110011
10111001100000111001100000001000000010100000010000011101010111010000000100010110110101000101010000000100000010001101001100010
01000110100101000010101000000101000011000100010000100000110100000000010010110000001000011001010000100000011000000010011001000
11010000000110010000000001100000000100000010000010000011010001100001000100100000000111001001110101010101100000100011101000110
01001000100100000011100110011110001010000000000000010101001001001100000011100001100010000010000000000110110100101101010000000
00010000100000010100000000000100100000000010101000101110000001101000110010000000000100101000000000101001100000000010100001110
00100101001011100000010101010010110000000001010001110000000100000000010000011011001010100000000001010010001100000110000000111
10110010101010000100000011001000010010100000100100100110001000000010000000000000000100100100000111001010000001010100000110100
11000110000110001000111100011100001000010000000000011000011100100001100100000000001011000110001011000010000001010000000001000
11010010000100111100010001000010010000110111011000011000000010010000010100101110001001001110000100100010001101011000010010100
11010011000001001010000000001010001000011010000011001110010000000010100100010000101101000001000001100000010000000001100000001
00001001110000011011000000010100110001000000000000010110001000101001001100010000000000101000100001000001100010001001100110000
00100011000101001100011110010001000110011011010000000010000010100100101010001010000000000000010100010001001000010000000111000
00011000001100001000101000000001010110000001110110000110011010001111000000100001110000000001010000010010000000000001001100000
00010111010101010110000000000001001000000000000110100000010000000111011110000000000100010000000000010000001000100000011000000
10100100001000110100010000000000100001000000000001000001011111110010000000000101000000010001011000000000011010000000001100100
01000010110101001010000100000010100100000110010010001110010011000010000001010000011000000000001010000000000000100001101011011
00110000000000110110010000000000001100000101000010001000000001100010101010011001000000000110010100010110000101001000111101101
00000111001011000000011001000000011001001101000110000000100011000100111100000001001001011000000001000000010000111001001000010
10000110101010100100010000110110001000000100011001000101001100000010111000001000100011010010101010000000010010101010010001011
10001100100010000001011000010000000010001000010001101100010100110110000100000000011110001000110000000101111100000110000001011
00101000101000000000110011010000000010110000100000000000101000100100100100000000000000000101001010001100010010000000001100000
00000001010010011010010100100001001000010000000000000010100000011100000100010110110100010110101000010000000000000000010000011
01010100000101000011000010000011001000010000001100000000001000000000000001100000000000010010001100100100100011001100001000001
01000010000000001000001100110010000010010000100000110110100111001000001000000000010101110100100100100010010001000001000010000
00110001010010000011000100000011101101000010100100001110110000010001001000101100100000100001000010010000101101100001100000101
00000000100110010111010000000001100100000110100000100000000000010100011000101100000000000000000001000110000001010000000110010
00000100001101100000011100011000000000010100111001001101000010100000000000000101011110000000010000011100011110111100100000000
00000011110100000000000000001110000001001000000100000000101110111000010000010000000100100001111001100000011100011100010000000
00011000000001111000010100000000000010010000000000000010001101000011101101000101010000010000000111010100100100000011000000000
00010000010000101000100010011000001100000011001011110110000111000010001110000000001101111101100010000000000010001000110000001
00001010001000000000000000001010010010010000001000011000000000000000000001100111001000100000000010010000001000000001011101000
00111001011000011000010111100011001001001000001000100110100010101000001010000101000110000100111110001100001100100010000000101
01000000000100000100010010111100000000100000000000101000001000000100000101010001000010000011010000010000011011000000100000110
10100001011010010101000001001100000000100000000100110100001010100111110001100110000000101000110111001000000001000011100000000
00100100000010010101010000010010000000110000001110001001000110000000101000000000000001000000101010100001010000001100010000000
00001000000000110000000101000000100000000101000100011101000000010010000000010010001001010010101000000001100001010111010100100
00000000110010111000000100000010101110010100100000000010011000100001010000000001100100010000000101110000000000111011001000001
01010110000000101110111000010011000110110000100001001001001011000000000000010011001000001010101000101011001000000101001000000
00000010010010000000000000010100100001010000001001010010011000000010001000100000100010000000000110010111001001001001101000111
00010000000110000100000001100000010011100101000100000000010001100100101100000001010011000010100101000010011100000100101001110
00110000011000010100001011011001110101000000001100001000001010000000010100000110010000010000001000000001101000001011000000010
10010001111000100001000101000000101101000110100000100011000001010111000001000000000100110011001011100110100100001011001011001
00010001000010010000000000000010010000010000101010101000000000000000010000001010011100100000000001000100000010101100001010100
10001011001000101010000010100001011001100010001100000011000000000001010100001110000101011100100110010000000000001001000000000
10000010001101010000100000000000000000100111100000100100000011000011000010110000000000110100001010011000110000011101010101100
00010000100010100110000000000110000001000010000010001011010011111000000010110001011010001000000001001010001010001001101000010
11001000000100100100110011000001000110101100110110000110000000100000100010100001000111000100110000001000010001110010101011010
00001000100101000000011010010000000000011001000000000100000010110000100010001001110001001001100011010101111010101001001010000
00100000100000000010110001001100000100100000000001000001000011001010100010000001011000001001000010010000010101000011110110100
00010011010010100000000011011100000000011010000010010100000000011100000000001001110100001000010100001010110101010001001001001
11110000001000000001000111001001000001110111101010000010000001101000010100000000011100001010000001010010000000111110101001000
01000000000000000110000000010010011101000010000100000011011100101001100010000010000100001010000010100010000010000000011100100
00101010010100000000100000010000010001111001010100000010000110111100100100110000100101101001000110000001101110000011010010000
00101010110000000011100100100000000001011010011000101000000010001001100000000100001000101000100001010000000100001000001011001
01000010000110000101100010000000000001011010010000101101100011001001101110000000100000011000010000111001010110011011010100001
10100000000000001001000100010000001100100110001001100000010010000000100010100000000011000101000000000010001101000100100110001
00011001001100110010000110001000000000011100000000100010100100011001011010100000000010101010010001000000010001110100001101000
00001100010011110010011000100001000000001000001010000100111001100010000010100000101000100000000000101001010100010001000000011
01001001000111100100011010110010000110000000000000101011110010010010101000000000001010100000000000100110000100000001110001000
00010000000001000010011000111111010000001000010100001101101100100000000001000001000011000100111100000010000101000000100000000
00100010000010000011000010100000010001011001110001010010100010110001000000001100000110000110000100101100101111100010100001010
00000001110000100110010000000100000000011110110000010100001110001111000010000000001101111110001000110001000110100000001101010
00101100101000001000000001000000000100100000101101110100000000100110000010000100000010000000110000010000000100110000011001101
01001001010100000000111000001001010010100011100001010001100010000000110010000000000010000100000000000101010000000001110000001
10010000000001001000100100000000011100010011100000100100000000000000000000101010000000000000001101110000000001000000100001000
10000000010011000000101010000000000011000000000010000000000000001001010101001011100101000001010110000001100001010110000000010
10101000000110110100101001001111110010000100000011000111000010000000100000001000100000000000101111011011000010000000100001000
00010001000011000001000010000001110000010001000011000011000001000010110100011011000000000101100000001011000000000001110000000
10001000110000110010101000100011011000110010010101000011100101100000000011100000100001010100000000001001000010110000000000011
00000000000000101001100011001100011010100100100100011101011100000001001000010000010000000001000000001000110011001000100101000
00010000000010010111000100101010010000010101100000010000000100000001000010000000100000010000001000011111101010000000100000100
11100100001110000001100011010100000010110010010000001000000000010111000101101100010100101100000101000000100110001000010000011
01110101110110010001001000001111001000000000001010110011001000000000101000101011000110001001011001111010001100000000000100100
00010001011000000100101000111100100001011000001001111000110010000101100110100010100001100100011010001000111001000100101010011
00010000000010100100010111100000010000010100010100010001010100010000000100000010101110010000001000100000100000001010000110000
00010000001001000110000001010110010001110000100010000001000011100000000000000100110011001010001010100000010110101110111001001
00101111100010000110000000100110001101010010000100000001000000000111000000111001110011110010000001000001001010110000000100000
01010101000100001010011001100000101000001001010000000000010000000000001100000100000011001101000110000100100001000000000000000
00001001000000000010011100100011011010010100010000001100010000010000000000010000011000000000100010000000000010000010000000100
11101001000010001001110000011000110100000111100000001100100110000000011000100000000011000010000001010101100111100000000000011
10001100100000000010100100100001000001100001010110000000000000000100001101101011110001110000111010010000000010000000011001000
01100001000001100010110010000001010010000101000101010010111100000000000100100110001010001101010000101011111001111111000110001
00010001001110010111001100010000001001100101000010110000010011001010001000000011100010111000000000010100000000110000000010101
01100100011100000000101010000101001000001011101010001001010011100001011100000010100000101110001100001100010010010110100000000
00000000010010010001100010000001000000000010011001100100000011000110000010010010000000000000101010010000000000000000100001100
00000110001010011011100100101001111000000000100100100011000000101000010011010011000100101100001100000001111001100000010100010
00000001010001000000001100000001000011000000000010111000100000000000000100000000011100110001100000000000010000110101010100000
171 178 148 87 64 93 28 48 