50
50
00100000001000000010010010000100001100011100000000
11011000001011110110001001000100100001011010000010
01100000010000100011001110000010001000101000000000
00110010001110000001010000001110001010001100011000
10101001110001010010100000001100001000010100010000
00001000010011101000100000100100010011111000000001
00000101010110100101100001000010101011000000000000
00010001010001000101001100001000011111100111010000
00001000000101001001000010001000001001111001000000
01010011010001110110000001000000010000111000000101
01101010010100010100000000001001010010000100010000
00010001100100000010100100000000010000000010000100
00110001000000000101000000000110110100100100000100
01110010001000011011001001010001001010100101000010
00111000000100011010111100010000000001000100000011
00010011011001000000011111110000000100001100001110
00001101001010000000000000011000110110011000000010
11000000010010001100110100001000100010001010000010
10101100000001101100001011001101001001011100001001
01001110000001010101000000110110100000000000100010
10100101000001000111010000000101011101000000010010
00001101101110000100000100100110001001001000000101
10001100110000101100000000110000011001111000001010
00010100011010001010010010100000100010100000110000
00101000001100000000010001001100000000100100101011
11010001000001010000010010000100000001110010001110
00111000000000011010110000001100100010100011001001
00100110000000001110000100100000000010000101000010
00100100001000101010101000000000111011000110001000
00110000001000010100001100110001010011000010001000
00101001000000010010001000000001111101000000000000
01000000000100100000000000110101010000001000110010
00010110110000001000010000001010000010000000000000
01000001100001000100011000000000000001010010000100
00001000010000110100010000000110000110010000011000
01001010000010001000010000000010011011000000000110
01100000000110100001010100000011011000000100010100
10010001000000110110001010000000110011001000000000
01100001000011101000110010110001000000011011001001
00101000001001101100100000010010110001011000000001
00011100100111000001001010000000000110001010000100
11110001010001010010000010000000010000010011000000
00001010000001110101001001001010101010111010000001
00110000100000000010010010111000011000001100010000
01111011110110101100110000000000010000101100000000
10100010011001001001000110100111011001000010101000
10110100010010010000010110011100111101000000001000
00000000110001101000000000110001000011100000000011
10000000100111000101000011001000010101010101000000
00010000000010000010011000100100001110011110001101
13 11 11 5 6 8 3 6 