75
75
111011110001111110111011101011100101111101000111111111001110010111111111010
101001100011011101101111101000111111010101111111111110011111111110011100010
111101100011101111101010111110110101110111011111101001111000011000101111111
011110000111110010011110111010110110010010101000000101101011011011111010010
110111010100010111010100111110001101000100011011110011011111110100011100110
101110001011001101110011111001000011011011011100110111010001011111110011111
001110011011100000011111011001111100011011011110111110110101010110100001101
011111000010000010100111111010101110010101100010011111101111001101110011101
010001101110100011000111011111111101111111001011010101100100110110011010011
111011101101001001110011001011101111001111001011110111000010000110111101100
101101100011110010101011001111111101001100110110100111001001110100010000111
101111111000100110000011101001011011101101000110111001010111001101011101111
010110110110010011101110010010110001111001100101100111110111111101111101010
111011110111011001111101111011110110110111101111101011110001110100010111110
001101110011000011111000111011011111111101111000001110110100010010110100101
111111101111011011100000111001000101000011101111001011101101001100001111011
100101011110011110111000111101111011111110100110000110010001010111010100101
101111110011011011111101100100001100100110110010111001111111010111110011111
011110110100111100110110101011110101111101011011010001101111110111111110101
111011110101110011101011111011100001110010101011101000000001110100111111011
110110011111111101001110101111111111101111110011000100110000110110101011001
110100110100011011010101111010110111111110110001010111011010010111011001101
111111000100011110111110100101111111111101110001111010111100011010000010110
111111111100011111001011011010001011011101110110111100001101110000010111011
100100111001111000111011111001100001111011101111011011111010011000111111111
000110101100010000100111010111010001000001110010010011010101101000111111000
100011000000111100001010111111010001111101101010100111111111011110001110111
001100000111110011011011100101011111100111011011111111011100100101110101101
111001010000111000101001101010011111110001111001110101100110110111010001011
110011011101010011110100101101111101101001111111001000011001001110111010111
110111101100100111010000111010001011001001011111111110001111011100100000011
101100010001101010111110110010101011111110101001111001011111111110010001101
110100100011101111101011100000101111101111011111111111000001111110110001111
011111001111011101001100110011110010110010101101111101111011101111000011111
011101010100001011110111111111101101101101111111011111010111010110001110001
101111010010110010101011100111111110111001100001110111001000101110100101110
110100001011000010111101100010011010011011010100101011100010001111011100000
001011000111010010111101011101111101110101101110011011011111001011101011000
000000011100101011001011110110010010111110101110111100110100110110001100111
110111111111100101011110101011001111011011100111010011110101101011110000111
111100111101010110100010100110000011001111010010001100100101111110001011100
110110001110000110101110010001001111011000001001010101011101001101100011110
011111011011001010110111111111101111110111011111110101111010110001101010101
011000100100011101101011010111001111101111101001101001001101010100001011011
110111110010010100000011010111111110100001011111101110011010101110011000110
010001111001111001110100101010111101011011001010011110001111111111101001010
101010011111111111010010111001011111000110110111001111101011111100101110001
011100101000111001111111111111101001110011000111010111100110011001001011111
110110101001111111001000001111010111011111111101111101100000010100110111000
111111001111111111011111101111101111001101000101011110010111000101010110111
001000101111111111111010110011001111001110010110111100110111110101111111100
011110111111111010110111110101100110111111111100101000011111111010011110001
111101111000111011101110000110111001111001100011000111111101100110011010110
111010001111101110010111110110111110111001000110001111001110111110111100110
100101101001010111110001110011111111110000001010111011010000010111011111100
110101101011110111010101111000011000011001000101001110111111101111110111010
000001001111111111000010110011101111000101011100010010011101011010111100111
000011110011001111111110101000110001100101101010010111010010100101011100001
111111010011101111100111111010011001100011001100100011110011111111101010000
100110111100100011001000101101101111011000010011110111100001010110111111111
111110100101100001110111100111100111010101111101010001100110010010010001101
100110111100011000110001110011101100110000011101011111000110001110111100111
101101011110110111000110001011101110110010101111111101000110111000110010111
001110000110001100001011011011110010010100110111010010000000110111110011101
110010011101111111000111101010001011000011111001110001010111101001111110001
111111101101001011011111010101111101110001011111001110111101000111100110011
101111010111011001100000101111111010111111010101110001010010011001011011011
110110111111110111111100000011110100011011101011100111101000100011111101101
010011111010000111101011100111111011101110101111011101010000111010110011111
100011100110011111000100111100000110001011110110110101000010111001110111101
000111100011100011011100001111101011111100001101100011001101101001111011011
110001010011111111000001101010111100101010111100110110111111100110110001110
000000111101101111010001001111100101010001110110111110110010100110110010111
010111101101111011111100001001110110110001101010000010011011100001111110111
101111111110001101101100011100000101101101001101001100100110100101100011110
77 92 83 54 49 44 24 20 