50
50
10001001100000001100011100010000100001011100100100
01100101000000010000010111100110011001000101000001
00101010101011010111111101000011001000101000101010
01001011101000100011000100111010011001000010000111
00011111111011011111011110110101011110110010111100
10010110111000001100011011111010110111000111011100
01110101101001011010110100011010100100011011101101
00001000011111110010111011000100011001111001111111
11011111100110011011111000000010010001110101100110
10101110010001100011010010010111101100000010000001
01011001011001110000000010111101110101010000011001
01010101100001101110111110111111100001101111010101
10010011001101100111011101110001010011111111001001
11101011001110011000011010101011001100101000000100
11010001010011000011011000010101101110111110110001
10011110011010111001010101010101111110110101101101
11000001111010000100001101101110010101110110111111
01001000101110100011010011011111110010110010001000
01111110110001000100100100101110110000111011011000
01110100101101110011010100110110010111011011111100
10011010101101011001110110010110000010100010110001
11011111100000110110110000010000110011111011101000
01110011011111001010100010101010010111010011111010
01001100100110111011010110100000000100011111011011
10011111001010000101101001001110101010110011000110
00010110010110011100101011101011100111000010101111
10001000101011010010110101010011101101010110111000
00101001011110010001010110110010000001110111011111
00101100110001000111111111101101111101001000110010
00000110000011110100010101001011000010010111010011
11011111110101101101100001111100101010001100011110
00101100110000010011000101110100101011010101101101
11111100001100101001111111101100001000100011110101
00001010010010111001100111010001111110010110001010
10001001001110110001101101100100100011100011011000
10000010001111011111111011010011110001100001110010
10111111001111100001100100011011001100000000001110
10010001011111000100010100011111011101011001010111
11001000110001110011100111011101000111100010010100
11001010111110000110000000001111000000111010100001
10110100100110111111001100111100000100110101110010
01100011010000000111000010111000001000110100101010
01111111000001111000011101001111001110000001110101
01100101101111101110100101001000011010011110100100
00110101010000011111011001001111001001010010000000
01100011010000000100000111111000100100000010011100
11001101000111001111101100000110011010011000111101
01110001111001110000101111010011000011100010001110
01001001000100101100100101100111001000110010100100
01010010000010011100000110101010010110000100111000
35 61 48 17 20 34 16 12 