100
100
0111010010010111111000011100010011100000011001110100111101100010111011100011100101101101110000000101
0011010110111101011000111100011110001100111001100110110001010110010011011111111010011011000010111010
1001111101111011111000010000101101111101101100111111111111110111001001110110110100001101000100111101
1100011101101100101010001111110110001111010100101110100101100100111101110110101001011110011001111111
1101111101111101000010101011101011100010111111101111010111000110010111001111100100010100011101010001
1011110111111100101010000111001111011000110100000001101001000110100100000110001100110011011111100011
1001111010111111001001001111101111111011110011100111111011011111110111101111010100111011101101110110
0010111011000110110011000101111010001110101110010110101001111010010011100011110100110001111110010101
1111011111100011101010011111101100011011111101111100011110110011101110100100011111010110111110111101
0111111010101101101011011001101111101011011110001111100101001111011110010111111111011011011011111101
0100101101000100110000101001001110111111111001100111110110000100110010010110011101111101111100100010
0011110110111111111101001111001001100111011111110100001101101100011111111010000000001100101010111010
1000111110110111101001010110111111101011100110000110100110100110111001111101011111001011110110101011
0100110111110001011001101000111000110011101111110000011101010100011011011101110000011111011111011010
1101111101100110001111011000111001000111101001110111111111111100101111000111111100010111010100101001
1111111111101111000111111111111100000110011111010010101101111001011101001001001111001101001100111100
0011111001010111011011101100011101011101100110110111000111011101011111111100111110110101011001110010
0110000110111011110011010000110011111001101010101111110111101011111111000110011111001010011011101110
0010001111100001001001001101111011101101000100011101110111010111110101111111101010100101111011111010
1111001011010011110101101111011000000000110010001101111111001111010011011000010010101111010100000111
0011011010000011011001011111001000011011101000110101110111101110111010010011110111001111110001101111
1101011110010111111010100101111111010001111101111001001001011010001101010111111111110010011010000010
1110011111110100100111001010110101101110110010000101110101011101100110101111010110111110000101010111
0101100100001111101111110011111110110010111110110110000000101111110001111110111001111010010011010100
0010111111111010000110111001101101010111110100111011110011111100011110001000101110111111110111101011
0111011011110011011101011000001111110110111111100101100110110110010111111100000101101011100100111100
1010000110001101111000101110011111111100111000001111010111011101100001011101100100111011000101111111
1001000010110100101011100110100101010011111010001101011101111010110001000101011001110111010111011111
0011001101111011111111011101101101110001011000011101111110010001110011100100100100010111000100111111
0011101111110010010010111100111011011110010110111001001011100101100101101110111101100101100111110101
1111101111010111110110111100011100001111001010101101011001111111111101011010011010111010111111111110
1001001011011111110011111001111101111111011111111111110111111000111011001111000001110101011100010001
1010001000011110101110010010100110101111101100011101010011101100011011110011111110100100010110011110
1101111110100111101110111101001110000111101010101100100011101000100110011100101011101111111110101111
1011010000111101011110100011000011111010111011100011111001110001001001011011101101011111000101011100
0111110100101101011100011100011010110111100111110111111101011010100011101111001101000001111111111111
0010000011011011001011011111111101010110110011000110000001011001110111111100001101001101111111110011
1110110111100011100001101101111010100001001101001011011101110110001111111000010011101101001111110101
1101001111001011111100110010111010010010110100110111110111011110101010100101101111010110110111101000
1110101111101111110000100001111001011010010101100110001010111111101111111011010111001101000001110010
1111110010100001001001110101010101111011000001111111111111010111011100111110111100110010010110111001
0011011100001001111111101111000010111011010010010111010001111001101111010101111011111000101110101111
1011100110000111011111010100101111000000000010111110111000111101111101110101011110101101001000111110
1111110100011011100010111101010011110100001111111110111001111110111001001011100101111111110110101101
0000010011000101010110111000101110100111111100011011001001111001101100101111010101111101111011101111
0011000011000111111011111001111100110011000101011010101110010101111101010011011011011100111011111111
0110011111011001010110011101100101100101100110111101101010001011111011110110011110001001010110001010
1101011101101010011000111001011110100110011001001111111111001011100011011010001111101100110101011010
0001110111001110101110111110110111101101001011100010101101100100010111100100011111101010111011111011
1101000011011110101011100011101111111000010111010111110010101100101111011111000001000010111011101000
1010110111111100001111011110100111110111111111111000011101110100111001100111100101111110110111101101
1101001100001101111000101111000001011111111100110111100101011010101001101001010111110001110001111100
1100110101110110100111100110110110101011011100010011110011111001011100110001101011110010110000011110
0011011111001110111010000101100100100000011011100110011100110111111111001011111011010100111111101101
1010011101100110101110001101110110011000111001010011011010101101111111000111010001100011011010011001
0101101101110011101000011101110011101101001011110100101100111010011111011111101010010011101111101011
1010111000010101100001110110101110011010110000101010101101000000111100110011010111101111110111110011
1011111011011101110111101100010010010101111001101101101101010110111011000111111101001101111101010101
1010011111111000000011011000110100001001111011100101110111010111101100010000000011110110110101011111
1000111111101001111010000111011011010111100111101011111110101011000001011101101110110011101011110101
0101010101110000101111000110111101010110101011001110101101111100011000111001011111011000110110001001
1010100100101110111101000110101000111111110111111111111110111011011110000101101011101111101011011001
1101100101110011101101111111011001101100011101001111000101010101011000101110111101011111111011100001
0010011010011001110011011111011111000000101101011001011110100111100111111100111101010111000011111101
1110100110110101101011100001011011010010010000111100110100010001110101111010110101001101001111101101
0101001100111100100010110111100110101011110100111110010101101011001111110010111010001101111011110011
1010001010101100001001111110110011001110100001110110110111011011111011001010111110010101000000110110
1111000101110001111001111100010001110110110101000111111011000101000111011001111011011110001001111111
1101011111111111011011000110111100011110101111001101010111011111101100001110111111011101110111111110
0100111011111101011000111100101011001110001000001010111000011101000111110000011101100101111101111010
1110010110110011010101001100111011111101011011010110011111000000101010010011111011111000001011101111
1100101000100011111111001011111110000001011110011101110111001100011111100110011110111110101110010111
0101111110101100010111010010111010000110011000010101101010101010101011101111101110110011111111011110
1011100101010110010011000000111101000000110110111011111011011111101011000100000010001111001101100111
1111111111100000011111101011110110001111000110111110100000101110101110101000110111101011000001110011
1100100010011001111011101000110011101011111010110001110001010101100111110001110110110101000000111111
0110110111011111100001010101100011100011001111100010011011011011111111111101010111101111101011101011
1011111011111011101011011111011101010110111110101111011111001011000101011111000111010110001111000111
1110011010100101011000111011110001111001110011111011011011111000110111010110101101111111100010010111
1110000110101110000111111100101000100111011001110110101010111111101011000011111111101100110110100001
0001111111100110101110010000100011011111011111100110111000011011101111111110101110111111111101101111
1100100011010101000011010111100101000111100111010111111000110111101010101101011111111010011010101100
1110100101111010011110010100110111000110100101100111000110101001111010111011010111001111101011111010
0100101111111101111101100111110100100110010011100111011101111000110110001001110000101010110011010111
1110011100100010100110000000100111001111000011111100010100100000110100101011011110111010111111111111
1110100111111111111101110111001001010000110110011011110111011111000110111110011101011001110110110101
1100001110001011111100110101001110110101001101101101011011111110110110000010011011111011101101110011
0010101011100101010010111100101011011010111111011111101100111001111011101100011000110111101001111011
1101011001111001101100110100110011111110111001001110001100001110111111101011101110010010110010111101
0111100000010111010111011011110110111110100010100110011100000000011011011111110111010110010101100111
1000101010110000001100101111110101111011100110011100001110100111101110101100110110010000110110011111
1011011111010110010011101110000011111011111011011101010110011101100101111011011110101101101111100100
0111010011111000111101111011111010100001000111101011100011111110111010011000010101111110011110100111
1000111010010111010000001111111101111100111011010010111111101101101111110011111110000011001110010110
1110010101100110011001110110111111110110111111111010111111011101010110101110011111111111011111101011
1111100010111111011111110010011100101111011110001001110011100101101111111111010100101110010011001011
0110100000101000010100111011011110100101101000111110011111101101100101101011111011111111011011111011
1111100111011000001101100000011010011000000000101110110010011111010001110111110101111111111101011001
1011010010101011110101101011111000110100111110110100001111110000110011010110111010100100001011011100
0100001111010111111011111101001110001101010111001011100111111110111111100010101001101011011101111101
118 100 107 63 44 47 30 27 