130
130
1000001100110101111111110001010011110100110000101010010001001000000001000111000001101000011101101101101001010000110111101000010110
1100001000110000000001000101111011100000010001100111010101011101000001110011101001000100111100001110010001100110011110100000110001
1101110000010010110001101111011100000101111000110100110100000001011110110001100100001001101000110000111100000101010000100001100010
0111001001101000010111010000100000000011100010100010100110111000011101100100000111011001101001000010100001000000101101011110000100
0000000001010100010010010000101000001000110110100000100010000101010000100101011010111001000100000001011011000001000110110000010001
0001010001001100110110111000010110110100110110000110110000010000010100011110001101000001111110111000100001100001000100100000110011
0111100100101001110010010000111000110111100001111111010011101000001010000000111110001111101110111100100000011111100000101010111110
0000001001010000110000000000000100100110001101110011011101011010101100010011010000110000110100011001001010000000001011001100100000
1001110000100001000100111011111000111100000001010110000001001100101010101000001000001001100010101100000001000001011000000110111111
1010001010111100100100100110000000110000001101010010000010000010100000100000111001001110001000101000000001100101010000110110111001
1000010011001100000111001011000000100010000111001111111100000011010100111001110001010100011011001011100001100111010000011001010010
1100111001101100101100010010010101000001010010011001000110001100010101010100000000100010011101001011011101000100000000000100001110
0101000010000000101100100010011000110101100100000111010010010000000000100001100100110101011010100111011000110100010000000010100000
0000100110000110000101111100000010100110110100000110000010100110100010001011011110100001001110101111010000011010100000001011110000
1100000000111011100011110010000010100100011000001010011011001100000111100110010000001011010110000000010001010001001100000010010000
1011100100010001010000111111110100010001000011010010010010000001001000011000110100010001001000101000001101000000001011000010001011
0011010111010001010100111000010110011001000100010010001101100111100110101001000101101100101000001000010100100010101111011001100011
0000011100011110010100100001010111010001111010110001011100001011000001000001101011011010100000010001010110000110101001110100011000
0100001001001010011111011100010000110001100010100011110011101010110011010001100100110100000100100000110010001100001010001010100000
0110110010100001100001000100000100010100100000001100000000100101101010100010100000110010000110011101000011100001001100111010101101
1000001010000001110000001001111100011001110011101110011010001111011001011101001100100111100010000011101111101000101110110100010010
1001000110000000001101110110101110110011111101110000000000000010101010100010001100011100001110000010110101101001110001010110111010
1100000101011101101111100000100111001000110011000001001001010100111010111100001110001111010100000010100010000001110000101101001101
0001100011011101110011010011011010011001110010100000010111000100001001010000100010011000000100010010000000001010000100001011100011
1100000000100001110000101000001111011001001100000111101000011110001001001100101000000111101001000110010001001000101011100001100010
1100100011010100001010011001000000101110110010010001000010000010001101001001001000000100000011100010001001001010000010010010000110
0001100000101001010110110011010000000101010100101110101000000111000000101011000000110111000100100000110000010111000001000110010101
0001010110100010101001010001010100000000011000001010111110100010010101011000100011000000010000010010000000010000110111110000100000
0110101010111000101110001010000110100000001000010111111000000001110010000100011101111110011100001010000100001001001011001010000001
1100000000110000101000001010000000000101010110101000111101001001000100000110100101101001001110010100000101110010011011011110110111
0001101000111010001000010001011001000010100100100011110100000010110001100010010100110101000100100111000111111001000001101010010000
1100010110100101100000011001011011001000110101100110001101101001000100100001010101110000011011100011110100000100010001000000001110
1100101000000000101000100101100001001010010011111001101000001000000001010100001000000111000110111000001100101110000110101110010001
1101101000111100010000001000011110000011011010101010101100001011110100010110110110110111010110010011100101111011000100001001100101
0111110000101010000000100001001100101011100101010001000110100000001010001000000010001101110100010000100000000110100100100110001011
1011010000010000111000110000000011000101001001010000000010110100110001100001010110000100000110101011101100100010000010111100000000
0100010000111010100011010011010110100100010110000101001001000001101111101100110110001011100101100000100100101111100000100100010000
0010000101000100100001100011000010101001110100000001110111100110100000000010111011001001010010011010100001010101001011111010001011
1010011110011001111100010111001100000010111010100000101001101000000010000001001000000110101010011010011001010101110100001000000001
0010010000001101000111101011011001101111001001001111110000010000001000011000000000010000010010001101000000110100001100110010011110
0001000010000101110000000000110001000101000011100100011100100011011001010101010100100110100100010011100000010010100001010001000000
0000000000000111000110001000101100000101001001100110101100111010111111001001001101011001100001000010011110010011101001101001100101
0011001011001011001010110100110100110010011010000000010010010110010011000110001000000000000101101000000001101001010001011101100001
1010010010000000011000011010100000001000001111110000000011100001000100110001000010110110001100111000100010010101010001100110001110
0000111010101010000101100001011010000010100110111001000011000010000101011100100101001101010111000100101001001101000101101000000001
1010101100110100001101100010000000010000010100000000101101101100000010001011001000010101000101000000001000000000011000001010010100
1000101000011100100001110111000011011110110011100001001001010001011011010001010000011111101100100010100111010010110110011100010001
0101010010101010100010001011010011001110010011101010000000001011100011001000011001110001100100001001000101010110100000111001000100
0000101000100000001000100101100011001100100000101011101001001000111000111000100100100001001101000011000000110001101001001101000011
0010110011000001100000010001111011000011001000000101000001000000100001110101111100010100011011000100100110110100100001101110100110
0001100100101011110100010001010000011010100100101000101010001001000000101100111101001111010010000010000000111011010010101001001010
0111011110010110100001110111001000010010010001000000000110100101101100111100000111001100010100101000000100000010101100010101001011
0100000000010100010011000001001001110001010111101000010100011010101110001010110101000110001011000001000000010100000011001101101110
0001111011100110001010111011010110100100101011001100000101011101001010010001111100100001011100111010000111010000110000101011111110
0100101100101011110010111100100111101010010001001010100000100010000000000000011010110000001101101000011011010000000010011011010000
0000000001100001010011010110000000010011111000001010101010100000101010011010101000001100001110100000000010000100100011100000001010
1001110110000110110101001000100011110100000000010100110000110010101010110001001010001101101000000000110000011100110000011101100110
0000010100000000000001111100111001000010001001100000011001100001110000101110100000010011100010101011010011100100000101000010110110
1000100010100001110110110110000000110000100000000000101011110000101110111000100100101110000110001101111001001100100100010000111101
0010100001111110100000101001010010100101000000101010000000101011110001100001000110100001010100000101011001000010000100001000111100
0100001001010000010110010100111110001001100000000001000100011001100101100100001110111001001010100111000101011000000011101101110100
1100000101010100000011000000100000001100000000000101000000111000001100000101010100110010100110010101000101011100001000001101110010
0010010010000000000000111100001000011000110000001100110101100010000010000011001000000000110000011110000000110001000010000001101000
0000110000011000000101000100011000000011001101100101010001000000000000000001010001000011000101000001000000010000101100101110000110
1100010001001000110001000001100101000001010101011011010000001011100100001101011100010001010100101001010010011000011001010101011000
0001011011101100001000010001010011010001110001001110000100011010100001000110101100000011010010001010100100010011001110110001000010
1001110000000010100010101011000001101100001000000000101011000100111111110011110010100100101110000110010011010111111100001010001010
0100011001101001001110111110110000001100010110001010010011000111100111000000000011000001001010010010101101011010000010010100010011
1100000100111100100001101111100110100001100100111010110010010011010011010100100100011010000111000000100101000111100000001010000001
0000101000010010001010101001011011101001000010101000000010011010111100101100101101010010011001100111011010110100100100100101100011
0110100001110001110011011011010110000000100101001101111111111000001110100100010010111110010010011000001010111000000011000001001011
0101000000001100110001001010000010100000001001011100011010100100000001000010100010111010001011111010010001101100000100000000000100
0000001100000111010000010000110100100100000000000001000010010010001000001110111101001001000110001100001001010001010000010111000000
0001100110101111111101000011110001010001011101000000000011010011100000001011101110011110001101011011101000000001001001110001000100
0111010110110010110000011001100000100010011100011010000101011100001100100100011000100110111100100000011110111111001110110101000100
1001110001001000101000010100000001010111011100010111000000111100000010101001001101011110100001011011011100100000000001000011011000
0011100110011011001001010111011010001001101100000000000010000000000001000101000110000010010100000010011001100100001110101100010000
1000001001100100010100011000011000001111100101001001000101100000011010110100011000010111001100100001000110100100001011000000000101
1110111011010110001101011000101000000000001001010000101100000011101100111010000000100100110100001100100000010010010100010101001001
0011000101101001000100011101111001001010110000101000111101000100100100000001000001111000010100111011000101010001001001010000010000
0110010011011010000010010111000011101000010000111100010010001000101000010011101010101100010000000101101100010011000010000010001000
0010000000000011110110000010100110111000000110001001001010001010111100101000011101001100000110000100010110100101001010111110100011
0110101110111110101110100010100000110000011110010100110100001101000001110010100010110000100101000010001010110011011001000111001000
0001100000100011101011100011000010010011101001010010000001100011110011001010000011101010101100010101100000001000010011111010000011
0000101000001101011011101001110010110001001010001000100000000010100001100000000011010000010101001001000110000000000000000000110000
0001100010110010100100001010011110000000000100000100011111011001001001000101010100000100011100110100011001001000001001100000101000
0111010010100000111000000100110010000111000001001001110010101011010011001101100001110001111000001110111011110001010011011011101110
1010011010110000101001001101000100101000110111000111101101000010010000110010000001000001000000011010000110001100001100011110100101
1100100110001100000000000110001110000110110000010000111000000100010001101011011001001000011000100100001001100011001000000000000100
0100110111011000101101101001010101100010010000101100001100101011100000111010011100000100010010001010110010111010011000001100011000
0100100011011101011000110000110100101101100110000100001001100000111011101000101010001010001100011001110000110110101100011001011001
1000001000110100010001000010011001001010101001010111001110100111101010000101000100111000101110101110010101110001110000101010000110
0110101000000001000110010010011000010000011001010001000001000111101110011011011100101000011000101001110011100001011000100010000101
0101010111000011010110001110011100000101000011101100011100010101111110010000100100000110001001000000010001001000010110001101010101
1001011110010110010000010000000010100000110010010111011101001110101000100010111000100111011000101010011110000010000000001101110000
0000000010000100110001001111000010000010101101001111001001010011101111101000011010000110101000000000101100000000000011010000010101
0001101110100011000011010000100110000001110001111101100110100010101100000011100101100101001100000001000010101100000101011100000010
1001110011000011000001000010000001000011001010010011010100000100000110000000010010001100100110001101111000000011100001010101110010
0011000011010000100011101100010100001000111100101111000101000101010110011000000000000101100010110001001001010100000011010010101000
1011100100100000110110000001110100010100010000010000101000101000010000100000011110010101011011010100000101100000010100000001001100
1111011010000001010001100010001000000011110100000011011000000010000111110011000111101000010000000000110010101100010000000100010100
0000011111010001000010010000000100100100000001101001000100000000001001100000010100001000100011000101001110010011010000010001100000
0111000111110110101100001101100011100100101110001001010111001000000110101110100110101110000111111000000101001010000001100111010000
0100000101000110001100110101101010011111001001111110111001111100111110001010010000000001000010100011100000010000001000101000000000
0100000001000111101100100010001011101100001000001001010000000111010010101000001000100010100110010100011000110010010000101010000110
0111011000011110000001101010111100100001000110010100000010010100110000011000101000101001101000001100010010110001101001100001000010
0001000010000001100011101100010111000011001101000001000110100000000000110000011100010101000100100101000001101010110000001010000010
0001001100101000000101110100001000110010000011010100100010100110100001001000000001100001100100010000001010100001001110010000011111
0000101010001010000010101011011100010010100010001100101001000110010100110110011000010100100101001000001101111001010000100011100100
1000000001000010101100010000000000000001001000010101100010101011000101000110101100001110001100101100001001010001001011000010100000
1111001010010000001000010011000001011100101010000010011110001011000110100100100001010001111000001111010010010010000010000101010010
1011100110010100000100000101000010011001010111001011010000010111011000110010110011001100000101101001000000100111110110001001100000
0000001000011101011110010110100001010100000000000000001010001001111011010100010010000001010010011011100000110000110010100001110000
1100110100100010010010010101011110100101111101001110010000000010101001011011000001100110011000000010100100000011110001011000011001
0001101100100100100010000000001001111101000010000010000000010111110100001101110001000101000011000100000101110010000110000000001000
0101010110101111001110101010000100011010100001000010011010111100101001110110111001010010111011001001101101011010110010001111001101
0001010010001100101000101110011000100101100000001100000100001000101110011111010101100101000101010100101011100101000000001000111011
1100000010110110011011000001100010110100111000011100100100101111111000001000000101100101000011101101000000100110001000000001000000
1011011000011011100000001001100110000000100000000110000110110000011000100001010010110011001111101010110100011101111011010001111100
0000000000000000010110000010100110111000110100100000001000001000010010011100000000011011000000101011000001010011010010000011010011
0000011100000001000100110100111011001100000100110000001110001111101110011111100100101100000010000101001010010000110001100110011001
0000010101000101001010000011111010101101100011001000000011110000010001001101000001111101011110010011111110110000111010101100000100
0010101000010001000000111010000111001010100001000100010000000000001010101110010110001100011000011010111000100100000000001000001000
1110011011010100101000110001101001000010110100001011010000000001001001101010001010010001000000111011011111110110000011000111000010
0010001100010101000001011010000001100110100100100111100110101011000100101110101000011110011101011001111100000101111110011010111000
1010110101100000000001100001101010000101110010101110000111010110101000101110010011100010101011111010010001001000001000011011000100
1110100011000100001011011001001011111111010000100011010100011010100000011010011010100010010010100110001010000000000000011000000110
0000000001001010010000101011010010110011101111100101000101111100010111000100010110000001101100000011100100100000011000111011011010
1001101101000010010100011000000100001100000100000110101011100100001001001101101000010001001000000110101010010011010010101010100111
1011001101001011001000010101001000100100011010011010100110000100100000000000000100011100001001100100000001111100100000001101000110
159 157 168 93 80 100 45 49 