130
130
0111011001000000100110000110000111001100100111000101111000001000000010001001011011010110110010011111110000110000000000111011000000
0011000101010100001000111111011000000101000000000001001101000000110000111110110110100000001001001110110001101010000111100100011111
0100000010001001010100001001010000110000110111010111010110000011100100000000001000110111101000110011110011000100110000100111001100
1000111000100010010000100010010000001111010110101010010111000111011100010011010100000000111101010100001001000001011011001101010001
0001011111100101010000000000111011001000001011110111001001110010000110000011101010110100101011111011010110001101100100000001000100
0011110001000001000111011011000010110100100101111000001000111101010111100110110010011110110000100010010000000000001101111000100101
0000011011001110011001000110110110000001100010010110000000001010111101010000100010010011011010000010101001000100111010100000011001
0001001101101001011010000011001101011110111100101101110011010010000010000000110100100000100000000001010101011001001011110110000100
1000101110010100001010001011111011000010010010111000100101000110001000101010110000011001100100011011111110010110101110011000001101
0001000111011011100110011010000000111100011110001100001110010010000101010000001010001100010010110000001000010100110000010001000100
0100000000010100110111110111000111101001100000101010011000111010010000010100000100001000000010001011010011011001100001010001110000
0001100001111110100000110110000100100001000000110010100100000011110110010000000000000000110001000100100010001111001010010000000000
1010101000000000100000000000110001110101000000001000001010010000101001010011110101000001110000110101100111110101010100100000011010
1111010011000110110110011010001000001100100001000101100110010000011001101010001111010110100100000111111001011010101100000111100001
1100100101010110110000001010011100000001010110101010010110101000001001110011000101100101000000001101101000100001000001001100000101
0000100100110001000001100000110000000100010001111110011011010000000001000010110010011101010110000000100101100000000000000001111001
0011111001101100000101110000100100010101101001000010101010111100001100110000000100010011000001100000011101110111100000010011000000
0101110000001010001001000001111101010001011010010000110110000000000000110000110010001010001101010010000000010101010010010010001101
1001011000001110010100000000000000110001001000001100100100010000001100010010110100000101111000000011001011110011000000000100100110
1110100100001001100000001000100000111101011110100100110001101010100000001001011100000001110100110101101110000000010010000001100110
0011110101000001100001000110111000100000010100000000010100100100001011010100011100101100000000011000101111000111001010010001011000
0010011011010010100100100110001001100000000001111110100100011111010001110100011010110110101011000010101000100010101001100111100011
0010010100000101001011101101111010010000000010010000100001000010111000100111010100100000010101011001011000010110001011100111000100
0010110010010100000000111100100101101001101000011101010110100000010000101000010010001100100110000101000101010101101011010000010001
1100000010001110001000110011000010100111100010001111000100001000010011100001000000010100111101110111100010100011010101000001101101
0100100010001000001001001010011111101100001001000010110001100000001000000100000001001000101000110000110110100011000000010000110101
0001000001001000000000110000110000000110011100100011001110010011010100001111001001101110001000100110000110000100111010001100000111
0101101001000101010110001000101000010110100100001110000001110101101010100010010010010111000110010000111000111010001001001000010001
0100000000001100001010000000110001010001110001010000010101100010010000011110100110000001011010000000100010000010100010111011110100
0001011110111000011011000000000110110010000010100100001000101110111000001111010101001000010010001000111100110001100001001010111111
1100101000001010110110000010011101010101011000110010011010100011000000000010000101111100111011101011110011101101101100001100010100
1011010001100001001011011000100000100111001110110000000000000010110011010010000101010100000100010000010110100010100010000000000100
1011000110110100011001110011001111010001000000001111100010011110110100100100011010000000101110000010010010001000010100100101101111
1100110101001010000111010010011011000101011000011100011100010001001110010010100111010010001110000010100001000101100110001100011010
0000010000100011000110100010000001010011100110110010010011000001100001000000000010000101010111100011000110100110000000101111000101
0000000110000011100100010101000100010100010000001000010011001100010001100100001010100000001010000010010100100011001000000100100100
0101100011001101011111001000100000000100011111000110110000111101101000101000111010110100001001101000000010100000001001001110000111
0101100111000100000000110110111100100001000000101000001000111000110100000000110101111110000100001010001101101000001100111001100011
1110100100010010000011000010000010000101110000111110001000000000000010000001001111100001111010100110011100000111000101101110001100
0000110110101111000001000111000100100101101000000100111010111111110110011010011100111000011000001001110101001111101000100100100110
0010101000111011001000001000100101010000001100100011000111010010001011000000101011000010110010100100110110010001011001100001001110
1001011011111001000111001100001111010110000100100001001000010010011110110111000001101000010001000000010011000010001010100000101100
1110011000000000111110100111001100011110000101110001111100100010001110010111010011010000001001000100100110001100010100101101111100
0000100000000011010000101000001111000100000111100111101011110001111010011001100101010000101000010010110101101110111000000001011100
0111011000000001110000100100100101010100001111010010111000111000100001000010010011001101011111100010010010010000011101000110011101
1101000000111101000010111100001001100000000010101011000111000010101010100001100000011000000101011011010100101100000100010000010000
0000010110000101010010001011000101010001110010110000000000010011101000101001100101010101001000000101000000101100110011000001100001
0000100100011001011100111010000011001000100101101000110110100001101101000010100011110110010100110000011010010100100111110000000010
0001001001011001000110100011100100010101010110101001011101000001001001011001000111100110010001001001100001100000011101000001011110
0111010111010101111100101100100011010011101000001000000010000101101110110111100000001000010011010011101110001100111011010011000010
0000010001110110000001110101001011100001011011010001000010010110000111000110001000000100011100111010001001001100100000100100101001
1010000100000010101011100010010000000000001011000000000101101100010100010001011001001101101000011001100000101110101000001110011101
1110000011001111110010001110101001000100100010110110100010001100010011001111100001111011111001000111000010001000000010001000110001
0111100001010001010000100010010110011011000011000000000100100011001100000010100100001110001100000110101010011100111110000010000001
1001111111010011000011111011101000100100110110010000000010001001100000000100110110000100000100100000100000001000010110000101001001
0111001100101000000000010011011010000100000001100101000000000010010110011110001000101100100001010010000111000001000001100011011011
0000010011100101100100000011100000010000101000000000001010001101000101000001000100001101010001001100101010001100100000000111111010
1011001100001011111011000001011001011010000001101101100000101101000010101101000100000100010111011101100100111000100010101000101001
0101000011101010010001110001111101010000010101110110010111011100011110000001001011010000000000001110111111111010010001100010110100
1100100010010010101100001000110010000111011010110000110100011010000100110000101000010010011001000100001110000101001001100101101011
0010011100001100000100001010100100100001101111010001010000011000011001101100100000001100011000000000011010100101010010101111101001
1100111010101100010011000000000010010001100011000001101001100110000111001001001001011010000000100100000001000001000011010011001110
0000000000110101000001000110000001000001001110011011000001110110010001111101110100110101100101011000010110011000000111100000010111
1000000000000001100101101001010000101010001010010100101010100101001001111100000100000000010010001100111101010000110001110000001100
1010000010000101101101000101000000111111100000101010111111010000001101110111000010100101100010101101000110011000010010111001111110
1010110000001001011100001000001010111100100000111000010101100001010010100110100000010100001101000101100010010011100011010011010101
0000110110110100100011000001101001111101100000000110101000001010000001000010100011110011100001010010011100010001011010000101101001
1000110011100100011001000111000000100101100000111011101111110001010010111110111000111001101000001001000111100000001000001001011000
1011001001110010001101100011000011101010000001101001101001100000011010111001010010011010010010111000010010011110100001110010000001
1010101001100011010100001010000001111011111001010010110010100000110000001100110001011001010000110010000011010100101101110110010100
0101001000100110101001000010000100001010001001110010100010000010110000100101100000010100110000000110000000001100001011101000011001
1010010001010010100100111111100100100010000010100100101111010011101100001110001100110101000000100010000001001000010011001101110010
0110100110110100100011100110110100110101000001001001011100011001011101101011000001010001101010100010011000110010101001110000110001
0010111000000000111100011000100010110010101110110000000010100000100100000100000010100100110000001100011100000011100000000010010111
1001100000000001110011110000010010110111110110011100000000100010000010110000110101110000011000100100001010010010100101001000010100
0001010000100001000000000011101100000100000111100101100110000000110111101010100010001010111111010100000100010111110100011001101000
1000010100001101100001111001110001010000000100001010011000100001010001000000100100011110100101000100011000000101101100010010101000
0000010000010110100100010001011100011111000100110110100010111001000001101111001010101001000111001011010101010101110000111011111111
0000110110100100001010101110101000000011000010111000001110101011011000110010010000000110010010110000011100010000100110000001010010
0100010001000111011000011011010110101111001110100000111010011100011000011111000100000010000110010000001100110110110001001010000010
0000011010100010110101001000001011110010001000101000111010110100000010010011100110100001000101000000010110000000111110101001010111
0100010000101000000011100001100011011010010100010011011100100110100000001000100110010100001000001111000111011111101111010011111010
0001101000101100111100100100100100010001101001010100010111110010010111110100110010001000001010011000011110011000101100010100100010
1100001001000111010100101110000011111000000010100101000111100000011001100000011101000010010001000110001000101000001010110010110010
0011101000001000100101100010001100111001110101111011000011100100000001000000010100001010111000000100110110010100010011100000100010
0000110110000011001111110010001000011000110101110100100000000110100000101100001100000110101011011101001010110000001010010011000000
0111101011010101100100001110000010000011111010000101000010001110011011010110010010011101101001110100100100101000001011000110000000
0001001001101101100000100101110101010001001000011100010001110001001110010010100000100010011000010110100110000010011100000010010001
0001010001011001001000110000000011011101001001101001111000001110010100101100010101001000001101101010110000110011110001000110001000
1010010010000110001110001110010011011001001011001000001101010101000100000111101110000100000100001000111001111000000101100000110101
1010001111001001011000100100010111010000000001000100000001010111110000110111101001000000010000111001000001100010000111100011000101
0011010001101100111011001000000110001010010100110111000100110000100011010011101010100110001010101000001011101000001101000000000010
0000001101001010001011000000000001011010010101000100010001110010100111101010001000001000110101111010100110010111011100011100000110
0100001101111001011100110010000101000110000011111111001110100001010101100010000010010010100001000010000000101101101010100100000111
0011000010110101110110111000001110000111001001000101100010000111100001001110100011001000000000011001110111110010111001010000101010
0010000100100101001000101001001010010100001100001110110100101001110100000010110110010000000010111001000100100010101001110100010010
0010010101001111100100010100011100100101001001101001001001011000111001011101110011000001000011000011010110010001000101011110010100
0111010000000110001011000010001001011000000010101010011100001011001001000111010001000110010100010010000100010110100110001000010011
0000100010010101100000100111001010000010010000101010011011101111001000000111010010000111000000110010100110010111000010001001101110
0000001000000001001001011101001011010000000000000100101000100011100011000010000100010011000110001101010000001000100110010000001010
0000000101010100000010100001101110100000000100011000000100001001110110000011101101010110111010000100111000101010100000110101101011
0110100111011100101010001111000001001011010010100001011010111001001000000010100000000011011001001001001011000000000000000101010001
1011101100010000110100000100000000111100010101110111101110000101010111000110100111100110100001011101100110110111000000110100000111
1110111100000101100101011011001001111000111100100000101001110101001010011100001000110110100000010101010010001010101000001101110100
0111000001000000010010010000000111000011011110000101000010001010011100011011100111011000100010100001101001000011001001110011111100
1000000010001101101000111100100010000000000000111001001001000000111000101000000000001011000011011110001100110010100000100011001000
1011000010000010000100001110000010010101110010010000100011000110111100101000000001110011101100010010111000001001000010011011000010
0000011000000010001010000100001000011001100010001011100110110011101110010011101101100000000111000001101011011110110011010000110000
0001000100001110001000010100101100001010110110001010011011100000000000001111000010000001101100101011010110111100100100010100111101
0100110010000000110110001110111101110101001101000010001001100000000100011010001010100010010010000000000101100001010000001100001000
1101111101111000010000000001010000001111000101001000101010101100001001011110101000001000010101100011111011000110011001111000000000
0010010110010110010110110010110101100100010010001100011010011100001000100100000110000111010111001000010011001000001010111101001111
0011001101011010011011001110000011111000001001000110100010100000000100110000001001111110000001100001000001101010000011001000000100
1001000110010101001001010101000001001000110011011010111101000101000000011100000000111111011000000111000000111011100001010000100001
1011110010100010100110001110000111100010000000001100101110101010110000110000011000001001100110101010100100010110110000101100000000
1000000110110000010100010110011001000101101000011001000000100000011101001011000101111000000011011000001100000000010001000101011010
1000010000001100001010101011000110101001000001101001101110011111000101010001101110100010101110100000000000010000011001101001111001
1000111110101001000000001000110010100011100010011100001011111010000010000101111111101001000001001010011010110000100000100000000000
0001010000111100010000000111101000000111000100011000001110100000100000110000110100001010001001000010000111111011000111001000100000
1001001110001100000110001011100100100111011011000100110000100001101000110001100010101001001101100100001010111110001111011001010010
0100000010000101100111101111010001000100100011100000000100010001101011010111001100001111110010010000000111111110100001001000110011
0100000110101100001000101000010110110101101101011101100101110000000010100100001000101100000010101000111001100110100010000001000001
1001110101101110110010110011101011101110001010000000001100110010111100000000001100011011010110000010111000001000010101000000011011
0000110001000111011101001000101001010100000010011010010000101100011010111101000011101010000110101101010101011011000000000100011111
0100000011001111000000001010100101011110110110001011000101000000010100010000100100110110001000100100001010100011010111100000000010
0110001100110110111010100010101001110011010000000010111000011001001001110111000100100101100001101101000000011100111011001010100010
1001101001010001100101011010000011000001000011001011100001101100001011011001000010101100000100000001101000011000010100010011111000
0001010100110010111110111110010010011001110000001101100110000101001100100000101110110110001101100010010011111011110001110001101110
1010011001110010000000100011010000011100001010001000001100000001101001100011011001001110100101011011010101000010100110111001000010
1000000100011011000010011101011011011011011001000110101001100010010111011010010000010000100001000010010010010010000001100000010001
256 251 254 127 117 115 51 49 