75
75
010100000001000010001010011001000101001101000100000001011000000011010100011
001101100001110011000010000010101000110101000000000110000111000111110000001
011000101010000111101110000000001001100011001110101001001001100010011100000
001101011000001101111010011010100000100101000001110101111001001010010000100
111000010100011110000110101011101100000000111100101100000000001110110011001
011000110100001011010111001100010110110110011001010000001110010011011111000
001100000100000110100011001010001000111001010111101000100000100000001010100
100110010000111101100010101100000000001110001111101101101001111110101101100
010001000010100010001000011011111000000111101000010010011100011010001001110
100001001010110000110110001010010110011101111010001111000101100110100100001
101101101111111011001010111100010000001010000001011001101100000000010110010
111101001100100101010111111011111000101010101100011100110100001001100000110
100110011100100000110111110101100001010110001110111010111110011100010111100
010100001000111100000000010010010011011010000001101100100001001000001010110
100001111101000001011110000111110100010110010001000001010010111101000000001
100110101101111000110101001111100100000010001010110010110000101110000100010
101100011011010000000000100001011001000100110010000011110100110100110111110
111011110000000101000000001100111000001010010001010001001000110110100000000
100000000100110110100100011001000001110110000101001001011100000110101110110
010000010100000101111011001111111100000000010011110000001000000110110011000
000100011110100010100010010010011011100000010000001100001101000100000010111
000010001001111000010010111000110011010110111111110001011110010010100100010
100000010001000111101100000101111000111100100110111001000000010100011000001
001010001011010000001101101011000101101010100100001100000000000011000110101
010110000100001111010000000001110111000101010110010100000010010100110001110
110001100001110001100010010010111101001101000111110100110000010000111000001
010000000010100101000000010001001011111000000000000000001110000011000000000
100000011100101100001111010000100001001111001011100110101000101100010000000
000010101001010111101000010001000101111000000101010011000000111010011101100
100100010111111101000101000011110111101110101001001010010001000111000101000
010011111111111000100001110000100011011010010100010100101011000100111011101
110101111011001000100001011010101001000000100010110100000010010000111000010
011000001000000100000010001010100110101100010000100010000011010011000000010
000010110000000101011001010000000101011100001001010100100100010010110101100
100000011100000101000001011010000011101011100011110001001111100000000000110
100101010000011000011100011000100110110001000011101101111101110010001001010
011001111000000000000110010011001010010110011001011000010010110101101101101
000011110011000001001001000010010001000001000010010100010000001000001100010
011000010000000010100011000110111100001000010100011010010110100001100000010
011000011001000101010100100001011100110110000111101010111100000111010111010
100110101011011010100000011000001111001011001001100111100000010000100010010
110011000100010010110110001000001101010000101111010000000000110000000010010
000000010100001010000101001010000001010101011110001100010111010001011010100
100010001100000111001100000011000100010101000110011001101001100110001100101
111011000000000011101011100000110100011000011010010011101110110001101100001
000000010110100111000010000001010101000010000000100001001111000010010100111
001001001001011101100010000101010010101111001010011001110101011000000000011
000111000001011101010101000010001010001000010001101101011000001100000100000
101000001100101001101000010011000011010010000101010101110000000100100101010
000000101011110101000000011011000000100110000010100100111000011001101010010
100011010000001100010100011101101001100001000010000010000100101000111011110
010001001000000100000110010000001000110000110100111000100100000000100000101
010000011100000010000111110000001000100100111010000100101000100100010111000
100111000101110011100101001100100100010101100000011011110000100000010001100
000000000010110010000010111101111001110010100011101001011000001010000101010
101001010010000101010010100010100011010010010001000000011000001101010100110
000000001101010011011000010100100011000000101001001000100100101111110010011
100000001001000011000000100001101001100110000010100100100000111100110110101
110000110000000100001001110001111110011111111000110000000011111100101101100
001010101100011000000101010001011011101001100100101101100110000101000100111
010000111110100000010010100010011111100000101011111000010110000010101001010
011100000111010000011001011010010001001010110100001110000000000010111100011
001100100000101001101010010110111101010011000000110100101010010011001011000
111011110101100001010011000001011110010011111111000000101001000110101000100
010000101111100000101001100010010110000001101110010000110110000010110000000
001010110011011110000000011101010011011010011101100101111011000011101100000
010111110000110010011000101101010101100100110100001100110011011111101100100
111010000010010010110111110100111000100010101110010010110001010011001110100
011001101100010010011100110000101011101001001100110011101110001000101000000
000000110100000110111110000000111100010001000100000000110000000100000010001
011010000100001011001100110100101100101000000010000011101011000110001010011
000011001011010111000000000100010011101100101110001001011100001111001010111
101101010010110001110010011100001000001000001001011000010001010000110000000
101101000101000101010111010010001010011100110000011001100010011110011000000
001111000001001100100010101001000100101000001011010110011100101110000100100
59 65 66 39 37 27 18 16 