25
25
0110111011101011111011001
0110110011010111011111110
1101111010110111001111110
0110111110001110101110111
1111111111011000110110111
0100111011110111111111110
1111110011101110101111101
1111111110110000011111111
1101101111011000100110101
0111110101111011011111011
1010101111111001010101110
1110110100100101101101011
0101011100011111010101111
1111111111110111011111001
1011001101100111011111111
0011110100110100001111110
1110011011111001011111011
1111110111011011011010111
1011011110011100000001011
1111110100010101001011110
1101010110111111111111101
1011010100001111011001011
1110000101011001001010011
1111101111001111011101111
1001011111111111001011101
11 13 7 6 5 13 3 1 