25
25
0101110011011101110101111
0101011111111111101101101
1100011101001111101110110
1100101110001110001101010
1111010111111111001111101
1111011011111110111110111
0110001011110111111111101
0000110110100001111011011
1011010011010010100101001
0011001110011011111111011
1010100110010101111111110
1110011110111100111101111
0110000011101000111110011
0100010001110111110111011
1111000111100010111010110
1011101101110111111111010
1101111110111101111111100
0011111101000011111011000
1101011110011111111001110
1110111010111110011010011
1101011111010101011111011
0101111010000001111101100
1001011111101011011111111
0111010011111111101100111
1111100110111110101110101
10 10 9 3 3 2 1 3 