125
125
01101111111011110111011011101101111001110010011101101011111100111111110100011011110011101101111010100101111010111110011011101
11111101001010000110110100011111111100110110010111111111110111010001111011111100111101101101011110111011110111100011101110000
11010011111100101110011101111101111110111111011011101111111111100100011111101011111101111111010101010111011010011011111011100
11111101111111111111110111011111111110111110100101101111101011110100111110110111111000011001001101001110111101111110110111110
10101100111110011011111111101111101111111011000101100111111111110001001101111101101110001010110010111111110001000011111110010
11011110111101101010000111101110100111111010011110111110111110111111111101000101111111000111010110010110010001111011101110111
00101110111111111100111111011000101111110010110101011111101101110110101011110111100110101101111001011101111000110110100111010
01001100100111011111011101110100111110111101111100101111101110110001100001110111101111010111110110110111101110111101011011110
11011111011111000110101111101111110110011001100011100101011000111111110111111111101111011111101111100100110101101101001111100
10111111111100111111111111110110000001101111101111001111101011011111011110101110111001111000011111111110011100011111111111111
11111111110111111001011111111101010111110110111111111011101110111110011111101111111101011100101111110101001111110011011110111
00101011001110111111110111111110010111111110111111110111001010111110111101101110101111111110101101010110010011101111111000111
11100101110111111100111110111011111101111110110011110000111111100101111010100111101111111111010000101111101011000011011110101
10011101011111101111011101111101111111111001111111101111000111010001001111111011110111111111111011110001110110111111111111100
11111011001110011011100111111101010100011011011110111111110100111111111011011111001111111111111111000011111011110101110100111
01101011011110111010101101101001101111100011010011101111111111110101011101000111110111110011111100111111101010111111111001111
11011111111111111111111011110110001111110101111011110011010111100110110101110111100111101010101110011000110110011111000110101
01011010111011101101111101111101101110110111111010010111011101100111101110111010100101111111101011111110001110111011010110111
10111101111111101111011010011111110100101100001011011000111111111011110011011101011101101010101111010110001011010110100100111
10000111111011011110011001011101111101101111010111100110111001111101110111110111110111101111111011100000011001011001111111011
11111111010010111110111111011110110001111111000111110110011111110011101110111101110010111111110010011101110011101111010110011
11010111011110001110111100110111110101111011111011011101100111101111111011111111111111011010001011111111101101110110101111010
10001010101110001010111111111111111001011111001110111111101111010111111101111111011111111110011111011100111111111110001010111
11111111011011110111110111110111011001111101111110100111111101110101111001111111111111010100011101111101001101100101101010011
10010111101111110001111011111011101110011001110011101000100111010011010011011111111101111111111011111111111111110011100101111
01011111111011011011110011111000110011110011101111100100111100010001001010111110001101000100011110010111111110011111110110101
11001111100111101111011001111111011111111101111001110100111111011110011011111101110101011101111011011010111011101100001111111
11000111111111111101111101111111111101110111101101111111111111001101000110111101101101011111000001101010100111111011111011110
11111110100111011010000000111111100111100110001110010100010111011011100111110100011111011111110111101110111111101011110001111
10100011011111111110111101111111111111001010110110100101110111111011011111011111101000010101110110100010110111110111111101111
11010110100110011111110011111110110000110001111101110010111011011001101111111101110100110111101011110110111111101111011010010
01011101111000111001101111011110101111111111011100111111110011111111101110101111110111110111111111001011111100101110110100111
11010111111111011101001101000100101110001110101110101011111101111011011011111111001111111101101100111111110101101010111110011
11111011111111110011111000111101001111111110110100111010111100001010011110111111111111000111110011011101110111110110110110110
11100110111111101100111111101011111011101111011011111101011110110011101110100110101110101111110100110111110011111111111101010
01001110101111101010110101110100101100111111010011101111111111111001100111100111111100001111011010011001111011011101011111111
01101101101100100100111011111110110110111011001001111110110100110011101111011111100011111011110110111011100110001010010011110
10111101011011111111001111111110111111001111011001011101010111011101101011110111111100101000100111111111100111001101001011011
11010001010110111111010001010010111111101000111011111001111001111010011001111111110010011101111011111110011111101111111101011
01011111101000001111111100100001101101111111111011110111100111111111010101000111111111110111100110011011110101100111110111111
10111111001111110111111000111010111011101111010011000101111110010111111001111111101010101010111110011001111110111111111111111
01111101101111011101100110111111100111110111110110110111110000110101101111010111110101110110001100110011111111111111100011111
01001101101010011101001111001101111111110010111110111001111011110011111111111111110110100100011111111111101101011101011001101
11110111001111111111111011011111111000111111001111101101111000011110010101100101111110110101101111001110111011011110110101001
01111111101100010111010111111101011111110111011001110100111111001100111001111101001101101111111110110101111111010111011011110
10011110000111010110101110001111011000111111110001001101011110111110111010010111101111010101111101011011101100111010110011101
11101011110110100010111011101100101111111111101110011100101111110110101111111111111001000011010011100111110000111111111001111
10100110111111100111110111101111100100001111111111001110111111010010110011111101111110110110010100101011111011110110111001000
00011100101100111111111101110100111110001100111010011100111111111101110111111101001100101001101011100110111011011110101101011
11011010111111111111111011011111111111111110111101111101111110100111101111110111111111111111111011010111110101111101110111111
11111011001010101111010101101111101001011110110011110111110111111011101011011110101001111010011011111111100100111101111000101
11011111111110010011001010101001111110010111100101000111111111001011110011111111011110000110111001101111111101111110000111111
01110011111010111011011010011111110001100011111001111101100111111110110011010111110110011111101100011111011011011110111110111
01111101011111001110011111111111011101100001110011111100111110011101101111111111001111111101001111001001111110010000101010111
11111111011100101100100110001101111111110111011111011111111010100111001001111110011110110110110011111010011110101011011111100
10111011001101110110110101111111110101111110010011010111111000101110001111011011111111111110111111001011110101111101110110110
11011100111111111101110111011101110010011111001111111011111101110110111110101100100001111111111110100011011111000111111101111
00110111110010100010111110111101001111110011110100111111101111101110101110111111111110111111110101111111111100111011001110111
01011101111111111100110101101101101111101110011111100111011101001001101110010101101111000111111010111111110011100101111010001
10110101110110111111101101101101101010111101001111110110101010110100111110111110110001111110111111000101110101111110100001111
10100110100111101100100101101011111111110110101111111100111111111001111011111111011101010010101111110101111011110010111111111
11110111011111000000111111001100101111011011110101011111100111111110110110111110010101111111011011111010100011111110010110010
11100011111100110011001111111011111111100101011101111010110001111011100111001010111110111111111110011010101110111111100100100
11111111110001111101011011101111111111111110111001001100111111110101110101100101100111111011011111100111101101111101010111011
11111101111101110101101010111110110111010111001001101101011110101101010101111111110100100111111111110110101111111111101010111
00001111001110111111000101001111011011001110001110011111111101111101111110011111011101111111111010111111101111101111101111111
01101110011111111111111111111011111000001111011111110010111111101010101111110111110110010111110001111100001101111101111010011
11111111001110100111011011111101111011111010011111001111101111100111110111011111110011011101111110111100111011110101111110111
11101111011110011111001010101110111010111101011111111000111110011111101111111101111101011011111011101101111001111111101100111
01111011100101011010001111111110111001001111011011010111100011001100111010000101010101111111010111100110101000111111110111111
11100101011111000001110101110111111001011110101110100111001110101001010111011111011001011100110001110101111101011001010001100
11111011111111111101111100000111111100011111000111111001101010011111111111100010110111111010010111110010110110011111001100011
11000111011111100101111111111110111111111111101110011111110100101011100101100111110111110110111010100110010111110011101101011
01110111111001101110111111110111110111010001011100111111011111010111110111010101111100111111000111111010111111111101101011000
01100111010001110111101010100111111111101111101111111000111011101110111100000111011011011011101111011101101000110111111011101
10101100110110011101011001111110111001101110101011001111111011010011100100101110101110011111011111001111110110111101100011110
01000111111111100111000110111111110101011111001110111011101110001000111111110110010011101001110011000010011011100101001101111
11110011101101101111111110110011111111101010111011101011011011111111111111111001011100110011010100111101011111111110101111000
01101110111010101101001011001001011100111111111101111110111111111100010010111110111001011111101111111111111001111110111110110
00111101111111111110100111111110111101110111111111011111110101111100111011010111001111110110111111010101111111111001011110011
01101111110011011111111000111111101100111111111011111001100011110000100011111111110100101110111110001111111001111111011111111
01111111111110111101111110011111001111110100000011110111100111111111111110100011111101100111001010111110101101101111101111110
11111011101110101011111001111111011111110111011101111010011111110111111110110110110110101111111101011111110011111010100111011
10111110001110110111110101101110101111011011111111101111100110011011111001111111011001111011110110111111110101111100110001111
11101101101101101111111011000111010101111010110100111110001111000111111010110110111110011010011111010111111111111101011100010
11001011010110101111110000011111111101101011101111101111101111011100111100111000101110111000111111000111101011101111111110111
01111111111001100101101011111110111011101001110101011010111110111101111111011011011111100100111111111110110110001011101011111
11011011011111011111111101101010011101100100111111011111010100111111111011100010011110100111110110101001011110101111101111010
10010110110010110110011111000111111001111100100100000111011010111100111111111101101111000111010101100110101110111100010011111
11011111111101000011100111111111110101101111111011011010110101110101011101111011011100110101101101110111111011111111101000011
01111101110011111001010000111011111111101111110011111111011111110111010101111111111100011001110111101101111111011011101100111
11111111100100100110110111110111111011100101110001001011101111011011101101011101011101111011011101101110111001110001110111000
11101011001011110111010101111101001001000101011001011101111111111001111011011110110011010100111011111101100110101011111101011
10101011011111110110110010011011111111110111001101101101111011111011110010100101111010010101011011110111111110001010100001110
10011111100010110111110111010011110111111111101011111111110111111010110111111111101110001111010110001011110101101111100101011
01111111111001010100101111111101111101010101100101001111010001111101001101110101011011011111101101110111111110111111111111111
10010111101111000111100101111011111111110001101101110111011110101111000111110111111110110110011111110110001111110111111111101
01111011111010011111111100111000111011110111111111110111111111110010101111111111111100111101110101011111101110101110110110011
11101111111110011101101111011111111111111010110011111101011110111111001111011111111010110111101110010011111111101111101011001
11011111011100111111001111111111011110110011111111110101010011011111001011101110001111111011111010110011111110110111111111111
10100101001111111110111111001011101011111111111011110011001111101111111010110100110111010111011111111111100001111111111101111
11111101001111111101111010010101111011111111101101001010011101110010001110111111111101011100101011010101110110111011111110011
10111111111010011010111001110110110111011101110001110101011011111111101101001101010111111111111100111110111111111101100001111
11010111101010101111111111011110111011101011100101110111111111101111110011111000011001111111111110011111101011101010111110111
11000101011011111111110011111111110110110000111111000111111101110111111011110010110000111011101111101000011111111101111101111
10001111110111101111101111011101111110001111111110101111111100111100110111111101001010011011111111011011111111101011101001011
10111110101000111011111111100111011111011101100011111011100101101111101100111010111111010100110100001111011111111110110011111
10111001111010011111110111111111100111110101100010110111101110111101011100111011100010001111011011101011111111111111011001100
01110111101110010010111111011111010011111101111111100110110111111011100100111111110111010110111111010010101110111001100111001
01100011011010011101101100111101111111111100010111001111111001011111101111101101110011101011011101001101111001010111101110011
11001111100001111101111011100001110111011111110111110011100010010101111011111111111101001101011011111111010111010111111010111
01111000111010001111100110111111111110101110111111110100101111110111111001011111110101011111110101101110111001110110100110101
11111110110001011011111111011111101001011111110111101010111111111010110100110111111101011000111101110111001001111011011111111
01101100101111111011110001011111011100111101111000111011111111111110011010011101011101011101011101111111101011110111110110111
00011100011011011011101000101111111111000010001111010101111111001101111011101110011110001110100111111011011011111111010001111
11101101111110110100001111111011001011011110010100111111111111110111111001111000011111101010110111111100011111010101110111000
01111011111100011101010000010110011111111111100001011001111010110111111101110111111011110111010011001111101011010111101111101
01000011110111111010000110110111011111011011111010011100111110111111111001101100111111011000001111110110011100111011111111100
11010110111001000111111011111111111111101110110111111011010011001111001110111111011101100111111010010110110101011101011101111
11111111111100111100001111111000111011011010100111111010101101111111111100111011111001111010110001010111110111110111111111111
00001001101111111001101111010101111101111110001010111110110010111110110101111101111100010111111111111100011101111010010101111
10110011010111110011011011111110110111101011111011111011000111111110001010111101011100010111111000100111011101101111111100100
00111101110111111111111110111111101111110110110011111011101110010101100111001100111111101011110110111111010111111111111011110
10110011010110011100110110101001111101111001100111111111101101110111011101111101101101111111011101010100111100011110010110101
10011111111110011111001101000101111011101111111111111111100101111101011111001011111111011111001110110100011110001001110011111
306 275 309 146 146 155 65 72 