50
50
00110111110111111110010001001111001110001011100000
10101011100101100011111101001111100100001111000010
01011100111101111111110011101101111011001101111001
11111110110111001110011100100110111011111111100001
11110111111110111111000110101111101110101100101011
11010111011110111111001011011111111111011111111111
00111011111010011110111111001110011110111111111001
11100011000111101111111101111111111111011101111011
11111111010011111111110101111000110011111110111010
10101110111111110111011111110101110101110111111100
11100111110001100101101010110111111100110111111110
00011110110101101111111110101100101110011111011001
10111001110100110011111111110110111010010101110101
01110010101100110101111100111110001110001100111001
11011001111111111111011001011011110110101100100010
11111011111100101101111111110101101111101101111111
10110111111001101110101101011001011111101110001011
01001111011110011010111111110110111001011111011100
11111111111011000111110111111111111110010101111100
00110011111110101110111100101101110101111110111011
11101111010100111110101011111001101110010111111111
11011101101100111111011111111111110111111101101110
10110010101110111011100111011111011011101001111111
11111011111001110100110011111111111101100111101101
00010010000100100100111101111000111111001101001011
01110110110110011010111101110111001111110111000111
11110111111101011110101100111110101010111111010101
11111100111011111111010111001100111110101011011101
11110110111011101000111111110111010011101100110111
11010111001010111111011111101010000111101011001111
11111111011010110110011110111111110011111111110111
01101111100111000101111100100110001101111101111110
10110111100001111111101101010111100011111101001111
11100111111110111111000111111111001111001010100110
11011110101111111000110111101111101111010000111101
00000011010111110101111011001101110111000100110101
00111110101110010100101111111111111101011011101100
11100111111001011011111111000110011100101010110101
11011101010111010011101111101111001011111111011011
11000111011111111101001101110100100011011111111111
10111100011011100111111111111111101111101110111100
11110011111111111111111111110111010110111110111111
00010111010111001111101111111111111111111101101111
01111111100111101011011011111100011000111011111101
11111101100111111101000111101110010111101111011110
11111110111101101101100011100110111111111111011101
11101111111110111101111001101010111001110001110011
01111110111011101100000111111111111101010110011111
01101111101111100101101111001011011100101101011111
00110111110101110111110110111100111011010101001011
69 63 87 45 42 32 11 14 