75
75
001010101101011011101111101000111000100000100001110111111011011010001000100
010000101100000111111100100111111111101101110101011101001100010100010100110
001110010110100000000100010000001110110111100001101011000001111100011010110
110101001010000011100101110011101110011101010111000010010101001101111111101
011111001001010010000110000110111010011010001111011000101101100011010100101
111011000000011111111011001001100011111110100010111100010100000010110110010
111001000110000111001000011001001001100011000100101000100010001000110000011
000111010100101110110101100100000000011001111010101010100110011100000101001
110010001111000010001000010110010100101101111100000010001100111111001100001
011100010000001010110100110001111100100100101111011001000110100000100100100
111111100001010111010111010111001011111111011000111100000101100111111111010
001001101111011001101011011111111000000110011010110000010110110100111011001
011110011001100101011000110001000011101100101111011010011111111001101000011
000011110011100101100011111110001010011001000011011111010101111000111010100
101010010001111100110001101000100111101010011111111000010100101000011111000
000111100111001100110101110000001111100001011110001001011001010000001011110
110101101110100101011000110001101100110100101000101000100111010001001011011
101100111001011100011011110000110010100110001000000001000101111111101010010
010000001001000100000001000111000110110000101110101100100001010110001010011
010101000000110001010010000100001001101000000011101000101111101101000011000
100011111110000000111011010010001010000111110100011111100110101001001111110
100010000100110100011110011001011011011110010100011101011110110001111010010
100011011101110001001100111001011011101101100010000101011100001001010000111
001110000001111011111100001011110011100111100111101011000101011111111011001
010111100001100000000110001110011100101111010001110101000010000110000111100
111100011100001111111001000101000101111011011110100101001101010011011110000
011100011110110001100110000010101110101000100111001101011010101010011000101
110011011111000001101000111000111110111110000111100000011011100001000011111
111010001001110100010001101011000011111110111110111011011101001011110101011
001000100010110111010000101100100111110101010000011100111100010111100000000
001100100010100000001001001110000111011001101011010000100011111111101100100
110100100100000001110110010000110010001001000100100111011010111101001000100
001101011001001000001001110111000100111011111100001111010111100010001001101
010011001100101100000000000011100111010010000101101101111000011100011111001
010011100110000101010011001111101001111101100100111000001100010101000001001
010100011100000010001111110111011001101110111111101101110001000101111001010
010110111111101011011111101000000001010000010110000101010100100110011111001
111011101001001111110111100011100010110011111110011010010110100011001110111
101110110111011011001010110001001010101011010100001101100001100110010010111
010010000111010001110110001101011100000101000011100100111001111000001000100
101001011011101011100101100110111100111001001110001000101101011111000001011
010101110001000001011001101011110101001001011110011101111000001100000001101
111010011111111110011101100111111001101110010011101010111011011001101010110
000101100010000010100001111000001010110101011011000011111100001001100110001
000011010110010100001011011000110010100000100000110100000011101010111011111
001010011101101111010100011011001101011100101011111001011011110000001000011
011110001010110000101110101001010011100000100111010010101010111100101111101
111000000100110010100001111111010000101111001001111011101111110000000110010
011011010001010010001100111111001101011100011100110101111010000001011100001
101010111100010000000011110111110101001000000000000100101111011010100011011
101001100001011000100011010100001000101011111001000111111111100000010111110
000101010010010110101101100001111001110010110100001000101110110100000011110
011010000111100001101110000111000100100001010001101111100110100000000110100
010000000100101001101101000010011111110110100111101101101000000101010010001
100010100011011101001110001100000111000011000001010101000101000111011101101
001110101110111110010001101101110111011101000111000110000100100001001010000
011010111101111111011110101011000010111010100111011010001010000010011100101
011100010111000110101110011110101010010110001011000010100110000110100011010
011010100100101110111111111001101000010101010100000010101011111100101001001
000000010111110100000010010111000111111111011111101011000011100010100101010
110011010011000110101111000100001011000000110000101101010110000001001001111
000101111010111001011101000001010111000011010000100000011000110010000111101
000101111101110000101110000010010010111011110011011010110110000001100010100
111001101000001000100100000101001111001000100111111001101000000111111010011
001111000001000111111110011010100000010110011001101011110011001100100000111
000110010110111000101111000110011110110101011110110010100010111010100000000
101111100001001100110111011101101001100011010010011001110001110011000011011
001100111000011000101001010101110000000110100011001111110101110101000011000
110100001001011000000110000111011001111001010011010001011011110100100111011
101111111001111011101010110110001101010000111010001000111110111110100011011
111000010110011110100011011100001100000100110001011001111111100110001000000
001000011111101000011010101000111001111010001001110111101000110001100110010
101011110001001100001110100101100110010101001110000010010111001110110010100
001110001101001100011001100000101111111011101100110100000001011010110100011
001001001010000001000111000111110011000010110110001111101101101100000010000
86 79 86 35 34 50 17 20 