100
100
1110111111110101111011101110011010010011110110111110101111101011110100111111111011100111110110111001
1011011001100101011111111111011111011001111010110101111101111111011100111111000111111011000101110111
0011110111111110111011101101111110100001101111110110110111011011000111101111110010111111111111011001
0000001101111111110001111110111111101000111101111111011111000000101011101110111110111111110111101111
0111010001111101110010101011101111111111011110111111011010111111000110111111010111101111111010111011
0001110110111001111110011011101111001000001101111110101111110010101110110111011011101111010011111011
1110011100111111111101100111111101111110010011011000110111101011011110101111011111011111011101111111
1110011011111111111101101101011010100010111111111000111011011011110101101111101011111110110111111111
1001101100110111111111011001111101111111111111110110111010111010111010111101111101010101111011010111
1011111101011111011111011100101011101101111101000101110110111111111011111101000111111101111010101110
1101101110011001111011110010101001111110110110111111111101010001100101100001111111111111111101101011
1011010011111000010001111101111001111111011101101011111110111111110111001100011111001011111010110111
0010000111110111010111111111111001011111100110011001110011101101000111001110111111110011010011111101
0111111111101001000100001111101110111100110111011010110111001011111110110101111111111111101011110111
1110011111111111101111100110010010010101001101001101101101000010111011101111101111011110010001011011
1011010100111101110111001011111110111111101101111011101010111010111100110001111111111110110011111001
0011110111010111111111111011101010101111110101111100101011111111111010100111111010110111111111111111
1111110111111101111111111100011111111111111011111101110110011101111110011101101010011111110100010010
0010111111111111111011100101010101101101011101111111110001011111111111000111111111100010110001101000
0111111101010011101001011011111111111111010111110111111000011111101111011111101111011010111111110111
1101110011111110111001101110000010111111111110101101111100001011111101010010100111111001111111110110
1111101100001100010010110111110101110011111011101011111111110111111001011111001011111110111110101011
1000111101000101101011111000001101101110111001101011101010100101111100000010101001111110010100011101
1010111110111110110100011010111110101010110111111001110110111111111100101111000101111000001101111010
0011011111110111111011111101101111111111110100101110111111111011010111111110101101110011000110011111
1011000000110001110000111011100100010101111011111111111101101110111001111010011000110111101111001111
1111111010011110111110001010101111111101111001111000101111111110010111110111101101111111000111101111
1111101111101111111111111101111111111000111110010111101110111110011111101011010000101111001111111111
1100000100101111110111101111101100111111111111111111101101010111000101111011111100111111111101111111
1111001111010101111111101001100101111111111011001010100111111010111111110001101101010110101001011110
1111111000101111001011101111000111111111001101110111101110111110000010111110111111111100110010111011
0011010101111111001011011110111001111111001011011011011111011111111111011001010111100011101011111111
1110101001011110010100110111001010111011101101011101011011111101110101111111111111110101011100011111
0100100111101101111000110000010110101001101111011011011111111111111111001010011101000110000101011011
0100010100001100101010010111110111111111111000011100011010111111101101111101110010111111111111111111
0100111010101111011011110111111011001111110111011011111111111110110110100111111100111110111101111011
0111111001100111101110101111011101101101111000101011110111111111111110111110101111000001111101111110
1100111101111110111111111101001101111010110011111111001110111111111100111111011101101100101110000100
0110111101110110111111011011110100011111111111101111111111100111111111110110111110010011010111111110
1011111111101011011110011011111111011110101101011110111111111011001111101001111100111001010101110111
1101010011111100111111110101101101001111011100100010111101101001111111011110110111101010110010011111
1100011011001011111101100011011101101110111110011111111011100101101100111001001001111111011111101101
1111101011011111111011101110100110111111101111010110011111101111111100101000011111110011110010101111
1100110111111010010101111110101111111000111111011101111010111011011001100001111010111111111011100100
1111110111111011011011011101111010110011010111011111111111011110101110011101111110110110111110011111
0101001110111110111100100010010110110010101111111101011001110111101010011000001111110101101111011110
1111101011111001111101101111101000001111100011110111111101011001111111101110101110100111011111111111
1011111000100111010110110101100101111001001111100110111111101111111101111011110011010110001111010111
1111100101110111101111001110001101101101011111111110011111111111010001110110011111011111100111111111
1101111011101001110101011111101110101011110111111111101011011001110001110110111011011110111111010011
1101110001111011110110110111000100111011011111111101100111001101111111010101101111110010101001101111
1110101001110111111011101010111111110010010110110111110111101111111001101110011011111010010011111110
1111101011110001010110111110111111111101011111110111101100111110111101111010101111011011010101101110
1111111101001110110011110101011001101111000111101100111100110011011110101111100101101010110111011111
1110011001110011111111011101111011100100111111110111011010001100011111001111011110000111110011011111
0111011011110111100111110100111100111000110011111111011110111110001100001110110111111111001111111110
1111110011111010100011011101110001011111110101111110110011010110101111110101111001101100101111011110
1011010100110110111110011111001100110011101011011111010011111111011111111011001010110100110100011111
0111011101011001001011111001101011011001110101110110101101111010001010101101011011111110001001111110
1110011111110101101011111111001111101111110001111111111011111001010101010100111111011101011111010110
1100001011011111101111101001111010111011101001101111001101111011000001101100011111011110101011101111
0010101111011011011001011110100111111111101001100100111101111111100111111110001010111111111111011111
0101010110111110110101100010110100100100010010111101101001110111001010110111010111111111011101101111
0011101010100011111100101010101011111111110110111011111101100011111101110011111111101111011111011101
1011111001110101010110101101110010111101100010101001011101001111110111110101010111101011111101011100
1011100111111111111111111010111111101111100011101111100101101111110001000111101100010110111100101111
0111100011011101010111100110010111110001111100101111011111011110110001110111011111111011111000111010
1111101110111111101101010100110101101011101111001001100111111111010111110111111110101111101111011011
1111111111011111011111001111111010110001010001111111110000111101111111000001001111011011111101101010
1100111111010111111011011101010111111110011110111111011111101100111101000111101100111011111100110111
1111100111110111111101111011111010011101111010110001101111001011000111010011011111011001001111111011
1101110111111000011101010100111111100111010011101111011111010111111101011011000101111110110001111001
1010010100101111010111101010011111011101110011110111111101110010110100111110111101101011011111111101
1111111110001100011001111110100101111011011000101101101011111101110101100111110110010111011010011101
1100100011100111111111101101101010001111001001111110110110111111111101101101111111010010011011111101
1011111101011110100100101111101111011111011111000111110101001011111011111011111111111101111001100000
0110111111101011100011111110101101111100110011011111010111001111110000110111111110011111101111111111
0011111011001111111111111110111100011100101010011011001111101111000101111111001111011111011100001100
1001110101110011111101100111010111101011011111011111111101110011111001101111110111011111101101110010
1101110110110110011101011110010111011110101011110011101100111110111001111100001110111111111011011111
1111110111001010110000011010101110110101110001011011111111111010011111011000111111111111001011101000
1111111110101111000101011111100001111111111110111010111001011111111010000101101011001110110011101011
1111011011110101110011100001101110011101111101001001000111101111000111110011011111001111111011111111
1111110101110101111111111011111011111001011010111101101010111111011111111111110111001111111011110011
1111010010011001101001111111101101011110011111101110011111101011110111111101110110110101111101111111
1111111111111111101110110010010111111010000100111101110100010011111111111101110111010111001101001100
0110111010110111101111101000100111110111111011101100101101101111010101111110101110110101110101111001
0101101011111000010111101111111111110110111001111101011100011000101100011101011101101111011101011111
1111100100111011101001011001011011100011101111111110101110011111111111010110101111111011111110101111
0100001010000110000111101000110011101011001001000011111101111111010110010110011111100101111111110011
1001101111111101001110001111101101001110011110001110011111101011001001101110100100111011001111101010
1111010111011010101010111010001100011101111101101101001001001111011100111010111111110110011110011001
0110101010111111111011101010001001111110110101110111001111101111010111101111111100101101111100011111
1111101111101011011101011111111001100111101011100000111101111111101011111001101101000110111111111011
1010001101101110111111101110101111111011111101111111011011110101100111111000001111111101111111011011
1010011001111101111111101111001110001111111110101010001011001111111110111010011110111011100111111001
0101011011110111111011000011110111111111001111101011011111111111111111001001111101101111001010100100
0111111100111111111110111110101110011011011101111101111011111000010100011111001111001111101011111111
0100011101110011111111010101100101011100011111101101111010011111111111110110010001111101110111101011
0010101111101111110110111111111111011111001011111101111111111101100111110010111110101101011110011110
201 176 227 91 96 102 53 52 