100
100
1110111110011101111110110101011011100111100111001000011111101111110101111100110111101101101111111100
1111111101101111111111000111111111011110011111110101000110111001011000101111011010101111110101010111
0100010111100011000110110111110111110111011110111110011111111010011101111101010111111101011111111110
1100101110011100000111101111111101010111110111011111110011011010101101001111011011100011101101101101
1101110010011011010110011111111011110010111111111110101111111101110110101111110010011111111010000111
1000010101111011001111010001011111101100011101110001111001101101111111011011111110001001110111100110
0111110100101101110011111111101111111101101101111011111111011110010101111111101101011101100110101110
1111111010111111111111111110111111110101101000111110111101011111011100110110111111011111111101011011
1001110010101110111111101100110101101111110111111101111011011111111111101101011001011100101110110101
1011111000110101111110011011101101001111101110111111011110001101111110010011101011000011100101110010
1101110111001101011011101101110110001010001111110110111011111111000110110101111100101100010101011001
1001110111011111111111001111011111111111111111011110110101011110011010111100101011101100110010111101
1001111110101110001111001110011011011110001110110101110101111111111011101111111111011110010011101111
0010001111111100101111011111110110101111111100011100101001011111011101101111010100111101101001111101
1001011111101101000111111110111011110111110110111001111011110011101011011111111111111110011011111111
1111111111111111000100111111001101110110110010011110011101111110100001110111101100011110001111111110
1010111011111111110111010111111011111110110111011101111010101010001010111111001101111101101111100111
1110101111000110011111110010000001010111111011101110110000011110011000101111110111111110111111111110
1110110101110101101101001101111100110010111111110101111101110110110111111111111111111011110111111110
1100101111100010011110111010110111111101110111111111111110100011111011110101111101011111011111101011
0111001101111101011011100101101111100110101001111111011011111110010011101110011011101010001011111111
1101001111010001111111100111101111101111110111111110111110100011010011011011011101111111110110000111
0111011011101110111111111101100110111110011110101111011101110111110001110111010001111101011010101111
1010010110001111111111101111110001101101011111111100111110111010110111001011010110111111111110111110
0111111111111101010101011100101011111100111111111011010001111111000110011111110101111000110100110101
1010111111010101100111101111011111110111101001111110110001101101011101011111101111100010110111111100
1011111101110111110110111010011110001111011110101111111011111111101110100111110011100110101011101111
1011010011101101111101111101001110011111110101100111001110101011111110000111110011011110111010110000
1111000110111101101000011011011111011111111110111111101111000110101010100011111011010111111110110111
1011001101111110111010111111100111011010011101110001011001111110110011101111111111111111111101111111
1111011101100111111110110011111101110111101001010111111111111101111111011111000110111011111110101111
0000111011101111001101110101110101111111111111101011011111010001101100011011101000111011101111111111
1010111111010001011011001110010111101111111111001110111111111111111111111111110111110101101011111101
1011001010101011111111111101111011110111001101110011110111011111011111101110011111110011111111111101
1111111010100110111111101001010110011011111111011111100101110111111111111111100110110111011110011000
0001001110101100011011111110101111000101001010111100101110000110110000000100101111111001111100111111
1100111100011111111111011011111110111111111001111100111110100111011001110101010011110111011101111011
0111101110011001001100010111000010001110001111110010011111100110111011101111101010111001011111110110
1011010100111110101001110111101110111111111100101001110010111011011111111111110010111101101101001101
0111011000001111011111101001110011010110110101010111101111111011101101111111011101011111011111101100
0111011111100100010110101101110011011011100101010110001110001111111111100110111111111111011111101011
0101101111000001110110001110111011110011111011111011010011111111100000111111110101011011010111100100
1101010101111100111111110001010101000101111011011110000111010111111101001101101111111111111001101101
1111101111011100110101011101110111111001010110101110111111101000110111111100111100101111111111011011
1111111010010110101011111011010110101011001101101110111100110001011001110110111110110110111111110000
1111111110111011110111110111111110011011001111111111101111011001110111101011010000101111011101110101
0110010111100110111011111010111101100110111101111001010100110110111111101111111111110010010111011011
0100111000101001011111111100110111011011110001111111010101111111101110111101010111110100111111101111
1001101111110010100011110111111001000110110111111101000011011110101101011111101111011111001101011111
1001111100101101000011101101101110111101101110111101111101111111011010110011111111011110101100101010
1100111101011111010101111101110111010101111100010100111111111000111011101100101000110011111110100110
1111111110111010111111111011101110111011110101011011111110100000111110001011111011011111001101100111
1111110110100101100101111110111001110111011111111111011111011111111111111110011011010011011111111111
0010110111111010111101001000001011110001111111111111011011110101001111110110111111111110101111110111
0001011101101110111101001010110111001011001111001001111111111111111101101011101110111111000111011101
1001011101110101110101111111001101011111101011111111010111111101000101111000111001111111011111001101
1110011111111100010111110001110111111111011111111110011011111011010111000010101100011011110111110101
1110110111011111010101100011111111011111011110011011110111111011101110100111111100111011111000011010
0011101111110011111111110000111111111111111100110111110111111110001101000011011011110111101110110011
1111100100111101011111111010101111110010011100111010111100110111110010111011011111111001111110111111
1011111110111110111111101111101111001110111101011011111110001111110111101110111111111011111111111011
1111011101111111111011101011110111111001011001110110111010010110111111001111101111011110111101111110
1110111111011011001111111100000010111111001101011011110011110110110011111011010001111010100011110110
0001111101111101110111111101001011011111011111111110111111110111011101101111111101011111100011101111
1011010101111111101111111111011101100101111111010010111101111011110101111011100101011101111100111001
1110101111110110000101010110111111001011101000101111011111111111001110101101010011110111111101001111
1101111111111110110011111111111010101011101010001011011111111100011110011110101110010011010001110000
0111111001111111010111011111111101001011101101110111111101110000101111101100111111110010111111111111
1100111101111111101101100011111111111111010111110011100011110011111100111011111110011100111101111110
1100111111111110011111111011111110101111111111111001111011111001110111010111101100111111011111101111
1111010111001011110111111111110111111101111111010010111101001100100111111001100111101001110011001100
1110111111001111111111110100011111011101111110110111101111011011111001111000000010101011110100011111
0111111110111111000111111101001111111101101000111111010111101101101111111101111111101101111001011101
1001010111011000111111101011111111111111110111100011101111011001011111110011101111111111001111111111
0001011101111101111011011001011011111101111111011101000001011101000110101010110001110110111100111111
0111011111010111001100111111101111010011011110011110011110110111111111101111011111111110101111010101
1110111101111101111101001100110101111011101001110111101110110111011010011101111111110010110101110111
0001011011101011011011011111101110001110011111111011111111111100110110011111101011010111111111011000
0100011010010011110111110110011011100110101110010011100110111100111111101101111101111110010101111110
0111110101011110101111111010101101011111011111011100000110111110110101110111111110110111001111010101
1111111010101111111101101111111111111011111010110011001001111000111101011110111111011101010011010101
1011101101011111110110110101001111010001101001101101110101101101011111111111101111011011110101010110
1111011111011111010101101101111100111110011101010010011100011110110101001111101111111010111111111111
1110110001000100110111111010011001111110101101100011111111110101100110111100110110011111111011111101
0011111100111110110011001011111110101111100100111111111100100111101011001101001111000110111111011111
1011101111110111111101011110111111111110111010111110101101011111111110111111111111100101011011110001
0001001001011000111101001111100001101010111111111111110110111111001111101110101011100110111111100011
1110111001111101010100111010111110000100101110110000110001111001110101011110011101011110100101011001
1010101111111110111111010110101111111011011111011111110111001011100110110101100111010111101111011011
0011011111111111111111011110101010111110011111011011100110110010001110110001111110111110111110111101
0101011101001110111011101111101110111100101111101001110011111111111110010110101000111011111011111111
1011111011001011011110110110110111110000011111111111101101110110110101101010000101111111010010111101
0101011111111111011110000010111101011100111111011011010011111011011101111101111011111111111110011110
1100101101001101101101011011001111111011111101011111111110111010011110111110110111001101110111110111
1101111101001000100110101011111111100110101110011101111101011111111010111000111011011000101000111111
1111110010011111001101101100111111110011101100110011111011101010110101010110111011101011001110111111
1110100110101111111011011111111111111111110011100110110101111000110110011100011111100010001101111111
1101100011110111101011100111101011010111010101111110111101111111110101101111100100100111011111111100
0010011111011101101111111110101100011111111100001111101111010111011111101101011100111100011100111111
1010010001100111011101111101111010101110011010111101111100011100110101111111111101001001001101111101
123 142 117 51 55 63 25 40 