50
50
10100101000000101000110010000001000000001001010000
11001000101011100100100110100100010001000001001011
00001001000011101011110101010000000010000001101101
00001001101100100111011010101001000001010010110011
00001111101011011000100110001000001011101100110110
01000110001011010010000010001010011000000011011000
11000111000011101001100101100101011101100101001101
11000000010001000100000100010000110111111000100001
00011000001111100000001100111100000001101011010011
00000101011110001110001110011110000000010010010000
00011100000011000110101110000101000001110101001010
00100100100001111000010010010110010000010101101000
01010011100010001101000000100110110111001101010000
10111000010010100100000110010001101100100100010000
11100001111010000010110101000000000011000100010100
00111000000110000011011101100100110010010010111110
00000111101001100101011000000000100010010001010100
10001000111001010010010001101010011000100101000000
01010001010001110100111010100101000101000011010010
01011100110100010000010010011010000000110101010000
10000010000100100010001101000010000110101000111111
00000010100100000011110110000010011010000001010110
11111010100000110001100000001011111000101101101000
10100011001101001000010001000100110100100010001001
10001100010000011010100000011001101110111111100100
11101111010010011011111100111101110000100100000010
00000000110011001001000111100010000110011001010000
01100001110000100100110011000000100010000100000010
01001110011100110011011000110000000101111010111000
01100101000000110010000110000011100010100000000010
10001100000001011000000000000010001000111001110000
00101010110110111110000001110100101011101110110100
01000010001000010000100011001110011000011110010000
01110000100010010000010000010001100100100010001101
01110001010011001000100111100101110110111111010111
01010110100010011100000110101011001000010100000111
10110000100010001000001001011110101000010000000100
01101010000001000100011110010100000100010111110011
10100000000010000000000000000110101000000100000111
00000100010000100101010001110001100011101001100011
00101001010000000000010101010001000010101010011000
00101001000010011000000110010110001001000000101100
00010001111011011011100000110011000101101001001101
11001000000001001100010100111100111110101011110111
11101010100100100001010000111010110111000110100101
10000101000010101000011101000001010110011111100000
00100010000001000110111001000100010001000110000001
10101001011110000100010010000001011001100100010001
00100001100010011001001001001100001001000110111101
00011000101000111010010000100000101111001111011000
46 48 41 19 20 16 10 10 