75
75
101010100011111001010001101111010011111101110111110000111101001111010110111
010111000001110101001110110111010001111011010100101111101101111110111101111
011111001101011110001001111111111100010110111011101011011100000110110011010
000111011111111110100010111111001110100100011110110011001011010001010011111
101101101001111010011010101111111100111111101100111110101011010101101110111
010100101000001100110100011001100110000110110111001001100101111011000001100
111101100010100100011101111111100101111001110111101011010110110101101011111
101111000100101100011101110111101111101011011001011000011101010110001101001
000110011011001111011000101011001101001111011011010111110100110001111111110
110100111000111101101111100111001110101110100100110110100100111110110011001
111000101110100010111010100001111010110101100000111001111110110111011110111
101111011010111000110111111011000010101101110010110000100001110111000011101
011110001110100001011110001011101111101111000101101001000111110001010101001
110000101110110111111110000111111001001011101100101111011010001010011100111
010000111100111110111100111001111001101101101111101100101101000011010101111
101110010101010010110110010111111010011100000100011011011011101100011001001
111000101001010010001111011100110001001100000101001111011111011000010101110
111111011111111010001010111011011001110111111111010001111010100111101000111
100110011101110110110001111010000010100111011001101100111010101111111101110
101111000100001010111101111101100101010011100000011111110000100111101111101
100001101110001111010011111101010101011011001001110010110011100101111111011
111111011111111100111110001000001000100011110100001000111111011110100111101
011111011111110011001010011110111010011111110101111111000111111001100101000
111111111011110011010011100110000001011001111011111111110000101100011100001
110001111001110000100110001001101110111011010101011011110100100000101111110
111101111011011000000110000111010010001011100000011110001000110001101111110
011101001001101010001110111011111101100001110110101011000001110001010110101
110100010110101010101011000001111110010111111001111011111111111011111111110
110100111110111001001110100111111001010100011001011011010010010101110111110
001001010110110111001000111110101110111101011010111101110101100100011011111
100001001001100011101000010111111000101111111100001111111010010000101011101
001011000110111111101111000111111011100101111110010110101101110010110001111
010101011010101111101100111111111101011100111100111001111111011010111110000
001101100001110010000111011000111100001101010011110110110100101100011011110
101111111100001101100011000110111010010111111101011101000011000011010001111
001100111001110110000000111011100101110110010111100110100101010011111110111
100101111110100001010011110111111000110001001100011010011110110101111111111
100011111010111011011101000011011010101110111111110101000101010110010000110
111111111000110011010110110101101011110110010010111001111111110001010010011
101100111001111101100010101011110001101111111101111110011111110011101011000
111100111101111111011101001111111111001111010101010001011101011110111100110
011011100110001110010011111001010111111101101111100000111011010111011011010
011011111110010001111110011100011001111111110110100110011101000001001111010
011100111001111100111001111101110111000101011111110010110110100011111101101
010111000001101100010001111111101101110111110110011000010010111001110101001
110110111111100011011001111010101001011111001110101010011000011110011001011
111101101110011000110100011001110110111011111110011111100010110010010001111
001110111110011110111010110110111111010001001111010111011101001101001011110
001101111100011101110111010010010111011000001111000001000111010111110110110
101111010010111001100011100100111111111111010000111111111000010111011110000
010100010111101110010101000100010010101101111001110101001111111110010111111
110110101111010110011010101111001001111111110111011101111100010110000011011
110011111011101000111100010100001000100000011001010111100011100010101001011
111110110110110110101100101101111111101010100100001110111001111111011100111
011110110010011001001111111111100111001001100111000110010100100100110001111
011111101111100101100100100101111011111010110111001101111001100100010001110
110101010100001110010111010001111011001001000111101101110100111101101101010
100010110000010011101001101110001110111010011111010110100011100011100000101
101101100011111010110001111101111001000001011111101111110001111101000100100
100101101101100010011001110010100100000101001111001111101000001100110001110
001010001011110001010111101111111011111110111000011001000101110111111001001
011011111010111000011111101111111111101011111111101000101101000110111101010
110000111001011110100111011110101100001110010110111111010100101011111101001
000110001101101011101001101011110111110111010100110100101011010101101011010
101101000001110111101111101001011011110001011111011101011110011011010011101
111111110010110111111101101101101011001001110110000001110110111110001111110
111010101111010100001100011110001111100010110110110101111010001001100011110
011010010100111101001010011111001011001111110101101101011110101110001111110
110110001000100011110100101010010101100110011010011101010100001110111101010
101111110101110101111001010010001011011101111000110101001111100001111110101
001111110001001011000011011111011111110000110001111001011111010110011011111
010001110001110111011111111011110011110100111101001101101100001101001011111
111010101111101101110111101011011111111100000100001110111001101100010110111
111111100011011111010001111000100111111101101100110011111000110111111111001
110010100011011111010110111101011111110101010111111110011110101110101110001
53 62 59 26 26 31 16 16 