25
25
1011011100100101101101101
1111010110101011111111000
1111100101010111101101111
0011111011111111010111101
1011111100111110101010010
1100110101111111101011101
1010100010101110001011111
1111001010111110000111010
0101111000011010100111001
0010101100110101011110101
1000111111101101000100001
0101111010011110111100011
0111111011010111001110010
1011011101001111010110111
1111011011010111101111010
1100011101110011111011010
0011010011000011111010111
0111011101110111001111010
1111000110000111010001100
1001010110001111111110000
1001101011011001100111110
1110010110101111111111111
1010100100101011011111110
0110110000010100110010100
1100010010101010110001111
19 16 16 8 10 4 4 0 