50
50
01011101011111101001010001111101111111001011111001
10000101010000111010111010111111001010011100011111
11111110111111001101101111101100011011111100011001
00111111010100100101010111110111101011011100111111
10011011101011110111111111010101100111001111111110
01111111001100110111110001100010111110011101101111
11111111001101010000010111010001101101100101111011
01111111111111000011111010110111111111110101100111
10111110000001001001101101100101000111110111101011
11101011101011011011111101011111101111010111100000
10110110101110110001110011110110001011101111111110
01011001011011010011011111111101011111111000010101
11010010110101111010001110101011001110011101001111
11011000111111010110111111010110011001011110010000
10110010011010110110011101001011111110101010101011
00101111111001000101101001111011000101000111100001
00010110010110111011101101111001111101111000110101
01011111101101011011010100111100111001100010111100
00100001111011101110100000010101100011111001111111
10101101001100110100101111110011111011011111110111
11011110111010011001101001110101001101110011111110
10101001111000001000111110011001101011000010111101
11110010110101011100111110111111110010000010111110
01011010110010110011000001111111010001111100110011
01000011111011011110011011111111111011100001101101
10000110010101110101110110000111111111100111000110
00110101101101011100101000101111110001000111110110
11111110111001011100110010101101001001011000111001
01000000011010111111010000110111101001001111010101
01101110100110101010111011110000111101011100011100
11111111011111110001011110100110101001000011101011
11101111110100100111111001001110111011111111110100
10010010111101101011001011111110011001101110101011
00111111010111010011110111101001111001100101011111
11110111110111010110110101011100110010011011001111
11101111101010101001111011001111100101101111001001
10101001001111011101110011000111100111110101001111
00000101100101011110111100101000011111101000001011
00111001001111111111110111000000011111010111001001
01111010111011010100011000010111011000111011001001
10011111110101110111101110011101111111001100101111
11111101110101101110111110100111000100110110011101
01010010001101100110011011101011111111011011100001
11001111001010001111111100011000111001110011111100
10111101100110000111101001010110011101000101101110
10111101101111000111111101101011101010111110111111
10111111011101111101111100110010101111111101101100
11101100100010011100111001001000110011111111001111
00010110100100111011101111111101011101010100111101
11100011010011111101111100101101010011110010101011
47 52 56 31 30 26 9 15 