75
75
101000110001000000110101001110100100100000010000001100010100000010100001000
000000010010001000110010100011000100000010101001110001100101100011110010101
010001000100000001110010100001011000001011101001110001100100110110010010000
011011000000000000110011010101010000001111101110001000000000000100000010000
101000011000111000000101000101010010110110110010010100111000110111000010010
100001101011111010001110001000100110000010011000101100010000011010111001010
110000000010001111101011000010101100000110001000010010101110100000010000010
011010010001100010110010100010100010000010000111001001010110011011101001110
100111000100100011011111011111100000010100000100111110010001100101010001000
111000010010000101100000000110000001010000010110010000010101000000100001100
110100010000001100001110011110001010001101010110101011101110101110100010111
001011000101011010101000001000101011001100101001001000000110100110101100000
010000011000110000011110000000001101101100010100111000101000100000100110110
000000010110000011001001000010010011101110100010011001000100110001001101100
000101011001010011110110001100100101100011000011010000111111000000100010000
100010001001010111110010000001000100110101011001000001001010011000101000010
100010001110011100111110100000000100110010011101110001010111100010100100000
000000001100100000111011000100000011101011010000000111010101110101100101110
010101011101011001101100101000101000010001100001000000000010011110000100000
000001100000111100110000100001000010010000000011000101100011000101001110111
101001011010000101011000010110010000001000110001000001101001001100100101011
000000101001011110100000100010101010111110011000100000000001000111010111100
000000100000010100101101100000010100000011110010001000000011000101100100000
000111110101000011110100010110010000110100110100000000100011001010111100110
100000000010001000100001100010001110100100011000001000011000000000010100100
001110100001110101111110010011000001101010000000100000000100001000000010110
000100000110111100110100111110000001101001111101000001110001101011010100001
101010001000110110100100011001100100011110000110101101100010100011111000110
000100000001110010100011000001111001011101010001100001111011100100000111001
001010010110000010001000101101111110110001110000101001010001111101110000100
101010110000010111001001000010010010000101010101011010000011001000000001100
100110000100101001001010000100001000100000000000010000000010000001000010110
110100010001001000010000011001101001101101101010101100000010010100100111110
110000001010010010011000111001101001100100000001000111101000010001110000001
101000110001100110000000001011100000001011100100000101000010110010000000000
010101110101110100111000111010000111000000110010010011000100010100000011100
000000010111000010011000110001010000001000000000100100000001100000010000100
100101010100000100000100101001000011000000010000011010110001001101010001000
111010000010011000101000001100000011001000111101100111010011010100101001001
101011001110011111000000001111011001001000011001110010010100011100010001000
000011011001110001010000110100110110000101100010110000001100001101100010110
000010100011010100111111101010010000000011001111100011110100011001000100000
101011010000010100010101010100000111010101000000000101110101010010100100100
110000010011001000001001110000000100001010100001010001000011010010110001010
100000000110011100111010001110000001111001010100001010011001000011101111010
011010011000100101000110011100011001000010101001100001101110100001100001001
011010100001000000100000100011001000001011010000000011110010011100001011000
110000110101000010001000111110010001011001100001111110100100110010001001100
101010101100100000000010010010000000001011000100100100001100101000100100010
001000100000111000000100000001000110000000000001000011001001000001010100010
010000001111010011001000100110001011000011110100001000001100101001010001010
101010010001010110110000101000000000011010000000000011000100100001100010011
101000001000011001010010110001110110111001000101001000011000010000000001110
101001100000001001111101000001010110100000001100000000001001100101110001000
101001100001010010001111010100110011010111001000101001101000100110010101000
010011010110000101111001101011001000110000010101110111000001110010110000000
000001011010101000000010000001101101000010111000010001001000010000000010001
010010001000001001001000101011000010001111100000100001010101010101010100111
001100001110100010001000001011000010000001000010110010011010100101001110000
011100000100101101100100011100111001011000110100000100000000110001001010100
100000001100000100111001100100100010011000001010001000111011111001000101010
001101101111011010110011000001001000000000110000010100010000110010100000111
011110001001000000000001000000110101101100101101011100100010001100101011100
000001110000011010101000010010011001000001101001010000101011100101111001011
010101001010010010000000001001011000101000000001000101110011011100000000011
001110010010111001000010001010010010100010111100101000000001100001010011000
000010000101100100000101010001001000100000100000101110010000101000100011101
001000100000000110110001101000110110011000001010010000100000001000100000011
101001000100000100000100011111010010000000110101000000010010000001000011000
000010000001001010101100100011111000100011110010000111000010100011011111010
101100000000000010111111000101111000000111110110010010011000110000110110001
010010000100001101001000000101000001000000000101110101000010011011100010111
101100000100010101110101110000010000000000000010100011101000011111010111111
010000000010011001001000110110111000010000000010001000000100000100001111100
000111010101101111000000110000010100000000000011011000000100111100010111000
61 40 44 20 27 27 16 11 