25
25
1111011111011110110011011
0000010000111110110100010
1001110001111000011111101
1110000111000110101011111
0110010100000010100111001
1011000101010000111100011
1010001000011000000010111
1010100110101000001111110
1010001101101110001001101
0001100001101101110010010
0000010000100000111000011
1111111100011111101100100
0100001001011000110100001
1100101010100001100010110
0100110001001010101010001
1101100011100010110101100
1111001010001001000010111
1011000110110001000011010
1010010101011001010111011
0000110011101010100100011
0010010100010111010011000
1101000000110101111111101
0010000110000110011001000
0100101111010111001110110
0011100110010100111001101
8 2 3 6 3 2 4 5 