25
25
1101011111101001100100011
1101001010111011100111110
0011010011101111111001111
1111111110011110111111100
1100101111011011100111110
0111110111001100111101101
1110100111110101110110110
0100011100110110000010111
1011101111111111111101111
1010111101011010100011101
0111011111110110111111111
1111001101101111101111110
1110111100111011011111111
1100111111111100011100111
0111101111001111111110101
0111101111111011010111000
1101110111110011100101111
1110110111101101011100011
1100110010011111111111110
1011010101111101111111101
1111011011101111101011011
0101111100100100111111011
0101011101111100001111111
0011111110011101111111111
1111110101111111111111110
18 22 12 11 8 5 2 6 