125
125
10100001010101011100011000010101101011010010101100011000110000011101101010010001000011110111101111110100011001101010010111000
00100110001100110101110100011000001000101011111001110110110100000000001000001111101000010101101010000011101011100010101111001
10010010110011100011001010010011101100101011001000100101000001001000011011100110000110000100010110100100100001100101110111101
11110011111001011010011101110010111111111101100101100101010101100110011010111101110011100000101101111101101100000001111101000
11010011010110011101011111110101111010000001110101100100100010101111011011001111011110001101000111100110011000001101001101100
10010001000000100000010010101000100001110111111001010001110100000001100111010000101110101010010010001100010001101101010110010
00111110110111101000010110100101001011110000110100010111100100101010110111011000111111011111011000101011111100101001111011011
01010110111111111011011111001010100011011100101100001110110010010100010011100011010111111001111111001111010010010100111000011
11000000011000101100010110110101101111010010010000100110110011001110111110110100000010010111010101101111011100110000010011011
01000111111011001101101101010000000110100001000110001101101010111100111100110001101101000100011101100001001111100011110111001
10010011001011101001011010000001000010011111010101010100000111010110001011100001001001010001111000110110111001111111100111100
10010101000011101111001111000101111001101110010000110011010010001011010011101110010101001010100111000100111110001001010100100
10001101101000110011101111001011001111111001001000110100000000101100100100111111100011001000110100001111000011100110011011100
01011101101100001101000111010000110010010011111000100001110110110011110000001101001110010010010001000001010001000111001001111
10010111110011110111000000111011101000000101100010111010010110101001010010001110001100110111100111100011101100000111111100100
10110001110011010011101010010000110001010011010100110101000111011100001000111111110000110110000101110000100011010101110101000
01101010010101010110011110010000101101101001010001000101101110101001010011100011011101110111000011011101100100011101110010010
01010101001011100001101000110010000111101111000010000101100111101011011111011001110101000001001001000100101000010010001110001
11110011101111100101011100111000000000110111101001001010101101111111100101011000100101110101001010011011100011101111001100011
10101011101000001111101010101000011001011011001001010111100100111001100011100011111110110101000111110011010010011100001011001
00010000101100000111101000101101111001100111011010111100000000001010000011000010111101110000101010001111011111000010011011100
01100000100101111001101010010010000010001001101101010001110101001011100100111111011101101000001011111101101001000101101001100
00100101100011000001101110011110111011100001101101110111101011100111100001011011011010110110001000011101101101011110011001101
00010100110111000001011001101111010101000010001000001100000100100110000010100100001000111111101000100011001101001110011010100
10000001110110101101110001100010100001001100010011110111000001111101101001010101011110011010101010110111101101001000111011001
00111000110010011001010011011011111010010001100100011000110001001010011000100110010101110110110010000011001011000011010010000
01000101110010010101100011001010110010001000101101010110110000100010111011101001000110001100001001101011001101010110111111111
10001111101110001011101110110001010011010101101010011111001110100000000110101011010101011001000010111110110101111011111011111
10100100111101001001101110110000100100011001010011011001111000010001101111000101000111010110100100000011001101100111101010110
10101000010011111001011000010101010101100111110101111101100100010010101010111011101011111001011010100011010111010110011010010
11010101110011101010001111111110011101100000001000101101100100000011001011000101111010010011011000100000001100010110100101101
01100100011011111111001100111110110001000110001000101000101000001101011010011101011010010101101101001101010110001001011110111
00111100010000110010111000010100100010111101011011111101101100011101001100001110101101101010010011110110001000110000110010011
11010000010010000011011100001011110110000101110000010011111001111111111010000111110101100011110000010110110100001110011001111
00110001011001100000001000100001111010011010111110000000010101100011001111011101110110001010111000001000100000011111011001000
11011010010100011100011101100001001000011010110101000011011101000001001010110010101001100011110011001101010111000110000000000
00110010010001110111001010101101111100001100001111100110011101000101010111100011100010010010101001101001100100111010000010110
10100101001101111010101100110001101110010101000000000000110011011010101101100101111101010010001110001101011101100001111000111
10001000111100000100011001110011101000000100001010010000110100011000010011001000110100101111000010010001001110110010001110101
01000011110001101010001110110000111101101010100000010110001100001001110000011110000110010000011111011101011001100001111110011
10010010101010100110110110110011001010011110010111101100100000100001011100101000011011111111000000100000101111110110110100011
01101111111111000111100100010010010111000010001001000101000011000011101001001001100101100010011010011011101110111000111101000
11011010110111101111111100110101110001100111110100001111110110010000000100001000011110101011111011110111100010100100000110101
00100100011011110111100111001111110011111001011111000111010111101101100010101111000000111110010100000011110001111000101001001
00100100111000001000000101100101010001011010000001100100001110110100101110001010110110110000101010001111000110010011011101000
00000011111011101111101101010011111000011000000001110001000110010111010100101011010001001100011011000010101000001101101111111
11011010111000001000110001010001111000110000001110000011000101010110011010100011100000110100100000011101100001110010001001001
00000011110010011011001110011011000100010011001101001111000001100100111011110010100111011111000100000101001011001111000001111
00110001100111110100110111001110111101011001100000110110110110011101100011100110010011001101101000100011010001011000000110000
11000010001111110111100010101010111000111111000110011100110111010101111001111001001110101010011011000111001101100011011010000
10011011011110110111101010000001101101100100000100110001110101000011011000100000100101011111100101000000001110000100111110010
10000100100010001111100101111000001010111111001010100001010111101101110001101010000111110101101100010101011001100100001000010
01111011010001011111101100001101101010001111010000011100111001011111001110011010111110000010010111111011001101110111001101111
01000000001011011101001110000111111001000110000101001110010000111110011000001111001111101000111001001001000100111000110010110
10110010011110010001110000100111111111100001010010001000111000111001011011000111111001011010110111011001111000101110111000010
11001111000010111110111001011100111010111001100010001110011101010001100101001100101000111100001010111101101100001011000101001
00010010001101100000001010000001101101100001011011000000010011111111111110000111010011100100000100111100111110101001110011101
11000010101101100100110010101101010011001100010010010100100111110001110000110010111010110001010011111000011010010001111011000
00001100100010011011110001000001111010111111001010110111000011101000100111001000001101011101111101011110101111111001100100001
00100000110001111111001011111001110010100110001100110110000000001110010111101110001110100100000001010000001111111111000010010
00100000000100011010101101111000111110111001101000101100101010000101101101101000010110100001110101000100001111100101110101000
11110011100101001001010100011010101101000000110011001000001111101110101110100110100001011001000100001010100111100100010100110
10010101111100111100111011000011001100000110101011100110000000100010101001001011100001110010101110100001111010001101011000000
11110010100001111001000101110100000010001101111101111000111001010010000100111100000000001011100110000010111101011101101011100
10010100011001011101000110010010110110010001101101111110001110100101001000101001001011000111010110111101101101011001001100101
01011101110100110001001101111001010011111101001011110100010100010110111000110111100000011101000110001010001010110100011000010
10100100111011000101001001001001001111100010010110001001100101000000111000001100010000110011000100001011001110010111011110001
01110001111011111001110111110101100000001011000101101111100010010001000100111110001101110110010100011101000001110110110010111
11111110111111101100101000001100001111001011011110010001011001000101100010011001001101111011011010100001010110000011100001010
01110001111110100001111101100110111001010010101110001001011100011110101111111001000100010111001000101100111011111011010010010
11100001001100111011111001011010000101001000010101010000100011000111001000011011110111001000100110111010011110010001010110111
01000110001101110010101011000000001000001101011001000101110111010001000001010100101010010001000101001000100100111101110010101
11000100010001010011011101100010010010000101111111101100011111010111011001100010101011111101010111001110011110100001000100000
01110100011011111010000100000010100111110001100100011001000111100110100000011011111111010001101100011100010111101110011101011
10010010111101111000010010000001101101000110110110000101001010101011111100110000001000001110011000000010101010101001101101011
10111101110000010101101110110011110100110000001001100101010010000111000111110100000111000010010010011111110001101111000111111
11000011000001110000001100000111010000001010111001100100100111001011111110100110001001000001001010101101111111101111010110110
10010011110101111101100110100110110111101100111100001101100100101011101101111101101001011101011111111110001001100000101111111
01000011000010000100111010111001101001010000110110101001111100111110011010011100010100010001111110100010110100010000101010011
10100100000111101100000100010000100100100101101010111100101101000001010100111011010001111110010001110111101110111101100100101
00110011110011100011100010010011000011100010011001111001110001110101001010100111000101111010111111101000000101010100011011000
11001110000100101111010100011100011111101110001001000100100110011001101010010010011100101101010001011110001111110110110110101
00000011001000001101011100001010011101011110000100100100001100111011011100000111011011011011110011011111110110011110100000110
01101100001011000000110000100100110001000010101111000010100001110001110101010110111111000010100100010111101100110100100111011
00001011111110110010011010101011100011101101001001110010101101111110100001100101100001001001001011110010001110111101000010000
11001110010011111110001010000101010001001100000010100101010100011111001000110111110110101100010001111010111101111000011001100
11010011101000111010110011101100010000111101000101000110110110010010011011011111111110101111110110100100001111010000101110111
10110010001000011111110000011011101011111110101100101100011101011110000100111001000011111100110011010000110101111111001100110
01101100001100101000000110110010111101001110011101111100000101001001110011110001111000011100110111111100100110000101110010111
00101101100101000010000011100010001010110000100100111111110010111111000011010100000000011110101001111100100101001000111001011
01110100000101000111100100000000011010100001110010010111111111100110011010001000101101011111011111100110101101001000100011011
00111111000100101101101011000111011000100000111011000101111010100110101110001111101001101010000110010001011010000000101101110
10000010011111111100000011100000111010000000001100100010111001110010000000101001010001100100011100000110011111001010110100101
10000100110101111011010110000111000010001001100000100001110101100100010110001111110011111101111111000100001101011110010100110
10101010110001110110010001010100111110010111001001010011100010001100010010010100011101000100010011000010011101111000010010000
01000001110101000100110001100001000010100100011101101100000010001110011010001011111110001100111110100010111110010001110111111
11010000110011011010010011011010001000010111001011100000100100001000011111010110010101001110111010101101000010000100010000001
11011100011100011111110100011110100100010101101100100101110110100100011011010101011101001111100001011111100001011001100101101
01101111011000010011101100100101101000011000110011101000010010101111101110000100011000110011101000110101100000010010100110001
11010000110001101100000001001010101111100011111111111011001111100001010111011000001011001100100100100011111101010000110001010
10010000100011001111000001011100001000110110100000010110100100100100100011001100101011111001100010110101010001101010011001111
01110010100010000000110010110110000101100100000101100001000111010110011000000111100110110010110111110011011001110000111100011
01001111101110111011100111010001011100100011011101011000000000111011101011100110100111011000010000111100101111111011100101101
01101110101111110010110010010000010000110100010111001010111111101000101100011010100000110010000000101010011110110011100001100
10010010010010110111101100100110111001100000100100000011011110101001010000111100101000101101010101011100111010100101000111101
11111001111111010000011100101111101011000111101100111101011110101110100100110111101101011110110110100111011110110111111001011
01111000110010101001001110010101111110110100100100111111010011011001110101011111001110001011111110011100100001110001001110011
11001010101011011111000101111100000010110001101011101011000101110111000101101010000111010010100000001101010111100000101101110
01000101101111001011011101111010010101011010111110010100001110001111001011001110010101000001000111000101010100101010101110111
10101000110000101000101000111110100011111000100011000100100011100110110110000010110000110101100111011011001100101001100100100
01110110011001111101110101001100010001101111101110111111110110000100101101001111001110001011101100110101001100000110111111001
01010001100011111111011111100111000001010101010101100011110111001111111101011001000110010100101001101100010101000100100111111
00001011000111001110000001110110010110100110111001001111110101111100000010110000111101111001000111100101100110101001111100110
01011010101010100100001011001010000010100011001010010111001001100001000000011010110101011111111011111011000010110110110110111
01001111110100010111111110000010010011110100110010011011101010111011111111000100111101101111100000010110010011001010011101011
01110101110101001001010100000011001001001101101000000000010111010011011011101101011001001001001100110110000101010001101110101
00001010000001010100110110111100000101101101001100101110110011001011110011101100010100011111110001100111101011111000010000001
10000110100110011001100001100100011000011011100100111100000001100000001011010010111011001100010000111011111101010010111110101
01011110110011111011110000010111100100011010011111110011000101111000101101110011011101100101011100100110010011110100001110001
01001000100111100110011001111100101110010101101001111101011111111001111111101000010100001001111010010101110001101110010000110
11111011110011110000111110001110111010000110111111110111111000001110010011000100101000010100101001101000010111101111000100100
00110010001011111111000110111101011000101000101000001101110000011100111110110010100100001001010101100000001000101100000001101
10111111010101111001100101001101010000101000010100011000101110010100110011011011010111010100000010010011011011011001101000000
01000101111101111110010010111000100101110110010110000100111000110000110011011111111010001111010010111111111100110111110011000
01011100111010010001001111001010011010010001011101100010011001111110101101011111101001100110111100110100100110111010100011100
204 199 206 123 98 115 45 50 