125
125
11101110100001100001100001000000001101000000001000101100001000000000100011111001010000000011000000000110110011101101001010001
10011011011001001011110110000010101000000001111011111001010000011100000001100110000110111111011011101111010010110001111100000
11011011010010111000011011100000011001000111000111100000011010000000000001101011110000000001000010010100010111101010010101010
00100000110101111010110010111000111101000010110100000110001011001000110000100000111000110001110110000010010001000011010010000
10001001100100001011000010111000100100100000111001001001111000011101001001001100001001100100010100000100100111000010111000000
00001000000110011000111001000001000000011000010100010010001111111110110110001100001100000010001110100100011010001100101111010
00101111010001011110101000010110100000010000001100110110001001001001010111000100100011010010000001001000010101101101100100001
00000000001000101110111000011110110000111100010000100010010000100101001101111010001011011111101011000010101111001000101010011
00000000010110100001011110101011100110111110110001101001010010000001110000011101001111111001100011011000100000000010110101111
00100000010100011000010001011010011100001000001010100110000100011110110110011010101110001010111010000100001010011110110110101
10111001001110010100011100101001001000100010010000011010011000011100000001010111000010110000101011110000110000011011111101110
01011101101110111000110111110110000111100111111010010000000010111110100000110100011001100010101000100000001001000100111101010
11000100011101110010010110111110111100111000000100010010111010000000100000001010000001110000000000010110000100100011100011110
01101000010011010000000110001101011001110000011100000100011110100101100000010011110111011001101001001100110010110101000000000
10010101111000001100000100010110110110010101101101100000000011001100000001100011100000110100011111101011111111000110001100010
00100010000010000011100000101011000000001100011001000001110000010110000000010000100000101010011101000001000101001011110000110
01011000100001001111111000100010100110100000000001001101011101100111001001000100111011001100110010000101111000000011110100010
10010001110100101101010100101101100110100001100100001000000110100000111001100011000101001110011000001101100101001011101001000
01000100001011001000101001010000000011101000110100000100000110000110000100000000001000011100011001001010000010001101100000001
00000111000100010010010001010110000000110010010001101000010110000000000010110110000110110000011111000001111000000110111010001
10110100110011111111000000001011010000001000110111110000100110111010100100001101011001001000100000010000011100000000100100000
10101000000001100101101010100110111110100111101000101010010000111111110111101000111101000000001000001101010001011001111011101
11001101101001010100001010011010001000001010010000100001011101100110111110000010000100001001100001010101000000000101111111001
01000001100110010001100001000100000101101000000101001001000110110011010100110100010100001000100000000010001000000010110011001
10001000000001010000000011100011001001001010100000111011010001100100000100101100100001010000110001101110001111001100100110000
10010001111111101011111010001100011110100101001100111001111100000010100111101010100110100000010000001100000110001000000001100
00001000001000000100110010001001110010001100000010111010111001100101100011100000000001001010001111000011000101001001001111111
00100011011100110010000101100111010011100001101101001011000010000000101001101001001000000001010111010101101000001000000000001
11101101010000000011101001010100000000110000000001011110110001111010010110011011010000100000110100001010011000001101110001111
00000111100010111100100000000010000000010101010101111001010101100000101011000100100001010100101010000101000000011010010000011
11000000001010010000101000110010000010111000011010000101001010001001100111111101001100000111011001100010000010100001001010100
00000010000101111011100000100011000000000001100000110000001010011101111000100010001000000111111101100000100010000010100100100
10100011001001110000001010010110001000011011011100100011001010101110100100111001001011000011100010000101100000000110000110101
00101010111101101011110101100001101011001011010101100101010111010001101001100001011010100000000011010010011111101001101011101
00010001111000101001100100000100101000101000110010010101110100000010110101001110010011100111010001110010000100001101101100101
11100110111000010101011100110000010101101010100101110011001000000100001000010000001100111111001000110000110001001010011010101
00000111000000011000001001111010011010010101011000000001111100100110110101000000000000100111001000111011011000010010000111100
10001011110010110000110001000000010100011000001000101110001010001111101100111110000111010000010011010101010001000100101110100
00011001100100011010010011010000101100100100000110010101000111000011011001000101000000000011101000010000000000000101101101110
01001000000011100100011100000100100010001000100000100011111111001001001100011101010010000001110010010011100111011101000100000
01100100001001000111011001100000101011001001100100000100011001010000000001100100100001110011110000000000000000101111101100110
10100001101000100100110011001000001111010100011010011100000001100011010111010000000010000110000001100010100101011000100111010
11000010111000100101011000001001111110000001100001101110011001010000100110100011000110101010000000100100000110010000111100001
00001001010100110001111000100011110000001001100000000111010011100010100100110010000000001100010000100111111001101001110111100
00101010010100010100101001111010000011011100011101100000010000101110000100000000000000110110010011111010000101001101011101101
11000010001100110000011001110011000111010101100001010111010010010001000001100110111011110001010010000111100001000001101001101
00001000011011111111000011001001001110010110000001010000010000111000000000110011001001011000010100010100011010000101000000101
11000111000001111101000000000001010000111101000000010100100011010110010010001101111111000000010010111110000110000001010111010
10000011001101110001001010001100000001010000000110001011000111111011100001010000001110001110001010100011101111000000000011001
11001011000011010000000100000001010010010110001000010010000101110011000010011001010100010010001111001000101110110000000001110
01101010000001101001011010000010000111100100001000011010010001010001000001000110101110000011001110100000010001111000000010110
10000011000000101100111000100110000101111101010110000111010000010010000101110011001001010011001010001110001100101001001101110
00110010001000010101100101110001101111111111101101000011101111110000000111011011101011001000010010110001011011001011000111010
11110110000101010011000111100000011110000101010111010010000000010011111000010101010001000000000011000010000111000011010001100
10101010000001110000101110010001011000000011010000101110011001010001101000000011101000010000001100010000000001101100010010011
00001100100010101000011010101000100011111011000100010000110001100000000010101000100101000011010010000110101110010001110110000
10000011110011110001101001000111100110111101011010001011011010011101101110010001110010010001001000001011001000101000110000100
11001010011100110010001010100101001001111000011011010010100010010000000100001100100100010000100011000000000001101101000001000
00000100100000011111110001001100100001110001011001111001100010000010111010011011010000000000011111011001100000010010011001000
00101000011000000010110011100001000111111100100100101001010010010001101001110010010110101000000010110100000100010100101101110
11100010100010101001000111000010000000000000110100011000111101111011010101011000001001010111011000000000110101011000111101111
00100101110011001010011110110011010101000010010011010100000000110001001001110000100011110000100101000000011001000000001000100
10101000110101000000011110100000100100100000101101110010000101001010011000011010011110100010010000100010110000100011101010001
01111110000111000111000110100011000000001101001110000100001001001011000110011010111111110000011010010111000001100011100111000
00101101000011001010000001000010110000100001111000110100000110000000111101100111001001110010000100110000000010011100100100010
00010010100100010001000001000101010110011100101000101001111000110010000010000000110000111011110001100001010101011001011001010
00100011110000010100000110011010100000110111001110111001101110100100000010000000000111010100000000100010000100001010011001111
10011110001001111011010011110000001000111110000000100101111110101001100100000110100101000101000111110001001000000001110001001
00001000000010010110101011011110000100110000010110001011001111010001000100000100101000000011011011011111000100010111001100101
00100111000000000110001010010111100101011001110000110000110001001101100110110010001001100111110001011100010010101010000000001
00000001011000100111100110110001010001000100110100001100010110000010111011101110101110100000000110010010000010001000111011111
01000100001111100010100010101001000011000100001010100101100000100001101110100111100000000100100100100011010100001000001000011
01001011001111001100111000110101100101110011100101101000100000001010000011110001110000001010011110001100010001100011110000101
10011100000011011011110000110010111010100010000101000000100101000001010000000000100000100000001000101001000111011101010100010
01100101100100001000110100001000100001001100111000011100000100100101010001010101101010101010001011100001001111001000110010000
01101000001011111000101001000001100011000100010100101111111110110010010011010101010011010100011101111010100111101011110000000
01001110001000010111001000010001001111011110100011011000011111111110001101000001110110010010000100000110011001101110100000111
00000011001001001111000001101001100010011000101010000001011001100010101111010000010001011010001010101001000000001000101010001
00100001001101110101001001010100000001001001111110001000100100010101000000000100101000001110000000101110100001111010101000111
00011110010010100111000101011000101110000101101011001001010111101001011011011101000110100010010010001010000010100000011000000
00011000001100010001011001000000011011010001000100000100111100010001011111001100110011011010010001110000011000000000000000110
01100110000010111011000000000010001000000101001010011101111000001111001001000001100111101001010001110111110110110000110110101
10000010100100011111000010011010001111111110111010000101111100011111001101000000001110000000010000110001100110000010100111010
10011000011000011000011001100100011101010000010010100000100000010100100000010010000000101000110011111011110000000001000110100
10011110010000110010000001110011100110000000000001000001011010011000010100011101000101100010111001000100100111001000100111101
11001010111110001010000000010011011100100000100000110000101000010100000100100001110101001000110000000111001011101100101010111
11010100000110001011110001100010000000110010111000000110110111110111100101010010001010011100010000100111010000001001001010101
00000000000111011001001000010111111000011011000001001010010010011101101000111000100100010000000110100101110010100110101010001
11000100000000010101000000101000010100000010011101101101101001010011000110000111000000000001010100100001011000000100010111101
01010100011000010110000001011001001000001000001001000010010100010100010101011000011110001101000011110111110000100001010010101
01101100001111100000001000000110001010001011110000101100001100000001111110011001000000100110000101001000101100101000000100010
00110100000110100000100111001110100000101110010100000111100011101010000111000101100010100100100000101010110010000100000101111
01100000000000010011101000001010111100111111000000101010100000100111100000011000010111011010001111000001101011100010011101101
00100110100100000100001001000100100000010011010001110111101110111000011000110010000101101111110001010001110111000000010001110
10000011100011010000110101000111000100000000000001000111000100010101110000000011000001001111100000001001010100011011011101010
01000001010100010001100010011000001110011010000100100010010110110110000101001100010010100110000000001000000101001111000000011
00001000001101011000011010000001100001011011110000100111010000000000000111010000001100100000100110111011000001101001110101100
00010100111100010011010100111000000010101011101101100000000010011100001110100101100100001001001011000101001001001000010000101
01100011011011000010001011001110011110100011001010100001010110001011010001111001101001010101100100001000001010111001000000100
01010001101000010000111000000010010000010101000000011010111011111100010011001011110000001010110100101000110010110001000110001
11110001011100101001100001010110010000000100001000000110010110001100000101001000000101110100101100011101001100010000000001001
01001001001101000110110111001010000010001010100100011001001000010110110000110110100100111111100010111001000010100110001000111
01101111001000110111100100110010000000010011100011000000000100100110101010110000110110011001010101010100010100010000101101101
00101000001010100101000010110100101110011001101000011010010011100000100010001100000101000010101010011110000111111010001110011
01111010100100100111011010010001010101001000000100001000000001000101011000001011011110101010000101100100000000101101000001011
00101100101100110010000100010000101010001110010110010001010000110111001010111100110001010110101110010011001000110110111010000
10100010101100011111101100100001001010101101100110100000011000001011110101010100111001110011010110001010100000000010000110110
10100001100100001001000100000011100000100100010100000001000100000010000010010001111001111111000011001010000111010111011100000
00000000101101011010000010001001110001100001100110111000011101001000001001101100011110001010000010111000111000000001000010000
10010101000010111000000010010100010100011010001000100011101010000000101100111000011100010000101110100010101100110000011101010
10111001100000000000110000001110010111001111100001011100011010011001010000010111010000000110111000011110111110110001000011000
00000001001011011010100101001011101100011000111101000000001100101010001001000100100001010100100100100000000100000000010011000
10000100000010001100011010010100011001011000110001101100100010001100000010001101100000110110011100000001000000100011110100001
01100001111000000100101010010010010001100111000101001110010101001010000000001011100000001000101100001000000110010010011110000
10000110010100010001001101001010010010001101010011111100110011001111010100110000011100001011000010010001100000001111000000001
11100011010010001001100011010000011100100000010001010111110101110100111110101110011010100010000010100001000111101000000000000
11001110010000000111010110000001010000000000101101100111011101011100001001101101000100000011100101011011011000101101100011011
01011000000110001110100000011000000100100111010011110101011000010001100101000100000001011000100000001000000100001110110001010
01001001100000100110000110100001010110100100000100000100000110000000000011000011100000010111100000011010000000001001010000110
00011100000101011111101011001011111000101010010100001101011010010100110000000010111011000001010100101111100001101101110000101
00001110001010010110000110001111000001010100010100110000110001000100000011101100000001101010011111100111001010111000100010011
11100000000000001100010101000010010001001101100101000000100010000001000010000100110101111000101000000010111011111101000000100
10010111011000000001000101000100000001010110000101001110000100011000110110101100000100000100000001011001110000011000101111010
01011101100111101001111110010010100010010001101011111100110101011101100101110010011011100111000001001000100100000111000000101
00000001001010011110001101101111000111010010001110101101011010111110100101000000001000001100010000000000000100100000001011000
166 184 170 75 76 93 48 35 