25
25
0001110001110001110011111
1111101011111110110011010
1011110111001100101010110
0011101011101101110111101
0011111100101010111101010
1001011110000110100111011
0100001000111000010110111
1101001110011110101110011
1000001011111011011011110
1110110001100011100111101
1101011100110111100110100
0000011111011101011101001
0111111111101111111101100
1111001011011001111010000
0110110110110010101100111
1111010001100001000111110
0111101111111011010111100
0010101101110001100111100
1101101110011111100010111
1100111001101000000111000
1101101011110011101101100
0110010101011100111111110
1111110111000000100100100
1111111001011101110111101
1000011110010111110011011
14 14 15 11 6 10 3 3 