100
100
0010010000110111001011111110100100100000000001101011001000000001001000011000011100101000011000100000
0100000000110000000000011010000011100010000011000100001101011100101001000010011100000100000100100010
0100000001001101100000000000110010011110110010000001001001110001000101010001001011000100100101010111
1110010001111000111000100011000100001000000101011110001011000000000100001101101011000100000010001011
0011100100111111000010001010001011010101000101110100011110000010010000101001000010001101001100100001
0010010011101010100001100110100011011100100001010100000100101111010000100100100001001100001001100100
1100001000000010100011100010010100111100000001010000100110011100010010001110001000010010110000000000
0101010011000000100001000000001000001110110101110100100100111010100110001111011100000011001000101001
0001111011000110101001001110011010000001111111011001010000000100101011100111001000111011100000010001
0001010000001001001001010010111000001010001011001101000100010010011100101000101101100011110000000010
1100010110010110100010110001011000000011000111000100100011001100000010010001100100011111100111001110
0011100001111100101001101001001000011000001110100101100001100000001010010001101000110000100010100010
1010111010010110000010010000001101001110001011100001010010111100101001010010011010011100100101111100
0010001000001010000000101001011001010100001000110000011010010000011001000010101110110100110000101000
1111110101011000001010001100011011111010101010011001101001001100100001111010000101110010111111101001
0100000000101111100011100000100110001110010001101001000101111000001010000101000110000000000011000100
0010100011001001000000000011100111001101101100111110010100001110011100001000100001100000000001100011
0001101010011100001010000010111110000100101001010010100000011100010101111001010110101100000000000110
1101101100100111100110010111110000000111010000100011010001000110111011011001010000010010000100000001
1111010100101000000010010000111011010100010000110100100111000101010000000100001101000001100111001111
0011101100110100100001101110101010010000001010001000000000000010110011110001000101001111000000110011
0111101110010010010010100000100110001000000011011110101010010001110001010000010000001000011001000101
0000101001100100111010100001101001100000000011010000011100000000000111001011010101110000110011101110
0000001110000000011000100100110011110011000100000111001010000001100010100101001010111001110010111000
1100101101001000001001001110000000100001101010001101100110010101101110110100110010000100101101000011
0001001110000111100010011010011100110011010000110000001000000100010000101010000010101011100110101101
0100110100100000000100000101000110001000000010011010010100010100001100001100000001010011000011000100
0110000101111010001101100101010000011011011011000100110000011100011100011001000001110010101000111010
0000101000010100010100100010100101000011010000100001101111110001111000000001000010001100110001000111
0101010001000000001001011101001100101011000100010111110101110100100001101001000011001001100001110000
0100101111100110001010110101010110001100111011110111000010010110001011100011011001001100101000010101
0000011011010000100110000000000000100100001000010011111101110110000101011010000000000000101001001000
1001001011100100111100101111101000000100100100110101110000000001001010100110000101010100101100111010
0000000001101101000010100101010001100010100000001011001110100010010100110110111001101000100101110110
0111001101010000110001101010010010111001101101000100100110111101001100000100110100110010111000001000
0100000110010011101011011001101000010101110001001100000010010010101000000111111101000001100101001000
1010000100110000111000000001101011010001001110111101100001000011101101000010100100000001101010100010
0010000000100001001000010100001010000100100010110100101000111011010011001001000110011001010010011110
0000001101111001100001011101000000000110110110000000010000011000101100000101101011001000101011010000
0100000010001010110001100001000000010010001101111000000010101011110000000100000011000101100100101011
0010010011100001011000110010111000001001101000000100010111000110000000101101000000001100000011001100
0001110110011001110101000100100000001100100100100110010110011000100111000110011010100111001001100000
0010000010011001011110101110110101101010100000010010011000010000001100010010001101101010110001011001
1100001100010000010010001010010100110011011000100010001101101100100011101011101000000100000100101001
1111000001101010000000000000000011010101110101010000111010000010010100101100011001010000001101010011
1011100010001100111000110000011110000000001100101101011001110101011000000101100000010000001100000010
0000010100010110100111000111001101101101000000001010001011101001001110000001110100010001001010001111
1000111110000100110100101010000001011010100000000011100111011010011000010000000000011000100001001000
0000110001100100000100110001011000101010011011000111100011100101001111100010100100000001001101000010
1011011000010111001000010001001000010100101011000110001000000000001110001000011010000111010110100000
0000101010110110110010000000010110100010101100010110101000101001010100000000010101010110100010110111
0111010001101010110001010000011100000001001010101101100000000000011000000000000001001100000001001001
0000101010110100100001001000001011000000001001000011011100000110101000000010011000011000001001010001
1100000000000001000101101000000011011001000111000100001010000101100011000001110011010000100001000001
0000010000001000001001110001000001011010100101100111101011100011010110111011010010010000000000100100
0000110010000000000001001010011100000010001110001011010001101000010000101001010010011001100011010101
0100010010100000001001001001100000101001100100000010100110100111110110110000000001101001000100000010
0110100011110011110011000011010011000001011100111011110010000000010101000000000010100011011111110010
0011011011110011110101100001110010100111000100111001011001000000001000111101111100111110000001110010
1000001001101011001000100110100100010001000110001101010000000111001110000000110011000000000101101000
1110001011000000010100001011101001001000101000010010001101010001000101100000100111001001011010110000
1101100000101010000001110001111100001000000001010110100001100001100100110000010010000110110001000100
0101000110000001110000000000000100000111010001000000000001000011110010010011100100100111101001100010
0001001100100011110000110100100101110001000010000000111101000010010110001001110101100001101001011000
0101010100100100010010010010011110010110010001000100010101000100011010000110100100100011111000010011
0111010011101111000000101000111110100011010000000010000001110100100111000010010000100011001110101010
1001000101000000110110000001100110100000101001001000100111001111110000111000001100011111111001000000
1001011000000110110001001000010111010100011000111000010001100011001000011100010010100100111000011100
1011001111011000010001010100100101101010111000101000101100101101100100110101110100011011000111100000
1111100000110001010100000111111000101000110000101001001101010100100101000001010001000011000001000000
0111110111110011000110000000010001100010100110100000100101111011010101010001010001010100101001101100
0000110000010000011100001000100001011000101000101011101100111100100110101101101000011001110011001010
0010000100000100100100011101010010110010000000001001101000001110111101000100110000001001000000001010
0110010101000010001100001100000011000000100101101001010011111100000000100101001000010010001000110000
0001001110110010100111100100101111100101001100001000100000100000101011010011110100000100110001111100
1101100000011111001010000000001110111100001101010111010011101100111000011000101100001110101111010010
1100010100110001110110010011000010100000101000001100010000110000010000111110010111110101011010101110
1010100001100001100100001001000110111101111010100110110001001101100000001010011111100010000000001000
1100010000011011001001100111000010111100000110001000101110001101001110010111100100010001000010001111
0000101001010000011100100010101110101010000010010100101000001000000100001001000100100010000100000000
0110010010000111000010110110001111110010111111000001001011001100111000101100011011011100000001100000
1010101000110001000110111101001000100110011001010101001010110011110001100011111111000110011001111110
0000110100101000110000010001010111011000100000000010000001100001100111100000100100000100000000001000
0001011010111000000000001001000100001000001001000110011011001010010010011001001111001110110101101000
0110001010011000101100110010100010011001010001001000001010100101101100100010100100001000011100100001
0110000001011000001001100000001000000110100010101000000001000000000101101101111010000001011110100111
1000000100101001010010111011111010001101001111011010110100100001110000010000100000001110100000001110
0001001001011010110010100101101001010000111001001011101100001010001010100000001010101100001011100100
1111001000000010010010111001110001000101100100010001000010000111110101010010101000011100010000110001
1000001011101000001001110111001000101101111010111010000101110000011000000011000001000111101010010101
0001000000011111000110000010011000011111011110100010000000100001000001011000110101000010101101000111
1100011001100000011000000010000000010011010011100001100011111010010100010110010010110000100001001100
1011100001001100011010000010000101000110110101100010001100001001011001010110010101110000001000000000
0000111000111001000000000001011000000001101010101101010000010110100010010011100100000001001001000011
0111111000001000001011011100010100111001110110001101010100011010100111011101011011001100010010000110
0100101101100001110000110100100111010110011001100100100000000000001000010001000011010101000000000110
0000000101110000000101011001101100000100000000101101100111010001010010100101001000100010111000001000
0000100001000010010011100010001110001000101011001000110000101001110000001100101010101010000001110001
1101110000001100010011110010000011110100011011011111000010000010010100001111010000000000010111110000
0110011011111101101110011010011001001110000100101100010011011101011001000001111111000001100101000010
137 142 117 84 71 70 36 29 