50
50
01011111111101010110111111111110001000100110101111
11111110110101001101100111110110110001011011000111
11101010011111111111110001011011110001111101001011
10101111011110010011110101111101100010111101111111
11111100111001111101001110111101111101111101111110
11111111101100001101110101011100001111011001111101
01111111101101000001111111101101111111101110001100
11111111101100101001111101011011000111111101001001
11011110111110101000111001110101100011111011101111
10111100111111111100011111100011000110010101001000
11110111100101111100010011111110111101001101101110
11111001110100110110111101111110110011001111111110
11001101111001000011101101111101110000011101110010
10111011111111111011100001100110011010100110101111
00111011110100101011101010111001111100111011100110
01111111111011010110111111111111101011011101111011
01111111111011111101100011001111101111010101010111
11111111110111100111101011001001101101100110011111
11111101001111110111001010011101101111001110110111
11111011110111111010110111111100001111101001011111
11110111110101011011110101011111011101111110011101
10010010101100110101101111110111001101001111100011
00011010111011101101110111111101001011101111111110
11011110111010110110101011011101011011111010111000
01111100101110110101001010011101011001111011010111
01111111111101100111101001101111100111001011111111
00011111011001111110011011101111111111110111000100
01010111100110111111110011011111111110111111001111
10001010011111110111001011111111111101100110111111
01001111110110011111110101100111110010101011010111
11011011111001101111011111110011110001011111100101
11101010110011100001011110011111100101111100110011
00110110111010111101011111111011111101001011111111
00110101111100110010010111110011101100101111111011
11111111010111111101110111110101111110110100011111
11111111010101110011100111100111101000011110110111
01111011010110101011110111111110001111101111100110
01011101000111111010111111001011110111110110111011
11111110101111011111111111111010101011011111101010
10110111111110011111101111011001011001101111011111
11111011111101010111111111010111111111111011111010
00110001110111110111010101111111010101111101101111
00111111011001101111110011101111100110111100010111
10101101111111111110111111001111111111111000011101
10101111011111101110101101110101111110110101101001
11111101110111101111010001100011111111111110101111
11111111110101111101111111011111111111110111111011
01101111111011101110100010110111111111101001111101
11100111111111011110101101011111100011110011011011
11011101011001111110111011101101100111011110101110
41 57 44 26 27 21 13 8 