75
75
000010000101001011000001001101100000000000101110011000011111000001100111000
000010010010011000100001100000101000011010000100000001110000010000000101010
000000001100010100001100000001100101000100111011101001000000000010000110000
100000000000000011010000000010001000010100001000001101001000000000100101010
100001000001011011000001110100000100000100011100000110010000000010010000100
100100100101000100010000000010001000000010000000000100010011001001001000100
001010100110000110100001001001000001000100111000100001000110010100000001001
010001011001010001010101000100110000000000000000000000001100011000001010010
000000000000011000001000100101000101000100110001010000001100000001110001000
000110000001000000100110000100011000000100000001000000100000010010000000011
100100000001110110100000011000001110000110111100000010010001001001000011010
100010000100000010001000000000000001000000010100000001000010100001000100000
001000100001010100000000110101000001000010000000010010010011100001001100100
001011100000110100001011010111100000101000000000000100000010001001000011000
000010000000000001100010000000010000100101101100000000000001000000000010001
011110001101001000110000000101101010001000000110110010010000100101000100010
100001000000000010100000110001000110000001010011000010100000100110000000000
101001010010010010000000010110011100100011001010100010101000100010100010100
100101000000010001010000100001001011000100011000110000010100111100110000000
000111000001011010001000010010111100101000010000101010100000000100100000000
000000100100001000000100000010000110000101111111011100000000001001001100101
000010100000001101011010101110011010100000000001000110000001000000011000100
001100001100000000010010000001000100001001000000010100000000101000010001000
000010101000110000011000100000000000110101011000110000000000000101010000001
001010001001110010001010100001001000100000111001101000010000000110110010100
000100001101100100010001000100001001001110001000000000101100000111010001000
011000011000000000010001010110110010010000010101000000100000000000000000101
000010001000000001000010101010000101011000100010010110000001011010010000110
001110001110100101000001000100001000011100101000001100000010001101000000001
010000000101001000111101101010100100000010011000001000010000110000011001001
000010001010000010111001001000000111010000000000001110100001001101000000100
100010000000011100000000011000001011010110011101000011011001100010000110010
101000101100010001001000110011000000100000000100111011001001001010000000100
010100011100000011000000101100010000001100000001101000000000000001000101100
000010000011000110001001010100110110000000100100000001000010001000101001000
000000000010101000100000000101100001010010011000011000001000010000001000110
000010010000000001000011000100100000011100001000010000010110010001001100001
110000000001001000100000001010000000111000000000010011000010110000010000001
001000000100101001010000000110001011000000100100000100010001111000000100001
011000001101011011111011010001101010111001111001100100000001000000000000010
000011010110101000011011000101011110110100100010100110000010001000000100100
000000011100010110101100000000000010011100000001010010001010000000100110010
000100000001110010001000010100001101101010011011100110000011011010000010001
100010110000010100001010000000001010011011011010001000010000011110100010100
000111000001011101001001111100000011111011010011000100000011000000000100000
101100001110010001010100100000110000000000010000000111000110000011000001100
011001000000010010111111000101000000001010001011110000000110101001000011110
000000000101011010011000010100010000000000001101000100110000101001010010111
010010000001000100000000000000111100001000000000001000000000000010101100001
000001110001100111100010000010000010001000100111001111010000010000010000000
001011001000011001010101001000000100011101000000000001000011001000000010000
011011010101000110000001101000000000001011001000001010100001000000100001001
110001010001000100110010101110000100010000100000010111100010011000000101001
001110000010001010100000001001110010011000000010100111110000000010011000000
010001010010000110000001001100000100010001000010100100011101101100000101000
000000000101010001101101000001000000101010000101000010010011110100000001000
010000000100011001001000100000000001100000101011000001011111000110100100100
010001000110010000000100000100000000001101000101101011001010000001100101100
001000000010000100010010010010110001000000000000010010010010100100000010010
101000011011101100000000000000110000100001110001001110000000000000100001000
010011000010011000000000000010000000110000001000001000000010010100010001010
100000001100110001100000111010010000000000011010011110001011010000010000010
011010010010000000001101011100000000110000001011011100010000000000001010101
110110000100011101101100100110100101001001101000010010100000001010011100000
001110000100000000000011000000001001100110100001000000111000011010000001110
110101100000000000010000010101110111101011001000101010000000011111010101110
100011111110001100011000100101111101000100000101000000000001101011100000000
001000110000010001100011001000101001000001111000001010001000010111010001000
010110000000000001000100000000001100001000000011001100000010001000010110010
000000101001000100101010000000001010000001010010010001000100000100000001010
010001000001001001101100000100010001000010000010100101011000010010001000000
110000001111000100101100000010000101001100000001001000100100000100000100000
000001000010000101000010010010110010101000110010001100001101010010100000000
100110011000000100001011000010001010001011000100010010001000101010011000001
010011011100110000001000101101000000100011000010100011101001010000100000010
34 34 41 14 24 21 6 14 