75
75
111111111100001011111111111100011100110111000111100011101110111010001010101
011111111011111111011110111110001011001001011111111101011001111011100110101
100111110111110011101110011110101110111101101011111111111011111111101101000
110111111110010111110111111101011111110101001110101100011111101100111010101
010100101110001010001111111011110111010100101111111110011001011110111011100
110100000111111110111111100111111111111100010111111000111011101011101101111
110110110110111110101110111011111110110101111111011110000010111101111010111
011001000111111111101010110111110011010011101011011110111101010110110111011
111010111110110011110111011010101110101000101110110111001011111000111111111
111011101101111111001111110001111011101111111010000111101111101111110110101
101101011100110101111011111000101111101000111111110011110111110100001111111
101001110111111111110010101111100001001000111101011110111111011000010010111
110110011111111011011101101110000100010110111101100110111000001111001110011
010001010111111011011001010101000101111111010111001110110101011011010111110
100111110110111101110000111111111111111101110111011111111001111001110101001
010101110011110100111001011111110111110000011011001011100111111000110110101
111011110111101110111011111100100011111111111001100001111111100111100101110
111111110111010111110000111111111111101111111110101001010010101111110111010
011001110011101101110100110011011111110001010011111011010110111111110110100
111111110010111100111011110011110001111101110110110110011111111111111011111
110101110011111011111111111011101111111110011101111110111111101110100111111
111000010111101101011111001101111111101110010101111011101001001101110111010
000111111110100001001110110001111011100110111011011111101011100111100011111
111011010001111101100101111111111101011111101011111111111100111111111111111
111111111101111111111111011100011110111101101101111100100001011111101110001
011111111100111010110111011111101010111011001111111111100011111110111011101
110111101011110111100101110111111110111101111111011101111101111101101010101
011111100110111100101001111110001111010101111111111111100011111110011100010
111011001111111111010001101110110111110110110001101011111111111100110111111
111111111111011011100011101111111111111011111111101001110011001010011111111
111101011101011011011001011110110110110110101111111010111110111111111101001
110111011011111011101011111011100011011111110100101111101111010011011011111
011011011101111111000111101011111110111100111001111111001111101101111011111
011011101010001010000111111111111011101111100110111111011011111110101111101
011001111011111110111111110111100111011111100110010110110111111110111111001
111111111111110011011100010111111101110111011111011110010011101011111100111
100101101010011010010110101011100111101101111011110001110111000111101111011
110110110101111111001111111111100101111010101011011111011101111011110101101
011100011110110001011111010111001101111010111110110110001011111111101111111
111111001010110101101011111110111111111110110101110110101111111111111110000
001011110111001101111000111111100111100001111011111111101100110011011010110
001101010111111111111111111011110111101000110111111111000111111010110110111
011100111111111101001111011110111111011111101111011110101101101101111111101
100111101001111010111111111010100011110111101111110111101101101110011011111
111111011000101111110001100011100101111111111100111111100111000001001111111
111011011101111101111001101110111001111011011110011010111100010010100110010
110000110111010011110110111101000110111111010111111110111110100011110001110
111111011100110101110010111111110111111101111100110111101101110010101111011
101001111011101111110010100111110111111010111101011110111111110011011011110
011111010101001100110011100111111011111110001110101111110110110111110011101
111011110101110101111111001001000001010111100001111111111111100111110101111
101010111111111111010111111001101111111111111101111101101010000111001110111
010101001101101101111101101110111000111101010010110111111001111111101111011
111101111101111101101100001011000111001011111111111111011111011111011101010
111001011011110101111110111111111111110000101011001111111111111111011111111
010110111101111111011100111111101110111110001011110010100011111111111111011
110111111011011001111111111111011111100100011000011111101111111011000110111
111101000101011101110111111000000011010000110011001111101110111011100110110
111111010001111010010011111110001110111011001101010101011111111100101111110
010101111111111110111110111111011111011011111011010111111110111010000001100
101110101110011001111111110010111010000101111111100011110011111010111101011
010110001110001111100111111101101101111110111111011011001010111000010111111
111101011101011110010011110101111011111110001111011111010100110100100110111
100011011100111110001111111101101010010110111011100101111110111111000001011
110111101111001101111111111111111111010101010001101111101110101111111100111
001111111001001011110101111111110010011111011101101111101111001101111111111
010110101111111100001100110011000110010111111101011011111011111001110011111
010010111110111101111111111111111111111001111111110110111111011011010001111
111111111111111001011101111101110111111111101010101111100011111110001111101
111111100101111011101111110100111011001110001101111111011111101111110011111
001111011101001001110101111011111110111111110101111011111010011111101110001
111100111100011001111011001111110011100110111011110111110111111111111111101
101111111110101011011111001101011110110101011110101110111111000101101010101
001011011011011101101111111110100000001010101010111111111011000100100011111
100111111111111111111001110100111111111110111101110011001111111111011101011
118 106 122 54 64 63 28 22 