25
25
0110010010111011000000000
0010001011101111001110110
0000110100000010101000101
0100010001000011000000000
0101010110000010010011001
0111000000001101010001010
1001100000010011000001010
0101000110001101101101011
1000010001000100111001110
0011010000010010001001011
1111010111110010011110111
0000000011000011100001000
0011001100001000010110010
0101001010110001101000000
0011010100100000001100100
1001000000100011010010110
0000100100000000001100100
0000100011111011010110110
0111010010001101011100000
1000010011100100001001100
1111111010101010101000101
1101110000001010000010101
1000010111001000111000000
0100011000111010100100001
0000101100011000000001010
6 9 3 5 1 3 3 2 