125
125
11001101100011010110011000100100100111101010010010010100001001000100101100101001101101010100111101010010100001100100011010000
11001101010110101101110110100010100010101101000010011001010100001110110110111110001001100101100001001010110111110111101001110
11011100001001011010010110000010101000010010010100010000000000000011011111010101110000010011000011001000000011111110011010001
00001000001011111110101101101011011001110101010001001010110000001010111011100100001011011001000000111011010110011000000100110
11111101100000010101110101101010110110101110110011001010010110010010010111100100000110100001101011011011110101000110111111100
11101001101101100111010011101101111010000010100011011011110000001011110100010110110101011011110000100101100101001110000001010
00110011000111010000100011101110010000111110011010010111101001011100101111101100110001100111100011110110010101011010001101111
01110000010010101100001110001010010010011100000100011000100000111101000000011000101000101001111000100111100101000110001101110
01001101100101111110011111000111111010001000110001100000001100101000110011110011100100000011110001110001011011001001000100011
00101110100100011110111010001100001100001010000010011101001010010010001010101100110001001110001011110110000001010111011101111
11101001100011100100000111111001101000100010110000001000011011011110011100001001110101011110001101111011000110010010010001111
00110010010000110001010101101111001100010010100100111001001001100111001100010011110010011101011011101001011010001010010011111
00011100010101011011010100011101100100010010101101010001100010110100001111011000010010111111000011011110011010010001100000010
01111000010010001000011001110011101000100101111000100100010001010001110011110111000100111011011011100111111000001001000000011
11100111010011011011110110011010010011110100000010000000101001110000011011011011001000101110001000011000010001000111000010110
01101010010101010001011101101111011000101110010011100001100101000001111101101000011101011010001011111111000111001001011000001
11000101100110111100001011001110101100111111101001011011100001101100001110000000001110100110111101001010110100001011000001010
11111010111010010100011100100110001111110011101011010010100100101101101000000100000101010100001100001111110011010010011100101
11010010000110101101111101110000110111101000001101001111010111001001001110110111101100001100110001110110001000001110111000000
01000110001001101000000111011011110010111011101000101000001111101000000101100101001101000001011100011100001111100010001000110
00110110111001011010011110101101000011010000001011100011110000111110101000011100100101101011111011011010111001100011100011101
00001111111011111100001100010001101110010000001000110010101101000000000111111110001011001010011010001111110011110011001110100
11010100000101110100010101101000010000001010000001001101011001001100011100111101000011001010100001010011101010101111111101110
01010000100110111000011110100001001110001010100100010010101111101010111110111111010011000000110001101100001010010010001101110
00101101100000110110001000101011101110110110110110011011101000101010011101111001010001001010111110101001100101101110000100111
01100001011001110100110000000010010110101001110000111001001010000100011110110000110100110110001000111010000011011101011010101
10100010101001111000100101001000100111101100011010110001000010010001101001011101111000101001001011010001111111101101011100001
01000011100100100100011100100001101110111111000010011111011111101011011010101010011001110100100011001110101111111110010010010
00111001011010101101011011011100011001100010010101110101011110110000111100010110100110010100101110110000011110011000110001001
10100011101100011100001100011000001000111000101011110010000011100100100000001001111010111100100011011010001000011000001110111
11010001100100010011000011101001110001110010100001111000111110100101010000001001000011001010101010001000000111011010001011110
11101101101011001000010011010101110001111101110010011000001111111001001011101100000111101000011001010001000011001101000001000
00111011000100011101101111101110000011110001101000100111111111100000100000000001110110100101110010001001001101100010100111010
01001110110001110000001101111101011010110001001010100010111001001111011010101111011101010111100010011110110101100001101001110
11001010100101000011000010101011100101101000110100111010111001000010110110110110010111000101111101101110100010100010101000100
01000010101000100000001010010011010001001000101011000010100100100000011001100111100110000101000101001010110111111000101110101
10001101101100101000111011101101101110111110100000111000001000001101100111110110011111001101101100001001011011011011110000011
10000010000000110100000100100100100000010010101000110111101001001010100101000101111000111100010001010101100010110001101101010
11011001110110001010111000111110101111010011100011110100111101011000110011001111000011101110101001001101010001110011010001101
01001110010010011010111001110110000110001000111100011110001001101000110001101110110000010011011111000101011000000001000100111
10110001000111010001110000110101110110001100111011110011010000000001011101111100111100010011100001001101011111001000011000000
01111101100000100010100000111010000111001000011000010110110011101010100111101011000110100111011010001011101100101001111111101
10010101111111011110111110111110010010100101110001111110100110111110010010110011101000101100101001011101100001011110100000110
00000010101110001100100000110011000010110010000011011111010100010111110011111000010011111001000100100100001001110110111010000
01101001001010000001111010010100001000000101111101101100101000010111001010111110111101011100110101000011111100100000000011100
00100100000101101000111101101001100101110110011101100010100100101111000110001001010101111111111101010101101111110111111001011
00000010110101010101100010110110110011010110000000011011000111011001011011011011110101100001101100100111011000011001011000001
10110010010011110001011110101010001100010101011010111111011010010110000110111000011010000100100101011111000011001110101101110
10111011000001011100100100100011110011010011110010011000101010100111111001001101010001000111011000000100001111100101110011011
11101110001001100100011000111100011011100011111000000100001111100010010001010000000011010000100110101100110100101010011011010
10011010100000110110011010010000011010010011001011111011110000110101001011110110010000110011010011011011010111111111111010011
01011101110011000110100001100011101101100011011110011011110110111101110011000010111110000001100010000001011111000101010011101
00111100000110011001111000010100000110010000011110101011110101010001001100001101110110111100010100011010101110110110001110011
01001001110100011100000111111111100011011011001101010110110111100000001101010110100101011110101001001000101111000101000011110
01100011010011001001000101111000001011111101101110000010011111001101110010000111100110011001111011110000111110111010010010101
00000011011000001011111011011010101110000111100001111000111000110101000100110010101000000001000111101011001001111110110011100
11011000000111100001110010111011110101101110110010100101010110110011010111000111010111010110111111011001111010100010110000000
10010001100100010110010110110101000010100001001100000110110010110000010111000001111100000010010001000101000110111111111100101
01000010010000011011010000111111110000010110100010100110001111100101011000111000100100001111010010001001110011100100001100100
00100110111100100000110000101011010110101100001110101000001111010100011001000110101100010010101001011001000001100010101101010
11101111111100111000001110101000110110110100010001101010101001001100100011011101101101011011101010111110000110110011010111011
00111110011100001110001001101011000110110000111011110001100101001101010000111110010010101101000110100100000000101010101100111
10110110010111110111011101010111100110010100110001001011000000100011000110101011000100111100101100000111001110101010100111101
01101101000001011001101110101011000101010010101000000101000010001101011011011111000001101001110110100010001110010101111001101
00100100101010100101101110111101101011111001011110010101110101000110110011000001111010111010000011000011011100010111001000000
01101000000111010011000110111110000001000101010110110100011110011111001110001001100101110111010001000101011000011111110001000
11110111000010011011110001001101010000011010011101100100001010010101000000101000010100011100010010010011110100001101000101010
10101000110100100111100110100101000011001100111000000001011010001001111101011110000000011111011111001000100001111011101000000
11001111110110111000000010101000100111001111011111101010101111011001000110000110010010101010101100100011101001100111001001010
00000001111110110010001011010010000101010110100111010010000011011000000111001000101011011100000110001000000011010011000111010
11010111101101000111100111100001001010101110100010110011001010110011011010100001110101000110110010010000100111010100001000010
11110110111111101110111000110100101010011001000100010100111000110100000101011000000101111011111010100101111011111100000000000
11100001101101011111011001011111111001111111010000000111100111010000001101010111001011011100110101101000010100000110100010000
00110101111111111011111000011100001101101001111000100001100111111100010011111101100100010011111001010001000110100001010000111
10000000111100101101011000101111110111001010011011001101010000101110001010101011011011001011011111011001000000001110010010111
11001111101010111011000010111100100011110010001110010000111100111110010001100101000101010111101001100011100101100100101100000
11010101010010001111010010111000110011110111100001011011100110011000100100001110111001100000100111001101111001000000000010101
11111010000100001101100000100110111111010011010111101001101110101011100010101111111100100110011010011000101111000100100111111
00000101100010000001001100100000000100100100110110101011111001100111011110101011100110111111110000110010100101010010111011010
01100001010111111011010101111001100110010011101110000000101001101001100000100011110010110101110011000011110111101100111110111
01010000101111010001110000101101110001101000000110000000101000101100110011000010100111101111110001001010110100101110110100010
11001001001101111010000111000100110010111001011001001011001111110111110101110101100111010000100111100011100100011101000001111
10111001111101101110100001111110000100011001000000111100010010110101101110110010010110110001001100010101110010111000100101111
01100010011100100110011110001110111110000011000000111000000000110111010101001111100011011101111001100001111010000010101000000
10011111001001010010010011111001111010001001101101000110100001100101101111011100010000000111001101010010100100111011110111000
11010000101111010000011110000001101010101001111101110010000111111001101100101101001111010000011011000110101111100001000001111
00111001101110111111101100010111100110110000001111110000101101011111110010110000001111111001001101111100111010011110010111010
10000100000111000010011100100100101110001101101111000011000001011111001101000110010000010001011110101010101101001010110010011
01100000010001101111001000101010100000110110011011101101000110011111100010101000110010000110000001001011011000010011111100100
01010110011110101101011111110100101110110111010000001110100111101011110000000001000001110001010100000101010101000111111010111
01000101111001111001111011000111101001100110000011100110011011111100000011001001111001000101000010010110111110111111010111111
10100111000110011100110011100111110101001010101011111110111100110101011010111011111110100001110010100110110000000010110000001
10000001010001001111010101001011010000000000011101110010011001100010001011110100011101001110101110111000101000011001010110101
01000011000110011101011010001100001111100000101100000000111100011001111011011110110101101101110010101111000011111101100100100
11001110000011101101010001000110110000000010100110011010111100010100110100000111101100000000001111010011100010011100000100010
01001000100110010010111011110011111110111001100001100010101001100110001110100000100011110010001101111111101100010101111000100
00010101101110100111101101101100010110101011011001100100111001101000000011100101011000011100111110110110100111101000100101111
11001110111101011101011011100011110111010010101011011111100001101001011111010100101100011011101011001011100101100000010110110
11000100000111011101110110011011001111110110100110101100011011000000111011011110100100001001111000100001110001111000100101110
00110000110101011011100111111100110011110000111010000000011100111010101100001110100010100000110100100000101111001100001110000
00011001111110110111001011011100101110001101101010110111010000010111110011100110111011001100001100011111011111111000010011111
00010101011000010000000111101000110110100011101100111100011101000101010100000101001101001100100110011110010100000011010000110
01101001111001010011101010000000011010100101011111100000101111111000011111111001000011110101101011001101010001000000101011100
11000000110011101110110100100100100101011001100001100010101101101010010011001100000011000100110101010101100001010001011111111
11101011100011110000110010100110010110101100100010111110110010110100111011011010010111001111010100101010100000101010010100110
10010010100100100001111110000101101000010111100011110101000010010011000001111000000100110110010001010011111001101100000010010
11010110100100101100110001001111111001010100010010011101110011111100010010000100000011001000000011000111111101010011111100101
11011000101010011100010011000110010101011110110110101001010010101100000011000000101000001100111110011011010110000110110000010
01010101100001110000110000111100000101100110011110100101101011000010101010111010001000000100100010010010010000100111100011111
01110111000010001110101000001110011010110000000110000111010100000001011001111001100010101011010011011111010111010011001000110
10010101011010000001101101110100010111011011101100100000010001000000001011110011011011000111010010000111100100111000110001100
01001011000010000011100101100011011101001110000011001111100101000111101001110000111110100100110010001100101010011111111100100
01011100001110111100100101000101010100000111101101001010001110001100111010001100010110001010011100011110010011111011011100111
10000111101111111010101101010100100010111100001010101111001110111110101110100111101110110011101010000100101011000010111000110
01000001010010011000001010100011111110001001001000111001001001001101100111010010100011000101010011111011110000000011010111100
10010101111000001000010110110001110011010100000010001000111001111001001100110000000010000101011100010001010111111101110011011
10100101101010001011100011110110110110010100010111001001110001000100111001100001110001011000011110011010000011001111011101100
01000010010010010011000110100111101101001111010111000000100100100011101011000001011000111101110100001010101111000100000110010
11111110000100000010001101111111110100101101100111101001010101000101010000000000101100111101111101110111111011010010000101010
00100100110011001100111101001001111010101111010100001010111001100011000101000011110100011010011101110111011101000010001101000
10001110011000110110000001110001011101010000010110111111110010001000001011100100111010011100101000000001111001101111011100100
11001101011101011101111101001110010101000001100011101001001000110110100111011000001111100001101100010010100010010100001100101
01111001011010101110100101111101011101111101100000110011001101100110110111001110011011000010001011101101001100111111011010111
11101001111000101111111011111001010111101000010100100000101110000111010011011011101111101101011110001010000111001101101111010
01101000100000011111101011110101010001101000001111000001110101001111110000101000100110000110101001001011110110101100100001110
225 221 234 113 117 100 46 67 