125
125
11111100000110101101001101101111011011011100110000110110101111001010111001100010111111101110001111110010111101101111101010011
11110100111101011001110001101001011100110010111001110110100010011110010000010101110111011000010101101101101101111000011010101
00100111011110111010111011010011101110100111101111110000110111111111100110111111110101100101001000111000010001111111110111111
10110110111110101011011111111000011111100001101001010110110101111110111000110010110111000111100110111001101010011011010111111
01010010100111110011011111101100011101011011011011111111100110101101111011110010101000100010001100111000111111101010011111010
11111110100000100011011011100110110010111100111110111000001101111110010011100101100110101111111101111001111110010011110011110
00111110010101111110100110001100110111010111101101101111011010111111000110111011011111111011101000010101101010111011010101010
01111111011011111100101110101001111000011100100111100111010110111010001011101100110111111110111010110110100010000001100111011
01000101110101110111111110011000101001110000110110101010011111000011111001110101111111111111100101100010100101011111001001101
01110000001000011101010111100101101110110000000110111010110101100110011011110000011100111111101101011101011111100011011110110
00111011001101011010010100111101111100010101001101101110111110000110110010111111101111101110011010110111111111110011110000110
00110110111110111011100010111101110100110111111111101100010111111110110100101011011110111101010111011101101010101011100100001
11010111001100011101011011100011011111001011100111110111101111110011101001111011111000111110110011110110101011101111100001011
01010110111000110111111100110010111111001100101010110010001111010110101011100011011001011010111000111111011010001011011111011
11110001110011000101011111111111010111111101010010111110101101001100001010111111100010000001000001101111101001111110101011010
00000110110100011111101110100111110111010110111001111011111010111101001110111111100111101000010111110101011011111100110110010
01111011010111110110110010101110111001111001001110101000010011111111011110110101001100010100101001100111111011011001010100100
10110110100111110101110011011110111100001001110010111010110010101101011001111011111111100010101110011101111110100100111111011
01111011001010011010101111100101101011110011010110000011110100010101010111110001011110111001011111111110010111010001110001111
10010011111111111110101110001111111101110111010000111101000001111110111000110011111000100011101000110001111111010101111110011
11000011010111011001010011101100000001011101010000110111110010010011001100110111111100111111111110111110100001011011100111101
11010001111101100100110110111011100010111010110011011111100110110001001000100101111111000010110110011001011111011011111010011
01001110110100000111111111100110001010101100110101001001101101011110110101110111010111111111001001111011000010111000001101010
00111001101011111111101100110001111000111010000001110010101010100001011010000110000100010101101101000110001100011101101001111
10001110101110001111000010101111111001000011000001111011111101110001111101001000010000001001011101011100001000010010111101100
11101011000111011101101111110111001011101000111101000001100100111001011001101000111010011001100010011101010101111100010101111
01100110010011101000101000101001010010010101111100110111100111100101111110101100011010010111011011111001111100011011010011001
11101111110010101100111010000010110111101110011111000111110111111110101010100001110111100110101101101111111011010111010111001
11101110111110100111110111110101100111111100011110101001111110101101110100111010000010001001110010011110011100111001101111110
00001100010000101110001011101100111011100111001001101111110001111101011100000011110101101111111110101110010101111100010111111
11011111111011100111000111000011011111111101100111101110011011110100100111101111100000001011101011100000100111101000110001011
11010110101010110000110011101101010110111010111011110110110111110101111101011100011000100000011010111011000100111100100100111
11110010111110100111110111011111111011110011101011011100100101001111111000011110111111011110010110000111110111001101111000010
11101000010101011110111001111101011100100011011000010110111011111110010100111100000101000111001011011011111100011110110010011
10110011110111111110101100110111001011011101101011011011100010011011101001100001111011011111111100110010100011110111100000001
01011011011111110011110101111001111000011011111110010111111010110111110100101111010101111001111001011011100111110111011010110
11000001111111011001011000011101101001110010011101101010010111110011011010111000111111101011011111011110111011101111101010110
00100010100010100100110111011101101010011111111111110110001110010111110100011111011011001111110110001110111011111110011011110
11001110110011110100111111101100010100111010011011100100000110011111110000011101111000111111100111100001110110111111110111101
11111100001111011111100011100010010111100011101110110101101101111100011011110100101010100100111101001110000100001001101001001
11010011010111101110110110111011001001001110000011100001001111100011110100111011001001000110110010111011011110111001101011001
01100010011101111110110100110010111010010101001011101111111001011010111111101100001111111111111011111101001101111011110011001
11100100011101111110010000111100110000111101001111110111010111111111100100110111101111100100111111111111000111101011101011110
01101011010111001111110011011011110001010011110100111010011101111111001101001110010111010111111110101100011001111111011101001
00010000001000010010111110000110101010101101110001100111011010111100100001000111111101011111110101000110000000000111111110110
11010100111001100110101110101010011111110111101101111001001011111111101110000011101111101000101110101011111101101100100010101
11100101000011011100001001110000111010111001001111110101011100110100001011011110101000101110111111110100011010101111111110011
10100111011110011111100110110111110111111111110101010111001111111010111111111010011001000111101100111101111110101110000110111
10111111010010011101001111010110011111111111011010100100000110011100100110111001011011000110101101101101111100100011101101101
11011001000000011011111101110011100110111001001001001111111100010011111100111101001011101011111111011111110101101100100110110
01011111011111111000101011111110000001010010010100011110101001010010111100010000101100101011100100110011110111001101010110111
11011010100000110111001110011111001101111101111111011001110001101101111000010010111011100110011001100111001110111011100011000
10100110110000110011110001111110110011011101110011011100110111001011010111011101111011011101110101110001000101110111110100101
11010110010011111001101101001011010010100001011100110100111110111111111111101001011000111001111010111011010000111111101111100
01100101011101101101011010110111111010010111111000111011010110001011011111100111110101100111101000110000011110110000010101010
11011000011001111111111010111111010110111001000111010010110100111111111000101111100111101000111111001000111110000111111110100
10110111001001110100011110111110011010101101001111110111000111110111101101100010000101010111011110111111000001011111101111101
10010010101110000111111111101010001010100111110011101011101111010111110010111101110011111100110011001101111100001110110111111
01001011110010100001101101101111011111100111011011111000110111101100111010011100001110101001110011110111101010001011010001111
10111110011110110110001000010101111111101100001011101011101111101000100111001101111100011011001000110011010111110100100110011
11111111011101011010100101111001011111010100010101011111001101100101110110011101101101101001111000001100101111011001111011110
11001101110011111011111111001011011111101110110110101110000101111101100110110101011110111111101011000111110101101111111100011
01101011101111011000101111110111001001011101111101011100101100001111001010011110010000111101011001010100011111101111110110100
10010100000010101100110111110101110011111110011101110101111100101010101101100110100011111011010001010111000101010001110100111
10111011110110111101011011011110000110001110111010111110111000011001100101001100111110011100010111110010110100100110100001110
00000111001011110110110000101101111101101011100110110101101011100010011100001111011111101110111011111001101100010111101101010
01101110011101011101101100101011010110101011010101010110000010111110111001000110111110011010011011111010011111000011010111101
11100010100000011011101111010101011111010010000001001000111010101100011011100000010111001111101111101111011000101101111101011
11111111101110101010110111111110011110011111001010100000110111111100001110111010111110001010100101011001100111111101011011111
11011000111100101100110000110011001011111100100000111111100010101101100100100011111011111011111111000011000000010010111001011
10110010101110111111110011001101111110001101010000111101001011000010111001110011110010010111001110111100111100100001101000110
11100110011111101111000100110011100111001111111010111111110110100111011100111011101001011111101101011101000011001010111111100
00101011001001110000001111011001001010011010011011110001011110110001110100101111011111101010001100100101110111011001010100011
00111111100011111011111100011011011010101000101111000011011100101111010111111010101011000111111011111000111100101110111010010
01111111011011101011110111011011101010110110001010110001101110111110111110101001111110111101111001001010101101011110111110101
11000111111101111010010111101010111110101000101101011110110111010101000011011111111100001011111011100001111111110110111100100
01010111111011010011100010101111011010000101100111010000100110011110100110001111010111111110010110111011100010101100111111011
01010010011110011010001111111010000110011110111110011000011010101101110101110111101110111011110101101101011010101101111100011
00010101011101101000010110111110110100101001110010011001110100000101001111101000101010100111110111111110000100000000111100010
01111100111001010101101010111011111111110101011111111111101010111101110110010110101101100110111111111101100010100000001110011
10101100100101100110010111010101100100111111011110001111100000110010111101101101010011101011000010110100011101011011101100011
11101111010000110001110100111101111001010111100010101101011000111110011110111111011110110111101010011000001101111010100010011
11111001111011100010101111000011111110110101111011100110111111111110000110100111111110010111110101001111110011011111011110100
10111011111001010010100101110110001011111110110100110100111010111011101100110001101011110001100100111001101110111110111001101
01110100110010011111110101111001011101100010101110010011110001110101100111100010011111010111010111110110110111000000110011011
10110010110111111001110111100010000000111101101011011111111110010101110111110111111010101101110101100111010111010110000111010
01100110111010100111111001011011110110101110101010011100010110101100011000001111111101110010111111001011111001111111111001010
00011111011001100001011000111010100110011001001001111111110001010111101000111011000001111001110111101001001101101111011101010
11111011011111011111001010001101111111100100010111001001011101010001111111001010111101110001001001100000101110100110011110110
11111111110111001111011100111101100111001100010111001111001001111101011100111000001110101100111111110110110101111001111111011
01111100110111110111111010000111010110011111010010000110011010011100011110000110111110010001101110111111100110011010111001111
11111101111101111010111100000001110101000101001111111111000100011101100111010110011111101111111010010101100110100101100111001
01111011010011000110001000101111101111010111111111001111110010111001011000101010111110111011001100100001110100111111111110011
11101100010111111001010001110011101110101000111110001110111101101010101101011100101111101001010011001100111100001011111001111
00100010001010101101110101010101000001011001110111010110011010010010100001111101010011110100111010110111011011011001001101111
00110001110101111011111100110110111111010001101001111101001001110011111010100001111000111000100111001111100011101111100010110
10100011010111011001101111100110001110011111111010010111010001010111100000011010111101101011110111101010000110111011111001101
10111011100110100011111000000100011111000101101100100011110111001000100000110010101111011110010001010001010101000100010010110
10000110101000001111111000001110011111111111011000110001011000110001011001011011001010111001101011110110111101011111101110101
11111000011100100011111111111101011111101100111101110000111110111101111100010111111010100001100110000111111111111110011110111
01101111101100000001111110111111110000111010011111100011000111100000111011010110000011011001111011111010101011010001101011111
11011110111110010111111101111101011100010001000010110001011110000100111001101011111111110010111101000010110110011011001101111
10010110111011100110011111000001100010011110111110110011111010000010110111100111100111101111001010011101111110001101000100011
10111000111100011101011010100110111111100111111010011101111011011110000111011110110101100111111100111111111000101110110101000
00111111101011111111000100111100100011100100111000111101101101011011010111100010111010110000111010100100000010111010100111110
11011010011001100100100110111111001111011011010000001000101101100111100100011110101100111110011001001100110111011001111110111
01111101101110111101111101111001101100101101000001101010010110110111001111011000001111111111011011111100011001011011101110111
00001110111000010110001100111011010110011100111011111001101010101111111011010100011111001011101011111001101001010001111111111
10011010110011111101000001110100100110010111011011110100101100010111111110100011110101111101101101101110000110011110011110001
00111100110111010101101011101111101111001001101011101111101100101000100010011110010110111010101001011101100111110011101111100
10101011101110110111101010011101011011011011001001011111111011111111011101011101101011110010101110101010101100001110011001100
00011101010111111011001100011001010110000011011111010110110101000111111110111101100101111110101010110010011110110111111100111
11111001110011111110110001101111001000111000111010111110010111101011010110111011000101100010110011100001010010101101011100001
01000111111111100111001010011011100101110101100001011011011111011100101100011001011000100011110001110100110101001101110011111
10111000001111111101100011101110110100111101101010001010001101101111101111010101100110011000011100011101011111110010100100100
01010100110110101101111111111011001101111011111111010111110110111111000111001110110110111111010111110111101001011011011101111
10001100101110000110101110011100000100100110010111000011001111001110101011101111011110010110011110011001111111101111000010111
01001010111000011111011001001011011010000101111011000101111100011011111001101111111000001111111000110100100111101111111110010
11111011111111000111111000101110110111001100111110011110111100100000100010110111011110001111101110011011110000101111111110011
10110011111100011100101110111100111101001111111111010101101111100010010001001001111101111000001101011101011110111110110101100
11100101100110000110001100000001010110000000001110011101011001101110010110101011101111100110111100000111010111111101011100110
11110111111011101100110111111010110111101101011010110110010111100000010011111111110111111110011110111110111101011111011000111
11101100110111111000011000110011011011111011011111011011100010110101100011100110010110010111111000101111011001111101110111110
11000010110011010000011000010101110111010111100000000110111000110001111110110010111101111001011100011000010110011101110110111
11111001110101011011100011110110011010101101110110101000111111111101011111100001111101101011100101110111001001101111110111001
234 232 257 120 120 135 64 69 