50
50
11101100110001000010000100101110011110111101001011
00101100101111001000110111010110100010100101000010
01010100101010010001110000000001010111001011000101
11001001111010011000001011101000101011100000011001
11000000110001000101010110000110111111110111001111
00111001010001010101001110001111010010000010101011
10100110011010001001001110000001000100101000010000
01110001011011110111100100111110000100111101000011
11110000100100101001101101011110000010101010101001
11111111110001011111110010001000001010111000010111
00111011101000010011101011001011011111101001001110
00110001111010101010000111110011111001000100011100
11101010010110110001100111011100011010111000010010
00011000011110110100101111000100110111000010011011
10110110111011000011111111100001100010001110100001
10110010111100000001101010101100110001111000111110
01011000001100011110000100011110010100111100101001
01111101000001100101011000010001111101000100110111
11111110111010101101010100011000001000101011100010
00000100000001100001101010110011011010011010110011
10000010011011001110110000011000111001001010111000
01100101001010001011001011101111010100101111110011
11000111011110101111001101101101100101100001001101
01000010010010100001100100001001110000011010001011
10111011011011011011010011001100110111110110011001
01110011000110000000011010011010010111010001001111
10111100010011111000001010111011011010100000110000
00000010001100100011100111100000101100010101111100
10101110010110000111100000100000000100001000101000
01101110011011100111011110111000111001000101101011
01100101100111010001000001110010111111101100100101
10001001110100110001100010000110101000111111011111
10001110000100110101011110101001011001100101001011
01101111110010000110010010101101011001111011101011
01101111011000011001011101111111101110011001101001
00011111111010110101111101010001101110011001001101
00000010101000011100010010000000000101010011111111
01100010011101010111011000101000100100011111110110
10101111010010000101011111011100010101110011011100
01010011000000100110011000001000111010111100100100
01011001111101010111000100110010011001010111101101
00101101100110110011111110010111011111111001000111
10101111101101111010011100100000000010011000111001
01100000000001111110100100000011010011000011101001
10111000100101011000010100011100100010001001111000
10100001100010100000011010000010110011001000010001
01101000111110010100100100011001010011101011111111
11111100111100100110010110100001011101101100011001
11001100000000000000111000111001010000111111111110
01011111001011010110111000000011010101011010010011
32 25 29 17 12 16 7 7 