125
125
01100111000001001101010011000110100111101110100100111011001100110101101010101001000001010001110010011010010100011011000111111
01101000011001001101001011110100101111100010101011100011010010010001010110101010011111100110001010110110001011111110001100110
00100011111010111010100110001000010111101001111101100001110010001000001101011011101011110001101100010010000101011011100010100
00111110110001100011011101010001101010010111011111001000111011101000011110100000000001011010110011011111001101000110111000011
11001011111000101010011000111001111100000110100101010011010011110111001010100011000101110011000110001101011110001001110000101
10010111011000011011010010100111110110001000111000101001000100000001111110100000000101111001111101101111100011001110100010000
01110100101011001101101100000000001100110011101110110001011100000010010011010000000010000111101001111001101100011010100001101
00010000010111100010110011001111001111010100010011111111111110100111100001111101000011000111101001100000100011001011110000111
00101001000101100000010110001100110001001000110001100101001011100001001101100010101110011000001101111010100101110001001100010
10101010010001001101001000000100101111100000101100010000010001000001001100100011111111011000110010000011011011011100100101011
10001110100010010101011101010100111100000010110011000010010100011100011111101001100000110101111010001011001101111010101110111
01111111111111110000111101110001000110001101000011110101010000110011011000111010001101010101010010010111000010011100111000011
11001100000100101001000101001011001111000111100010100000010010010100001111010010101100011001000101011101010111110100010111011
00100000110001000011111011101101001100011101111100110010010101001111100010100000111010001001010111011100111100000101110111100
01100010000010110111100101011111001101110000111110111001001011111001000100011101111010011100000110111010010111100010100010100
10011011011000111011110000101110011011101110101110100011001000010000001011101101011101001011100110110100101100100000001001000
10011101100111110000000100101000101001001111111011010011111011110011010000101011110000101111010111001011100011011101101000000
11101001001110101111111100110010010010000100100001100111111000011011000111111011001100010100011000110100101110011001000001000
00001001000101101110000011110110110001001101111101111110011100110011111001111100000100000101010010001100000001100000110001000
10000001001100011100010001110001001000010010000100011000111001101011000100001100111011010111000110000100001111101010001011000
10001111111100101011110000111010011111100010011101100000100010101000110000101000100011101010000101011111011000101000011110010
11101111110010011000011000001010001101101110100101101000110101011011100100000011111111110111000110110000000100111100011001100
00000110100001010000101001100010110110011011100101011111101011010010100111000111011110100101110111110100001011010000110111000
10101001101111001100000110110100101100001010111101100111110100010000100110111101110101111010110110111101101001111101001001000
10010010111000001110101101101110111001000111010000011101101100011101100011101001110110111111100011110011011000100110111101101
01100001001000100111110010011110110110001111110110011100111110111100000000110101010010001000000000001000011100111011001100110
01010000100001100110001110111010111010001101111101110100100111101110010011011111110101000100000001110000111010011000100111010
01001110000100101001011010111100111000101010010111001011100011100110111001001010000010111111011100010001000010011110010001000
11111010011111010010101010010101100110101110011000111001011110001001111110101000000110010011111100110111100100010000000000111
01110111100100010111110000111010011001110100101000000110001000001010001100101101001111001110101101010000101001010001011000110
10100000001010000110100010000000101101010101111001011111010101000110010001001101000000111101001100001111011011000110010101000
00100110110000100000010011101000011111011010000010100011110111011111100010000000110011000110111100110000100101000111111101010
01111110110100101100000100000111000100000110111101100101100010111100011100001101011010010001100101001101111101011010100011110
11110010100110111110011000010001101100100100010010100011000110011101101001011011011101010001001000101000101110111010001101011
00000100111010010000011000101110100001111010011011111111111001111000001110010100011111010111111000111000110110010111101010011
01000011101110110110111111111011000011010111111001101110110010100110110111111001001001000001110101110101000010001100011000010
10000110011010000101101000110000111011100010011110010111001011001111110110100010111100011001100000010001111101110101101111001
10000110111011010111000111111101101101000011000111011001001001111111101011011110011100001100100001000001011110000110001011011
10101101011101010110000111100111110100110101100011110111100001011000110110000100001110001101001101000011100011011111000011011
01110111000000100000110100100101000110010001010101111101011100000000100011010011010111011110111111100000111100010010011100100
00011001101101001111011111010001010001010101011100100001000111111110111110000110101011101011110011000111010001000011011100000
10101111100111111110000000111100100110110110101110001101101101011110000111010111100111110110111100110101111101011011111010001
01110000100000101101001100100111100011001000001011111001110110111111001000011000110100001010111000011010000001110110111100110
11000101000111001101111111010000101010100110000011101011010111101011100111110111100010100000000001011101111100000000111110011
10111110000110100011001011101011110100111111100110110010001101111100110100001010111100100011111000101010110001100001100110110
01100101101100110011010000100110110010100101110010010001111001001000000010110010100011100011100001001011010001011001011000001
11111001011111110101100111011001010001001001010111001011111100001111010010101100101000011001111001111010010101100001100000110
11010100011000000000010100111110011010111001100001110000011011001011101001011110101111010100100101111100000000110111100010101
00101010111000111000101011000111101011110100101100100001111000101100101101000010111001101000011101010110101000000011100000101
01111000000001000010000110000111101011110001001010000101111110010011101111111010011110111101001000101010111101110100101111101
11010000011100010001010011101101010000010000111001101000000010111101010000100111111010001100101000010111001001010100110111101
00001010001010010000110111000011000001110011001010110000110001000111100000110011111011011000101001001010000001011101110111001
00101001100011010010011110100000011001010101010100101010111110100101110001110110010001100100100111110111100110100000011001010
10111000110101110110001010100011000000010000000111111011110000011111101001011100100101011010001110110000100000011000101100010
01000011000011001000110110001100110101001001100101101010100001101111111001010101110011101101001010000101100110100001000001110
11011111010000010101000110000010001011000101100101001110000000010100111100101011010001100111110100101110101001111010011111111
01001011110011000110110111000001100010111110010101000001111011011110110010100111100100110101011101110001110111101111000111010
00001100010010111011011100010100001011000101110011111010101011000101011001001000100101000110100001011101111100100101001101000
10100111000010010100011001111100000000001011111011100101011010100000110110010110110000111000111000110111111011111100111011110
00111100110011011111001000101111111011111110000101011101000010001110111001100000110110110001100110010011001101001110100110110
11111110101001110110000100000010111110000111101011110000100100111000101000101101001100010000001000011011001101010100101111110
01010100000100000001111000101100111110111010101100011011011011010000001111010010111001001110011011000101001000110011011010111
10000010101000011010110000001110100010111111000010111100101110110000101001100000110110000010000101111100101001011111110011010
11100110101101100100101011110011100000001101111000101010000110011010110010000001010111110100010111111110101100100101111101011
10110101011001110110001010010111111100011001010101110100010101010110111011100110001001000110111011011101011101000111011100110
01111011011010011111100011100011110000111101001001001001000111011110010101100110010011001011000001101000011101011100101001000
10011100101101101101010011111010110111111001010011111011110101110101010101011010000111110100001101101011011001000000011001101
01110000011111111001101000010000110001100011010110010000001101111010001000000100111001110111110011110010011001101010010101111
11101111111011011010001110010000101111000010101001011001001001100111000111110010001111111111000111011001111100111010101001101
10000001100100110111000011011111110001010000011101000001011010111011001100010011101101111000001001110001101111011111111001000
01010111110111010010010100110110000001110011010111111101100011010101101110001001001010110110010111011110110011011111011111110
00010111000001110000100000101000011011001010111001101101100011101100000011001001011111000111001000110011111001110101100000011
01110110111111111000111110111111000001011001101110100100000010011111111111110000111011101111101101011010011101110110011010101
11111011111101011111110100100000001010110110000010101111001000001110101110010110101110000011001011001000000100011000001010011
11011110101110100000100101100000011000110001111000100110001010110001101111011010110110100101111010010111101111100000101011000
10111010110001000010011000100001101011000100101100111000110110011110010011100110011111000001100000110010000000110010110011011
00101000010011101110010001110000110000001100111111001011000011111011110001010101111001111010000110001011110110011100010110001
11100100010110100100010110101011100010000111100101011001001100001110111000111100010100111100111111111010011001111100100010000
11110100010110101111100110100100011101011110000011110000101100110110010010110001000011111011111110000010011000001101000011011
01001101001011101110100111000110000011010100111101101101000101100111111001101100000001101011001111001010001111000110010101001
01011101101111100000100101001000101110000110000010111111101111001011101100000110001110100110001101101010100001100010110010110
11110001000010110100000011100111110110101000111100001001111110011110010101011010010101001110011011111101100101100000010000100
01111010001100100001001000001010011000101100010000101010000111001000101011110101100110001000101111110111000101100100100100110
10111001101001001000101001001101101110111000111010110100100000011001010111110010001100000101000000100011010000111011110011000
01011100111010101010010100110101001000001000100100110111101000100100111111011010101001110000100011100110111010001010001101100
10000110001110101000101001011000011011111111001010100010100101000111001011011111010011010010010011100000100110000000110001111
10011000000110001011000110101100111101011101001000010011010011110001111010100111100111001011011010001101010100100110011100011
00010100101110110011001111110000110111000110111010101111010101101000100000001001010111011000001011010100110101111110101100001
10110010011001010000000000001111101011100010101011100100001111001001000010010110100101011100011100000010010001101001001000100
01000111001011001101101101111010010011011101010000010010011110101010110011101000110110100010111000100011101001010110101111010
00010110010100110000111100100100101101100101100000101000000100001011011000100111110101011000100000010110100110010010101010001
10100100111001101010101000011010001001010010100101000010101011111000011110100111110011011101000110011001100000000011111011111
10110101000010101011100001111011110010000001111010010100111110101000000000111000011000111010001000101101100100011010001000101
10010001000111110011110111010100010011011111001110100101001010100001111010101111101011001100110000011001100001100111110011010
10010001001010110011111010010001010111110100011101010110101101000010000010101001001000111011111110100010101011000000000110101
01011010001011010110110100010010100001110001010011100100100101011001110100000101101011000001110110111011000011000001011011011
01111100100100100101101010010011100011000110010100101110101100110010000000000011100000010010001010111000001100101111011001011
11011010101100110101011100101101101010011010110101110010010001110101001001101100111000110110101000111110000101001011010000101
11001101011000010011010101010001100010001101111111111000011001001010001010101111000000011101111001000110111110110000101110110
11001111110000001101110010110100111010111000001011100001110101100100011101111011100011011001001111101101000011011101001010110
01111001110101011011101111000110101101101101100111010010101000000111000000100111100111001000110100110001000010110101000010000
10100010011101111110100001100111100010110100100001110111100010010000011100110101000111111010010111111100110010101101011100001
00110111111011011001000101110010111010110001110111110010100110100001110101111010010100001111010110001101001000101100000001010
11010101100001101011110011101110010001110100110000000001110001001000101110001011001100000001100100000111110100101110000010100
00011011000000000100000000110111011110110001101000110001001010001000101101010111110111010110101100101001011011011110110010000
00100101100000010000010011011011010101100110100011010100110100100010110100100110111100000010001011111100100110110011100100111
11001010011000111011000001110001101010010011101100001101100111110000101101100110100101111111011001010000101010101001011011010
11000101100011110110110011011101010110001011110111010100100010011010110111001111101110011110000001000101011110110111101011100
01111001000111000010101011111001111000110000111010110101100000100101110110011001000011110000001011010100010010010001110101111
00010110011110010000110111101100001101010001100110110110110100010110011101000000110011001110110000111010110000001000010001010
00110000100111111101001110001100010011101011111100000001100001001101101011100110110111110000101010100101101110000011101011000
01111111001000011110010110100110111011110111000011101000101000001000001110100100111010011011100000000011000000111100000101100
01011111011011001100000000001101001000001001011000010010001111000110111000110110000000111010101000001111000101010000001000111
10110100010100100110111110001100001000011010110101100010111011111001101001101001101101101110101111111110100010011001011101100
00001101100011110010111100110001111000010010010000000111100010010101100010101100011001001001001011001100011100100101110101010
00001111100011111100000111100000001101111000100001111011101100101100100100000010001011010110001111100011010011010111011000110
00111111001111111011110000011010110111110110001110011111011110110100100000011010010000110010000010010100101111101101100111010
00001010011010101100110100101010101000100011101100110111111011011001000001101001010110001101110111100110110010110001001001001
00110111110110011101100111011011100011111110001010101111011110001000111000001111100010111101000010101001001010100010010111101
00000010100000101010111001111000100110011000111010110101000111001100011011001110110010001110000000101000010111001010000000100
10110101000010001011100111010000001110011101110111010011110111011110001110101100000111000011110100011100000000000001001101101
11000100101110100001111110101100101001101011011001100110000010010101001101011111110000110111001101010101001010010111101001101
11101000001110110010000010000111110111100101110000010000010100111101100011111010111101111001010111111010101111110100011010010
00100100101011100110010001101011111101010110000001000000110101100000101100011110101011110000111001110101110010100101100101011
10001011110000010111111100010101110100000101110010001100000011101111101110100001001111001100101110100101000010010110000111110
147 144 132 65 67 64 33 37 