75
75
000110011000001010110111100010101100000011011001011011010100101110110110100
001011000110011100011000111001111111100111001000111111010011100010110001001
100100001011110110001000001001100000010101111010000000001001101101101010001
010110000010001110010000001000001010010011011101111110010100101100111000011
110000000001001011001110100001001011000011000101111111100110001010100011000
111000000110110000110110100100000001001111010010001000000101011000000010001
111000000011000101100001011001101011001011000010011101001000001110111001010
000001000000000011001001111011000001011111001100011000000110111010010011110
001001011000000000011010011001110010101010010000000011110101101101000001011
100000000010000000001000101001100011001101101111010011111111110011111110101
100010010010100110000101000110100110011000001000000001000100101101001010001
111110110101000000101101001111010010011101000001100001101111000000001000000
010010010011110000011000110010001110001011111000101010111011100111110001001
011001010100110010010101100000000010001110000000000000111010110110001010100
011101010000011001010111110101010101111001010001100001011011001001010011110
100001000010001010101010000000011101100001000010010001001000110110001010000
110111111000011100000101101000011011101000111110101110010010001100010100000
110011110111100001000010100011010010011000010001100011010001110111100111011
010010000001011010010010001001000111110000011111100000101100110111100100000
100011100011111001100000100001000010101100010001000101000010101100100010100
000100011100010110001000001011100100000000000000001101000011110011000001000
000010110001010001111001001101000101111100101001000011010110010011111101010
010111100101010100001100011101001100111000110010010001010011000101110101000
001001000101100101101110101010100001100000000110001100100000000000010000100
010011000000010111010110001000000001000100010100111011010000000110011000111
000101001010011010010100001000010110100010000000110010011010011110100100000
100001001000000000100011110011010000000101011000010010110000000000100100010
000010110000000010010101001100111001010000111011001100101000111001011010000
101001000011000001011010011010100110000000010101000101001001000101111000000
010101101111011000111111011101010010000010110101100000111010000111110000000
110001101001011001000000001000010000001101000001000001110010110110001010001
110110001110011000100011001101101111000001010000010011100011001000001101011
011100110001011001100010101010001101110000000101011101000111000011100001001
010011101000011000000000101000001000010010110000111100101010000100011000000
000110000001001001001100101101111110001101100001000010001001001001000011000
011000100011110101101111010010001100010010010001100100011100001010000111001
100010010011010011011111000110000101001000110100111100110100110011011000000
001000101001010010110000000001101100001101111010001111000111000111010000001
110010100000100000100001100111010110000010100000001111110100001010100000000
010101101010001111000001011001001101100011111100110001001000000110110110011
100010000010010000100000000111000000000000110100101101100000001000001100000
000110010100100001111001001001100001100000001101000001000100001100110000011
001011010010010100011100011100110100000111001101100100010001101100001010100
000000111001000100101000000000000000000111011000110001001000011111011100011
110101010010011011100010100011100000111100000001100011100011110100101010100
010111010111110001001001011000101110001001001000110111011001100001000100011
001101010100010100010000101100001001000101100010010110110011010000111100000
010010100101110000111011010000100000100110100010010100011010010100000100011
110011011111000100001010001111101001100001110100010000000010000000101010010
101001101000011011100011111111000111101010011011111000011001101010110000000
101001100110110110000001011111001011110000000100100001011000101100110110000
000101110001010100111000110000100101001100100100010110100011001000001111110
101001111100101000001111110010000001000011111000110000100010100100100011000
010010010110010100000011001110000110000011000011110001100100000000111100010
000001100001000110110000000101110011101100110001100010000000110011001110101
010101110100110000001010000101001010000101100000100001011000000010010100100
000110100000010010110010001000101111100010010010101011001100111101010101010
010100001010001000100111001100010000010100110001010000100011001001000100110
101101010000011010101001001100000010001100101011001101010110100011111101110
011011001001110010101000110110010000011010000000000100000101100011010100001
011001000101100000010000100110010110110111000000010010101010011110000010100
110000111100011000001001000100000000101001010011010100001101110100000100100
110110101100000100111001011000000000010000011110110110000111000000110110001
010000100000110010010000000100001000000000001110000101000010100101010100010
000100011010100011110001100010010111100001001100010101000100000001011000100
101001000011101100000001101010000001010010001100110010010001011011001000101
001000100001101111111001011001111101000110010000011011001010000011011001000
101000000001011010100110000010101100011111010010001001011110000001000001101
011100010000001101011110000001110100010010001000010101101011111000011011000
000001101100000010000010001011001001011000101001011101010000101000000000000
110011010100110101101100101011000100100001110011011101000100110011010100010
110001000111110001000101100100111011101000001010100001011000011110110001000
010011110000010001100000000010100011100010110001111000011001101000000111111
000111111000001110011110000001110011101110010110011001001111010000011010101
010011011010001011110101110001010100100010000101011100101100110001010000100
77 69 64 39 33 48 20 28 