75
75
001111101110111101110010000111011110110011000110111100111000111100101010111
010111111110101110111100111101111000001011111110001111110011001001111111101
011111100011010101011001111101011110110010001111001001011111000011110101011
111101111101010001001110011111101111101110111011010011101110001110111100100
011110111111010011111111111100000100111101010101101110010001011110111110110
111111000111111110100100100001000110001111001111100110001100111001001111011
010111110110111110100001110101000100110100001001110100011110011011100110110
111001111110101100010101100111101010000101101100011100111011011111010001111
101110111011111100100111010101001011000111011110001111111010001101000110011
111100111011110111001000100011011010110101111110001110111101001001111100111
110101110110001001111101010011010111111011011001111001110101001110111001101
001011110010101101010110111100100010111101111111011001001001011001111000000
001101001110111101010011101101111110111011000010011100011111000110110111100
110101111111101110101011101111000011111010011101111010011010011011111101111
011111101011011000110011111111110100101111101101100111110011111111100010011
111011001001110010010010101011010010101101101111001100011010100010100111101
101111001101111100100111101011001101011010001001100011110010110100011011110
011101110000010010111111001110101101010001101101100111110111100110100110011
000111110110001110010111001001011111010001100001110011010011110011011010110
001001100111000100000011111010111011111010111110010110101111101101101111110
101000001011111000010111001101011010100111110111111001111110111100010100001
110111011001101101111001010100011001011110011110000111111011110101110111011
100101001111111100111010011111110111010011011101010011001111010011100111010
011011110010111010101010101101001010010011011000111110100111000101010110001
001101111101111001101011111011010111110100010101011010110101011110011100111
011000110010110010111011100111010011100111110100101110111001100110100111000
011011101101010101101011100010101110110010000111001111001011000011100110000
110110100100011101110101110011011101110110111011111001010000111111001110000
111100110110011111110011111111111100111101000110110100011011111110001000010
110110001011101101011011010101101101011001111111100100111101000001110100101
011010010111101000011101101100010111100111101100111111011110100001111011010
110011010101111110001011110110110101011110111000000111000110011001100010101
111000111100011110101100001101000100010111100111110001011111001111011101100
111011101111100101000011111001011101011101111011110010111010010011000000111
001111101111010011011000100110100101000011101100011100111010110111001000101
001011101001010111011101000011111100010111100010101100101101001011110011101
110110111010101111001111001000011001110100001011001111011100001101100100000
011111000101111010011111111111110111111111110011101111011110100100111001000
110111010101110011101011101110111101101111111011001001000101111101101111011
011001010101111110101111110001010101001110111001101101111110010101100111011
101110101100011111000010111111110001011111111010101000101101110010111111111
101011010111111000101011111110011111000110100010100011111111111111110010001
001100001111010100000111100101010011011010010101110110010100011011010011000
100111000110011011000111001111111000100011111101111010111000001100110010111
011010100101010100010000111111101110001110110000011111101101111100010000111
001111101111101100001011011010110010011100001111101111101010011011111101010
111110111110111001100011011110111101011110011111011101111110111110100011001
010011110110001011110010010111011111001011101110111011101100101101111000111
110111001110010000011111101110110111011101010111000011001001011101101011110
011011100010111011001101111101101001001110010010011011101111011110111110000
011110110111101111000010000000101101111001111001101111001101111111111010110
100101011110111110101111001111111100111101101111001011111101111111111001110
110010101011011001111001110100001011111100111111101110010101011010101000111
111111110111101110011001001110110111110011000011001000000111011101111111001
001010111010111111001110101100010100110100101111100101001011100011110011101
101001001111100010110011110111100111001111111000001101011101111010111101010
110000001111001101111111011111111101000000101111100110111011101110111010111
011111111001000001011101100011001111110101111001011100100101000001100011010
000001101000110110011110010111010111101010001111011101011011000111010101011
111111100001111100101111100111110111101111001010111111111100000111111011001
001101100111011100011101001111110011110010010001101010110000110010011111110
111101110011111010100101111011010001000010010000011010111101011100000011111
000100101011010001100010001101111101101111011110011100111101111011101011111
101100001001101110011110100000110101011000111100110011111101100001111000110
110100110111101011110010011110111011111110101100110100110111110011101110101
101001010011101100010011100100100010011110111000110100010101110111100101010
011010111011111110110110001100001011100101110011100001101111111011110101010
111011101100110010000001111101111001111111101110111010000110101101110000101
011010111001001110011001111101011101101011001011000110001100101010000110111
010000101011101100101111001001101100010110001111111011111110011110001010011
100111101001100111111111100110100000110101111111011111110010110101111011110
101011111101100110111010001001011000111110011110101011100000111100011110000
101110011110101110001111110110111011010111100111111111000100111011111101001
100110110111101001101110010010110100110110010100110101001010111110100111101
011111001011001011100111100011110001111110100000011111110011011101010010101
97 96 109 51 55 55 14 21 