50
50
01111111001010000110011000011001000010010110001110
00010000100100011000011001011101000100010001001011
11010000101000100100011001011111000101010111000110
11001010011000000100001001000101010010101011110110
01110000111000101000010000010110100101001001100001
10000100101010100011000011000100010110111000011100
00101111100000011010000011000101001001001001100101
11111100000011100001001000010111000001100000000001
00000101001000101100011101010100010000000110001100
11000011011101000000010001100111011010000010101111
00111010001101001110000010000000010001000110010001
00101001001001001010000100000001001011011011000000
10000100100110001000000000001000011011111000011101
00001000000000100110000011010110011110001000011100
00110101111010010001000001011010111101111110001101
00000101000010100101111100101100100100101001011000
00000101010011000000100000001000101101000101110000
10101000100100100000100110011000110011000011101110
00111001000011110001100100010100001100010000100100
10101010010100111100110110011000010011110110001011
00101000101011011000000001100000101100110010011011
01010010100110110010101000000100001011000001001101
00100001100011010010110000100010000100111101001111
11000110010111001001001000111001011011001001100010
00011010001001101100100000111111001000011100000001
11100001111100110100010010100000001010000010010010
01010000000010110101000110100100000110000000000100
01010001100000010110000100010101000100101100000000
11110001111111010111011010011011000100110110011000
00000010000001111001001010100110001111000110100110
10101000010000101111111011000001011110010011100000
00000000010110001101000001010100111001010001010001
01110000100000111011101001001100010101110000101101
00000110001100010011011010000110000101011001011001
00100001100100000000000000100101010010000000010010
01010000001110011100100010000001100011100001010000
00010000100100000111000010010010000000000010000100
00101010111001100010000100111101010011001010010001
01011100000010100100010011100110000011001001101011
10110100100110010100010111010001001000011001111110
00011010110011101011001001110101110000011010001111
11000110101000011100000100000111000101100011001010
10011110110110100100001011000110000010001000010101
00000101100000100100010100000010001001000011110110
00011111000000010000110010000000000011000010101000
10001001110011100111011001101100110100110010000111
10011100001111100110101011100000000000010001010010
00100110000000011011000011010011110011000100110101
00011110010000101110000100100001000101000000110000
00100101010111101011011000100011001010101001100000
23 28 23 15 10 11 6 4 