50
50
00000101100010101011110000101100001001101011100110
00000001111101001010011101111000001011100011110011
00000100101000101011110000011101101001111111000101
10010111101101100110101110001110101111000100010101
10010000000011111010110111110001110001100101101110
01100000101011101001011010000001010000101100110010
00110000111101111111010000110011110000100000000000
11100111001111010101011110100011010110111010001111
00010010000111011101100010100011100000110101111110
00000001011010010101001110001110001001011110010110
10101011011100010101010000100100000000111000011111
11100001011100010111000101100111011001001010001100
11001011110000100001110100110001001011100111000000
01001101110110000110011100000000000001001111111100
00100000000011000010000101100010000010100011111101
01110101110011010001010011001011001101001001000011
11100000111000001010110010000111000100000000110000
11011010101110000101010101101000111100000001001111
11000100110111101110100001001100011110110000010011
11110010100100101000010100011111110111010001101000
11111110001111001100110011010101110000010011100101
10011011110000111110001011110100110111010010000000
00110001110010101011011110010100001000101010001100
00110110101100011100100111000111011101100001010101
01100110000010000100001101000010000010011100000000
11111110110111001001111110011101101101111000011011
00010010001001110110001000111010001101011101000101
11001011100000011011110111110100001010100010010000
00111111110001111100010110000111111110101101111000
10011011101101110001101110110010010010110110110110
11100001000110011010000110011111011001010111000001
11101001000100110101010010000000011001001001110010
10001111000111110011011001000011101011010101101101
10010100011111000000010100001100110010000111111011
10101000110000000111010011001011101011000100100111
01000001110000100100110010010001100101000000111010
11111000100001001000010010100001000010100001101010
11100110111001010111011001010000101010100000101100
01010000100101010101001101000101111000111010011011
01101111100001000100110001100011001111111011011101
00000111110101111110011001111001100000101001110110
10101111111001101101111110100011001000000001001011
10111000011011101010101001001111011111111100011011
00110010101001101110101000101100010111101111010010
01000101110100110010110011110000111101010111101111
00100101001110010010100100011011001011011010110111
00010011011001100110110010011100001000011000101001
11101100011011101010100110010110011010100011101010
00011010101001100011000010000110010111000111000001
01010000110101101000100000111011101110000100011101
21 29 49 15 23 12 5 6 