100
100
1111100010111101100101100100100001000111110111110101000100010000000111010110001111010011100011110111
0100001001100100111110100000111010100101001110111000001100011011111011001010010101100101010101001101
0010011101001001100000000001001100001000001010000111001100110000001101011110100101011011010111001001
1001110110001001000110110111111100101111100000010101100010100011000010101000011110011100101111100010
1010001000001000101100011000100111000110001100110100101000001111011010110111001111100111100001010011
0111110010100110011011010000010010101011101001001001000001111010010011011010100110010101010101001101
0010111011000111101101001100100100100011001010111100100110000110001111001010100010101001111011001100
1010011101110001011010010111111001001000001111011101000111010010101011110000111011010010100110010111
1111011110101101100111101100110100011001010110101001000101100101101100011100111011100010011011001000
0011010001110110100110010010011101101110111010010111010011110001101101000101110100000100110111000110
1111001111000000101010000000010010101000000000001111010010011010111101000101010101001100110010011010
1111000010110011110011111001001001101000100111010111111111001110111011110001100111101011100011011001
0001101011000011100000111011010000100101110001101001000110010000001110110010010000011011111010010010
0001110101111001001011100010010000011100100101101101110110011110011100111111010011010010000011111110
0011010011011110110100101011001011001010111101101110100110100001100011110110100000110001011110001111
1001100011001010110100000010011111001111000010101101000011000010000011110010001000110100011010011100
1001100000011111000110000010011100011100001011001011111110110110000010110100111110101110101110011011
1110110111011010001010011010010001100010011010000011100111100111101100001000011010110110110010011010
0011010101000011110001010110011100110010010010111010111110101000100111111111110010111100110111011000
0110001101011100110011101001100101111011011001110100001000011100101010100000110100000010011100011001
0000100110101110110110010010011111100010001111101100111110101101110010110110000011111001001011001011
0100001000000010111111011000110001011101111110011101001010000000100110100101110111010001001000101110
0010001101010111000010110101110111011011000100110011011001011110101100011000111000111110001111111110
0000001111001010011100101011011101100100011111010010100100011101000111101100111001011101010010100101
0011001010010110000111001100001001011110000011101010011111111011101110101110110010011110100110100110
1010110001011111000100011100000111111101101000110011110100110010011101010010110001110100100110010100
0100000010110101011100110011000001101100101110110101011100110010111011110001011101100100001101111101
1101001110011101111001011010111100110000101101000011100001011011001011100010011111000110101011110110
1010001001101110101111010001001110001000110001000000111001101001010110100111011001100111110110001011
1011100100101101110000011011100100100100101001000000100101100111111001010010101100000111011011000000
0000011101011111000010100110100100101001101100001001010110011110111011111111110011001011011101011000
0101100000100000101101101011000011110111101010111010111100011010010000101001111110001010000100111111
1011010100100000011100011010100111111100100011111111111110101100001111011100001011111011000101110101
0000001101010001101011011010000001111100111010111011001000000010110011010110101010111011001011000001
1100101000111101111011101100111010111101000100110110000101011011011101100000110101111111111001010111
0111110000111110111101001011100101010000011110110110001011111001101111111001010111000010001000110110
0110011001001010110101000000011111111010100000001010001100101111100110101011101010110110111001101110
1110111110110010011010101101000010001010011010111011110110110101010101101000001010111111100000011011
0001001001001100011110011111101001110111011010111101000111001010010011011110010101101011101110111010
1010011011101001110101001110110011010001011001011010111110101110100100110101100111001000010010011010
1000011011001001001110001110101011101001000100111001100101111010001000100100001101001101001001110001
1011110011110100010111010110011100110101001000110110101011100110001101000110010100111110000000100111
0100011110010001001111101010010101101101001100101110110000000001010010100001111000001000100110101011
1001111111001011100110101001110111011101011011101100001011001000000010001010101000111101100101011111
0101110011111110001010000010011110101010010001100110100110000101100001110111111101100010010101100011
1010111000110001001000111000011010000000101110110011110010101111111001111011111111101111111000010010
0101010110011001011100111000100101000001101011011110100010100001110001010011110101010110011011001000
0110110001011000100111001011111010111100110001001111011010100001000110010010010011101010110010011100
0111100010101111010010011100100110111100001011100000111010011111110110100011001000110000110010000000
0111011110101100110111011010110011100010000100111100100010100111001100110001110110100001010100101100
0101101010111010101010100100101010100111101100000001000111001010110110010110100001010011110010000101
0010000110011100100110111001011011111001000110111101000011010011110001100111001101101100000011010101
0011100011011101010000110101001100101111111111000110011110111101111011100100101111000111100000101111
1010000010111111101010100001011011001001100101101000001010101000101110100100000100000010110010100110
1010100011111110000011011011010110110011011110000111011111000110111001100010111101001110000011001000
1001110001000111001011111100011100111001101000011011010011001010010010010010111111001000010001100100
1011000110100111101111101000100001001000101100001000100101001101000000100111100011011010101101010011
1010100101001111010010000101111100001000101010100110101000001001101010010011001000000011011100001111
1110100101010101000110010001000011111001010011110100110011011000011000001001000100000101010100101110
1110011000111011011001001111111000111110000111000101001100111000001011010101001011010010111001110101
0111100001111100100110110101000101011000100100001111010100100010110001010111101111110111111001010110
1010100011100111111001101100001000110100110110001011110101100110010010010111011100100101111110000100
0011011010010011000010110001010000110000011011000111100110000111111110100001010011101100110111110100
1100011110101111000001001110100001000100001110011010101011101001000110100000101111000101000011111011
0111111000011111101110111011111110100111100110000101111100100010110000001100000101111111100110110001
0101010100000101000001010111010110110010011101110110100111010001001010010101011111111110101111111011
0110100101101010010011111111110100001111111011011110011111100111010110111100100011110011110101000001
1001100110110101011000111111111000010111001111011111101100111110101101110110001111010100100001011010
0110101111010000100010001111011101111000010000100000010011101110000110101100010001010010101111000111
1010001001101011000001011100111001110001110100001101111000100111011011010110111000000101101011110010
1110011100000000100000001001001101100111111101110001110000000001110111110100101010111111101111011110
0011000011110101011110011100100000101111110010110100101101101100111011110100010001101000001101011110
0001000100001111100010010011010000100100011011011111111000011100000101000111101100100001001100011001
0100001011010011111010001100111001010010101011110100101000110011000011110111000110001111111000101011
0010011111110100110011111100101011010111101011001100110011010001001001001011111010101110011101101101
1000100000110001111100011000110111000101100010100001111110111000010100010100110011100001111010011100
0111111111011001000110010000110101011010000011110000111011100110100110010001100110010111011100101011
1101010011100100101000101101011101010000010110001110101111000000001001110111110101101000001000110110
0001010110101111100011010110101111010010011011111001111101001011100010101000111111100100010001111011
1101011101000000111010010001011110010100001111010100101110110111110011001100100011011010110010001000
1001010011111011000101000001101110111100100011000001000010001100001001110111100110111011011011101110
0100001000010010111010111001011100010100000101010100000101000000101000111010011110010110011111000010
1101001101001110111100001010010101001010100001110110010000000010000100011110101110101111100110100011
1000001000010000000100011100010011010000110000101011010100011100000010011010010110000010101101101010
0111101001101110000001000000011101100010011010000010111011000000111101001010111100010010111011100100
1111000111001000010100000000111000100010001100011000010101100001000101010011100010110110010010101111
0111110110011110111000010101100110010111010101011010100010110010100110100000010110011001101110000010
0000100010010001101110010001101110010111001011000011100110101101100111111001110001010000011111001000
0001011100100101101001100111100000111001011011000000000111000011100110111111111101100010101010000101
1011010011110011101110000001001110001100011011111000110111001101000101100110011110100011111111110010
1110010110110010111100001001100110010011100001001110100001101100001100101011001100110111000001010111
0001000110110000000001111110011001010011011000100110100111111110000101100101111011100111011001010111
1101011110011011110001000000011000110010110101100000010001111011111110110010100111000000001101000000
0111100010101001001100100111100101011100101010011011111010100010010100001001010110000001000100110010
0011111011001100110101100000110000101011100001101011111100001111100101110100001000101000110010111001
1101010110001101100010110111001010010100010111011001100000101101101001011001101000010011011111100001
1001111001011010101010111100011100111111001110110110111011111100100000000000111101010001101101010011
0011111110001110001101010111001101100010010011100000110001110101110001110010101010010000001010101110
0110110100010111001111000010001110000000101111011110111111001001010000001101011110010010111110001100
1001110111100000001011110101100010010010111110100100001001110111010011101000101110010000101000000101
180 149 184 89 100 86 41 44 