100
100
0000010010000010100101010011100100010000000100000010000000010101010110000010101100000011111100000111
0010101100001100010100000001110001110000000001100001000001000000101010100100000000001011100000100110
0001100100001110010011100000100100000000000010100100100100001111000001000100000101000001100000111010
0000100010000010000011000000010101100101111000100001110001111011110000100000011110001001010110111010
0010100011100100010000010100010111100001010100000001000111010110010100000001000100010000101000000000
0000000011000000101000000010101000111010000000000001100010000000000110101000010000000000010101101000
1000000101100001110100010111001000001010100100101010011101010000000101010000011110010000001001110000
1101101100000011100101000000010000110000001001000100000100000110000000000000010001011110000000001100
1010111000010000000000000011100011100100100000110100101010000100001010001000100100010010100010010110
1011010000000110010001000000010000101001100010000011100000001000000110100000000000110010001010011001
0001010000001000001010101001010110010000000110110100000010100011000001001010010000010000100000100100
0001000100100000001000100100110100000110000010001000001001100001010010000000011100000000010000000000
0000000110010100001010000100001000000101011101101010010010001000000000010000101010000000110100000000
0001110100100011000000000000000001001011010000001000100010000000000000000000010100000000001000010110
1010010100110010000000101000001000100000100010000000000110000000101110010110110010000010101011010001
0000010011110101110100100001011010100000010010000000001100000001110100001000001001101001010001101001
0000000000000110000001000100100101000010110010001100011001010110000100111011001001000100101100000110
0000010001110001110111000100011011000010000101001010100100000011000000110110110001001000100010000001
0000010100101100000000100001110100110000001000010000000100110001000000000101100000010100111000110110
0001111100001010000101100110110000110010000010000000000100000110011100100101000011010001011001000001
0000100100011010100101000010001100100001001001001000011010000000100000000110011000100011000000110000
1011000010110000000000110010100000000000000000010010100010101011001010101110011010010000000000001000
0010010001000000001000010100100000010001010010000100101111001101101000001000010000110010100010100000
0000111010010011011010101000101000100010001001001000011010010000000110000000000010000011001001001100
0101100011011001101100000101011110011000000001110000110100110100000000000001010000000001001000101000
0000000101001011101000100000000001101100101000100000111010000000100010000001010000001001101010001000
0000100010000000101100111110001001000010010000100000111001100101010000000010000000111100000100110000
0010010001000010101000000000001001001001101000010011100111110000110010000010001110010010010000100001
0000010000100110001000111101100000000010011001000011100110000000000000000100000000010011101011000111
0010000001100110001101000010000000100001110000001000010001000000000110011001001000001100110001000011
0000001010000011000100011110111001000010011100000100010010011100000010000010001000010111100011010100
1001000000000001001000000000100000001101100000011110100001000000010100000011100100100000000010000101
1011100110000100100001001110010111001000010101011101000000000010000000010000010000010001000000001010
1010010100000010101011000100000001101000000010101100010010100010000100000100000000000010000000000000
0100110010000011000010001111100100000101110010000000100000000000000111000011001000010001110010001101
0011100000100100001000001000001110001010101000101000110010000100010000001000001001001000001100000000
1000011000001010000100000001000000000001100000001100000011000101101101100001000000000110110001000010
0011000001100110110011010010010000110000000100001000010010110000010010000000111001100100010010010001
0000000000101000001010000010110000100010000100001000010000100101000100010110011001100010001000011001
0010000000010100001100000101001000000100001001001000100000001000001010000001000000100001010000010000
1101001111000000001010000000000000100111000110010010100011001001100010000001000000000000000010100110
1010100011101010101101001000000000100001100110000000001111100010010001010000000100011011110011011101
0100101001010000100000101101000000000001000000001100100100010000100010000001011000110110001110100100
0111000010010110001100100000001100000010100001001001000100010010000010101100000100100000000001000000
0001100000000010000000011101000000000000100101001001011010000000000000001010100110010110110000011000
0101000110100001010000010000110100000000100000101000101110101000101000100110100110110000100010000011
1011111110100001000001011001100100000100100100000010000110101111001110000100000110001010000001000000
0010000011100000010000100010001100000001100010000001010010000001000010100111000000011001010011000001
0000001010011000100000110001100000000011000100010000110001000000000000100010110000000100100001000000
1110000000101100001001010000000101010100000000100000000110001010001000110010000100001001000101001000
1000110000000000100000000100000010000000100001000000010100000001000010000000000000101000001111000000
0000100001010011100000101011100010000101100100000000000000001101011111001001000001110001011010000100
0000001110000110100110101001000000001101000100010001100111100010001000001011000100101001001001101101
0000001000001000001001100010000110101101000110000000000001010000010100011100000100001001010001110010
0110000001101001000001000100000011000000000000110000010010000110010001000001100000010100100001000000
1000110011000010010101110001011010000000010000100000010001100000110000001000001110000001001010101000
0100001100000001100101000001001101000100001000000010000001111010000110001100000000000000100110100010
0001100010110001000000001000010000100100100000000000001011001000010000100011110001101011100110000010
0100010100010010000000000111000000001000010001000000001010001110110100011100010100110010001100010000
1000000110001100100000110111100010000000000011101100100000001000010001110110000010010111000000010011
0011100000111100000001001000110110000010010100101000110100100010000100001001000000000100000010010100
0010001001111100010100000000110101010000010110010011000000110101000001100000010001000000000100100110
1011000000101001011001010100001101010110001010000101101011010100010100010001001100000111100000011110
1001000000000000001011011001010000010100001000000000001010001100010101101110100000001101100001100100
0110100001000001000000110100000010110010100000100000000000010111010011100000000001000111010110000000
0000101000001000000100010011000001000111011011110000011011110000001000100100100000000100001000010000
0011000001001101100000000111100001101001000000000011000110000011001000010111000010000000000110011010
0110100101001001010000101100111100000000010001101001000000010100000000010000000000101000010001000100
0000001001000001001011001100000111101000010000001100001001001001001100000000001100101110100001000100
0011000100001110101010000000110100101000110000000000001001101000001010101100101110100100000001010000
0010010010010010000100001100100010011000010010001110100100001000100010101110000000000001000010100011
1100101001000000110000101100100000001011001001000010100010010001100010100000000001010100011111001100
1000100000000010010100101000000001000100110010100000101010100010100111110100000010000000000110000100
1011000010000000000000000000001000100000000110000001000000101010001000010000001000100110000000000110
0000000000101000000100000101011000010000010000110000100000010000001111001110100110001000100000001000
0000001000010000000001001000001100001001000100100101001110000000100110011000001001000000000001000001
0010100000101001100111001010000110100110010100000000000000000011001001000000000000100000010000100000
1000110000000000100101011000010110000001011111001110100000011101010011000000000100010101001010001001
0000011000001011000001001001000000010100110011110100000010000100000000010010000000000001000110000011
0110001001001101000000000100000011100100010001100010000010010000000010000100000010010010100110000010
0100101000000010010000010101000100000000001000111010000010000000100000110000000000101001000011010010
1010010100100000100000000011001101100000100000010001000100100011001000011100001001000010001000010010
0000111111101001011100000100100001001101000101000100001101100000100000001101000000000010111110010100
0011010101000100001101100100100001100000100110110001000010001101001000100000100000100010000101011000
0110100100001000000100101010101001010001001101110000000010010100100000011000110000000010010000010011
0100100000000000000111000000110000010100000000001100111100000110000111001000001111001000000000000010
0000111010001110000011010110010100001011000010010100100001100100001000001010000110010010000000001000
0001000000110110010000010000100011100000100100000001001000010000010011100000101001011100100010000000
0101001100000100100010010000110000000110000000000000101000010000000000100000101110000001001000110010
1001000100100100000100001001010000001001110000010110000010001001010011001100000111001000000010000001
0001000011001001001000110100000010010000000000100010000110110110110000100110110011011110100100000000
0100101000001110111000011010101101001111100011011111000010000000000001000010000000100001010000000000
0101010010110100100000000000001110001110010100000000001010010011010010101000000000010000001001010001
0010110011101000000011101110000000010000110011010011101000100000101000001011100101000000100011100000
0100000000100011000100101000010000000000110000000000111000100100001100010101000100001000000110010100
0010000110110010100001101000010000100000101001000000101010001101010110000001000000110000110001001001
1001101100001011000001010000011010100100000001000100000010001001100010000000000000000010000000010100
0100010000011100110000011100101000111010110101000000001000000100001001110100111001000000000000101101
1000000000001011000101011000101000000100000100110010111100001101100100000010001000000001001010000011
0100010000000100000100110110010010111010100000000000000011111010101001100001000011000000101001010000
130 128 140 62 63 59 25 27 