100
100
1000110011011101001001000110111101100001100001010101111111011001001111100001111010010011010001010001
1100000001100000000001100011011010010111011100001101001001100111101011100001110001011010100101111101
0000011110011001001100100001001000110011001101100111010111011110111001100100001011010011111011100111
0110011001100100111111100111000001010100011111011101101000111101011100111110101101111101100001101011
1110111001100011101001100011101010011100110110001111111001011001111001101101110001111111101101111001
0111010111000001001011111011111010110110000001010101011100110110100000001010101100100000010000101011
0011111001000101011100111011111011101101111001010101100000010011111001100010111000011001100101010010
0110101011000001000101100100101000001111000101101111010111111100111010100100001011011100101101011110
1000110100011000010100001101111010101001001010010100111110000011110111001101000101110110001101110101
0001010111100011001000100011110101000010110100010001111101011000100110101101001000100010110010000100
1000110100111111110101100010000011011100110110000011111011010001000000111111000011010111011001111101
1100000010001110110010011101000101101110110010010101101111111111001100001101111000100101111111111111
0100010001001100101001101110001101011011111101110111011001110011011111111111000000100100111011001011
1100100100010011001000110001101010100111010110111110111011110110010101010100100101010110010111100000
1000000001001111101001111101100100110001001010000100101100001000000110101110110001101100010100010110
1111111111000111001001011110110000101100000010110010010100000010001111111010100111110110011011001111
0100011101101110101010111100000001001100110100100000001000100010011010110000010000011001110001011101
0011100101011100110000010010111001100001101111110011110110001011011111010011111011100010110111111001
1110110011101001111101011101110100111010000100111101001111110011011010011101100011111010000100110100
0101010000010011001000110010000000011001010000110101011100011010011000110010001011001101101101100101
0011000101000101110100100101000001110011111001010000001001111010001000101100001100111000110000011101
1001111111010101011100000110110100100101010110010110100001000001000100000101101110000010101011101001
1010110110010111110001011100101110011000001001110111010001110011111100001101100100011110000000001100
0000011100100001111111110000001100111001010000100101010001111101010100100111011110111010110011110101
1110111110010110001110010000011100000111011101011000110111011011011111100001011000110011010111000100
0000000010101110000001000010001001101011101000001111110100111100001110010000101100000100011001111110
0011110010111000101101100011101110111101010010001100010110010111110111100011111101110101111011001010
1111100100100001001110011100110111110011001111001001001000101101101011111100101100101101001110101111
1011010011001110010100110100101100001101000110011010100010010100001100011000100110100001011111000110
0100010101010100001011000100100010000011001010011101010010001100010110101011111011101000000100011001
0000000100110111001100011010110000000010100000100010101000001011011100101001100010010011111000010111
1011100111000010100010111010110111100000001010111011001011010101010100111111110111000010011100100101
1001101011001011101110111100001011011101100011111011100100000010110110100010101101001010111100101000
0000110101110101000011011011110001001111000110001100100101001110110111011110110100011010110101111110
1011000100101011010000010011011000000100111001101111100100011100011110101100000101101101111101010100
1111011011010000000010101111011000110100100000101100010110101101110011001001001110010001010100100110
1010001000111000000011001100101011011011010101110001001101101110010010000010001001111000100101111011
0010001011001110110011100100101000011100010011110110110111010111100111110111011010111101110111100111
0110110011101111110111100001100100010101101000111101010110001000101010000111001101100001100001110000
0011010010100011011011001010101000010110110010010010011101100111110010101100001100001101111001110001
0010101111010010111000011101000100100110011110001111001110110001010101101101101100110000010011111110
0101101100101100000010010010011100001001111001010000110000111011101111111110110111001110010111110001
0101000011000110110000000100101000000101000010110101111001000101011110110000111100010010110010011110
0101000000000101110001110110010001101111000100111000001010011101010011010110010110111011111010110000
1010100011001011011000100010000000000100110000101111110011101010101010110100000100111000101000001001
1011101100100100000010010100011101101011000100110110101000010001100000011000011110100110101110001110
0010000011100101110100010000110010111101001110101000100000011010011100001111011101011100000010001101
1110110110101110000000011001101100001111010011011001101101100011101011000000111111011000000000010010
1011000001110000110001000000000001010011101011000110110110111010010101011011110101110010001000011111
1011101110000111000000010111001110110101001111010101011000111011111111001011010110001110000110000010
1100011010000110101010000011101010001100011110011011101101101000001110100001110011001011011101101110
0010111011011111011100100011111101111000101101011110010011000111010000001011000011010000110111101101
0011111111100001000100100010111010010011100101111010000100000011101011001000001000011111110111011110
1011001001111100001010011100001111101000101010101010110101111000000111101101100000110010011010000100
0000000010000100000101101111110100011000101110100010110111101101000010000010011100101101111110100001
1011011111101000100001100010110100001000011000100101101100111111010000000010011001101011001000010100
1111001111001101110010101010001100010000000111001010010100110111000100110010111110110010010111101011
1100010000000011101110101010101010001101101000001010110111010000100111010000011001111111111011111111
1101001101010100001101110110001000010111001010000101101110100001111010011010010111000011011100101110
1110100111110000100010001111111000100101111111111100101110010010010010111011100000000010110110110100
0010101000001110000010101111011101001110001000000100101001000001101000111001010000101110001001110111
1000011110110001110001001110010101010001000011110000111110010111001100101000111110100011111100101011
1000010001111101100111000111011001011000110111011011001110110000001000111000101111001001000010001010
1000011000111011011010001001101110100101010010101011101111011110010111101111000100111010101101110110
1001001011101010110010001000101110010101110101111110001010100111111000111111101000010101101011011010
1010011110110011010010011001000011110101101111110110000011110001000100011111011111011011001000010110
0100001001010111100001011101010010011110110010000110000101101100001111111010111101010101101011001110
1111110001101101100111001110100110001000001111110111111110001110111111010011110011001010001001101001
0100011000000000001110100010111101000101101010011101000010110100000000100101011010000001000100010101
1011110001111111101110000100101011010010110011101111011010011000001010111010100010010111100110010001
0001010011110110000010000010101000110110011110100100100000000010000101101111001000111101001001100100
1011001000001011010001110100100001111110011000110001001100101100011011001111011111010011011010001010
0101111011111010100111101110001001011111101111000010111111001001100000110011011110011101010001010001
0011110110001100001011010110100111010101001101011101111011101101001011111010100011101111111100011000
1110100010010100011110000010110010100111110001111011100001001100000001101010000110000100001111010101
1001110100010101010101001100101010001101000100000101000000101001110110011000011010000111010100000110
0110110010100111001001100101110001101110101101111010001010100011000110000010100111011001111001100100
0011011011000010101011101001100110001010000100001100001010101000011111010101011000110000110110011111
0000100000111011010011101111000100111100000000101101101101100101110010000101110111101000011001110111
1111101111011001000111101011111001001011100110101000001100011010110011101011100110110110111000100011
0011010011010010101011101101010011010110000111001000111101010101111110001111001000011000111010110001
1001111100001101110111110100100101111010110111111001111111110100110110010011010100000101111110111010
1100001110110011011111101110010111001110010111101011000001010111000100111011110110010010010100100011
1111001000010010110110101100111111101110110011110101100001001111010111001000001000101010000101001010
0001001100000001110000110110100011110010101100011111011001110010001110101010000001101001010100100001
0011101011100110100110011001101010100111000000010001111000111011000101000011010000010100101001100100
1010111100011101001110110000010100001011111001001010001011110010100011110001011001001001111110101110
0010001000101010110011010110110001010111100001110010011000000110011101001000010111100010010111000111
0110110101111111010101101111111001110011000011010001111010010101000011000011001001000111011000110100
0101000111001011010111101111000111101100111110100100011110011110011001011111010001001001111111011000
0101110010100011001000010111111001000011101110010110100010010101010010000000010011011111110001000010
1101001110001111010100101111111000001101001100100011100101100111011001101100100010111001011000111100
1110001011101011100100010101111100101000101010111101000000001000100011001010010011100001110100011101
0010111101000011001001010011110001000110011110101011000011110111011001111010001101011100001100011100
0000001111110110100111100101001000000010100111110111100111000111001010000110001110100110110111100000
0001010111001000010011111000100000111100101010111000101001001011110000100111000101111101101011101010
0000100110101110111101111101110011011110111011111010010100011000000011111101001001010010101101000000
0001101111011110111000101110111101011101000100100100011110101101001101111100110100111001110110001001
1010110110100100110011011110001100001111100010001110100011101111001000111000001000010111110011000001
0110001101101111111110110100100100000101101000011110110110101101000111101100000100001010111111100110
122 98 116 64 57 60 24 35 