100
100
0000101000001101000001000010101001001110111000101000110000100110000000111010111001110010011001000000
0100011100001001010000010011101111000010001010000010111010010010000000001101000101100100001000010001
1100100110011011011001110001100000000000100100011000000110010000001000100110111100110011010011010111
1100011001100100001000111010010010000000000100101010010000001110011100100000110001100010000000110000
0000101100110000101001010000000110001010100000000000000001010000010001001100010000000011001001101000
1110000100000110010000010000011100110101001000000111100000010000000001000100110110000110011111001000
1001000100011000100000000000101100100000101001000100000000000100000000100000001000011111001010001100
1100101001001110100100111011010010001100010010000101000000110000100100000000101100101000000101000001
1011001001000000001010000100010011101000000100111001110001011000000000010010001000100001110000001011
0000001110000001000000100010101011000000000100001000000001010100100001100100000011010100010011001010
1000000010101001001000001011000100100010010000000000101000001000100001000001000000011011000010000000
0100100110100011000100011000100000000000000000110001100000110100001100110100000001100000100001001000
0001110001010001010101100001100100000100000000100100000000001000110010100001110000100001001000000000
0100010000001000100100100000101100000000000001100000111001001001010100000110000011100000011000001100
1010000101110110011111000000110011100000100100001000000000100100000000110001000111100001010000001000
1000000000000000000100001100000111010101011000000000000011000100010000000001001001100001000000010110
0000011000010000000000100000010110100100010101010100000000101100011000010000001110101001001111000000
0000001001100001000100010010001011111010000000001000100000000010010000100011001000000000010001001100
0000001000000000000111000101100100001010001001001110000100011100101011101110011100001000011001001000
1011010100000000100011000001100011110011000011101000100100010000000010010001010010100101000001001000
0000100000100000001001001001000000000110100010001000000011100000100010111000000001100010101010000100
0000000001111000101000001001110000000001000101101100001010000100000000001001000010111010010100000000
0100001011000000000000001000000101110000000101000000000001100001001000101010110100000110110000000000
0000101000011001010000000101000100100000010001000000110000101001001011100001100000000000000100100000
0000000001000100001001100000010000010001100000010100000000010000111000010000000000001000011010011001
0010000010000000000111000000000000011010000010100110000100000000100101010000010011010000010000000000
0000000000000001000110010000010100010000010000011000000100001000010011000110001011010001010001110000
0100000100101011001001000101000101100111010111100000000000101001001010000011001000000000110010000000
0001000010101010110001010010100001010100110111000011101000110000001001001000001000010110110000110100
0000000010100101000101000000001010000000101100000100000011000111000100110100010000111010001011101010
0000001010000000000100000001100000001010100000000000010000100101000010100111010001100100000110000000
0110011100011100000110100000010000111000010001110111010001010001001010100010101000100010000110010000
0011000000111101001001100011001100010010001010000110010101111000100100100000000010001000000000001110
1001000000010000111000001000010000110001100000101001111110100101000000010110100111001000110011001100
0010000010001101001010001010000000010010010100001110000001010000000000000000000101000010010000000010
0001100010110001010001000000000000110000101010000100000010000001000101011100000000111011110000000101
0001001010010010001100110000001101000100000100000010000100100001101010000000100100010000010010000001
0011101100010110000000000001001110100000000001000000000000000011000000011010001100001111000001010110
1000010100010000100000010000010101001000110100110000010001100111000000111010001001000110010110000001
0101001100000110010000010000000001000001001100001000111010000100000100010010000010000010111011100110
0010000000000010000110010010000010010010000001001110000000000011011001000000101001000010101010100011
0000010011101000001011111001010000001100000000001000100000100000001010000000111001010000100000101010
0000110000000100000101000000100010000101000100000000000101000010010000110101000001001000001001110000
0000000100110000000010001001010000011000001110110100011001000100000001100101001000001000000010001001
1110101000001000011111111010000011000101000111000000100001000100100010000100000010001010001001010000
0111001110100000100000000010000110111100000001000011001100000000100000100010001000001001100001001000
0111010110000110100011011110111100000001000000110010000000010000010000000010010000000000000101000000
0001000100100000101110000011001001100011000110000100011110011011100100000000011000001000101010001110
0111010001010000000000100010000001100000100000000000000011100010001000000101100000000100010100000100
0100001000101000001110011000000011010010101000100101100001001011001000000100010100000001000011100100
1000010010101010000000100010000011001100001101110011010010000101000010010011001010001010001100110010
1110011001010000000000000011110101000010010110001100010000001000010100011010101111101100000011000011
0010010010011101100100101100001000111000011000100000001100000101110000100001000010101010000000000001
1100000000000011001000001000000000000000000010001000000001110001110000100100100001000010011000000001
1000000111010010011100000000010000000000000001010001010001110001101000001011001000000001000000110010
0010100101100000010001000010001001100111010100000111000110100000000100000100000001000000011000100011
0000000000100100010001001011100000011100000100110001000000010000110000001111000110100100000000000101
1000011100110010010100010000010100000110101000000001000010010001001010001000000110011100010010000001
0001011101101001000110011100000000111000001100000100100001000000100000000000001001100001000110001000
1000000100000010100000000000110010010000010011000000101000110101010010000011000101000001000000000000
1000100010000010100101000010101100001001100001000101011100100110010001000000000000101001110010010111
0010000000001001101010000011001001100100100000100010000100001000100001111000100100100100001000100101
0110010001011111000000010100001100000000001000000100000000001001100001010010000010100000100001000000
1010011000100000000001110110100001000101000010001100101000000001001010110000000000000000101010010000
1000110000010000110011011101100010000000011100100011000000000010000000111000000000010110000000000101
0001010101111110101001000000100000100111100100001010000001000000000001000000101100010000100011000000
0100000000000000010000000000100010100001000100110100000100101000100000100110101000000101001001110100
0000010000000000000101010000010101111000001001010010101100101010110000110001011010000000000000000000
0000110001100001101000100110000111000001010000010101001100010101000010000000110010100111111010100000
1011000000011100000001000110010010000110101010011101000000010101010000100000000000110001100011010100
1100001010000101000000110000000100010001010011001010000101010000000000000000000001001100000000000010
0000001000001011001110010010101001100011001110001011001010000000000110001110100000011100111000010110
0000100001000011101000110001001000001100001000011001000001010001100000000010011011000011100101001100
0001011000101010000010000110001100000100010001001000000110001001110000010010000000100101000011100101
0000000000010000000000100011001000100010000100001000001011010101001000001100100001000010010000000100
0010000101101000001010010110010001111001100100110010000000100001000001100100000110010010100010000110
0001000010001000110000000001000001000011101100001000010011010000000000000111101000001000000101000000
0001010010010011100000010101000000001100000000100000000010110001010100010000010110010100000001000010
0011100101000011101110010000101000000010011000010000000010000010100001001001100011011010100010001010
0100000001001100000001000000100100111100001000001101010010000001100010000110001100010010000000111000
0010110000000010000010000101001111111100101110001000111000110101001010100010110000000001000001000100
1000010001000001000011101010100000100000000100100000010000110101101110000001010100000000000111000101
0000000000100000100001010110000010100000000010010001010100111110110001001110000100100010011001100100
0000111100100001001001000101001000000010001100100000110000000010010110000000100011001011101000011110
0000000111100100100100010010111000010001000000101100100000100001001000000101001001010000101011000001
1101100010011011110110001000011100000001101001111100000000010010001101010101000000100000000000010001
1000110000000110010110000000001011010001000101000000100000110010010101000001001110001010010000001000
0000010000000010100100010011010101010110001010011001010000011100101010011011000111100000111010010101
0100011000000000000011010010000001100010011101000010010010001000000001000010010101010000010000000100
1100001110000011001000001010001100000000011000000111110100000100010000000000110011000001001000010101
0000010000000100000100110101001000010001100010010000100001011010000001110001010001100000010000000000
1000101001000000000010010001000001000100000001011010010010010011010000010001011111010101100000000110
1101001110000010011010001100000000000000000100010100101000010001100000010100000010010010000100111011
0000001000100100100100010000011000010001110010000110011010001000000000101000001001101000000101010011
0001110000011000011001011010100010100010010000100011110010000110001110011000100001010000100000000100
0010000000000000001001000100100000100100001110100010100000011010001000100001000100011010111010100100
1001101000100000011010010000101100000000010000011000000010100000000011000100101000000000111001010000
0000100100011100001000111000010101011110010001110000001010000000110000001011111011010001001111000110
1010000011001000100010000000010010000000100110001100001000000100000001010100000100100110110011111001
0100000110001010011101010100000001010000000010100000011010000000001011000000000000010101000100000110
85 80 88 49 39 40 19 15 