130
130
0011011111010011001000110111110101011000101100100100000011010110110010001101001100110101000110001111111000011001111011100000000110
0111110010101001011001111100011111000110001101001000001111110010111000010011101010110111000000011010110000000111010000000110100101
1110101111110001100110111101100010101101011100010010000101011101100100100101001110101010101010001000101110100001010110111001110010
0110010010000011000100000000000110011000010100111010100110111111001100100100010010001001111110010010000101001001101100111011011100
0000100111000001000010000110000101100011110100100011110000110101001010110000110000101111101000100100011000011101001111011111111100
0100010110101010001011010001001101100100101100100101000011101010000110101111111000101101111101111011101111111101100110100000000111
0010011001111001101100110100101010000001001001101001110100110110011100011101110001000110011101111000000011011100101000100101110011
0100111111011111000010111010100001101000101100111011100000101100100001111111110101110010100101000010111110010010010110001110111000
0101010001110110100011101101111001110001000110011000110011100101110111011011001010110110000101101100000001110110001110101000111011
0001010110001011011010110010000110111101100001010110111101111001100000000110101011100101000101101001101010000101010011110111101101
1100110001011100000111111100001001000011001101000110001111001100111111011100001001010101011110010110000111100010000110010011100001
1001000100011110010110001000100001100100001000001000111001011000110100110001100111011101010111000101111101111111000100111011111110
1001100100100000000100110100111100010101110000110101110100001010010001010011010101011110001101011011010100010110011100001010000011
0001001110011011001011000101100000111010000010010100111001101110100110101001111011101100010010001110110000100011010001111110110010
0011010010110000100010001111100001011000010010101101101011001010000010110001000101011111111110101100010110000011010011110000101100
1110011111001000001101000011000111111001001010001110101110101010011100010010110110000011011110001111001001000101111110101100110100
1110111011111101110110000110110110001111101010010110110010110111111010001101000000101101010100110000010111001000101110000000011011
1000001100001001001000111011111101111001010000010010110010000101110101000001101010000111110000101001111010100001000101100101011110
1101100011111010110000010100011011001011000100010100110010110111101101011101111110100101100110010010010011110110000101111101001001
1010110001001010100010001001110101000000000110101000110101110111101011100110011000101001000010100001001100010110000110100111101110
1111001011000000101110011111100000011010100000011101000110101110010100011101001010110110001100101010111000110110111110011000100111
0001011100000000101111111100100110101001111000111000100001010001100111000010000110111001010100001101010001000000100010100110010001
0110010101111101111111101001111011100100000111011001000000100011100011101010000100011001010000010001100110111101111000101101110100
1101001101111101101011010110100010000111001111101001011101101111101011010001100111001110011110011000011111010011000111011110010010
0101010101011001000110001010010011011011100100000110011000110001001110001000100111011001110010011011110110000111110101000001111010
1100100011001101100111001000000100100010010001100001010101010100000000001110001111110010011100110010011110111101111111000100011011
0011000101001100100001101110101000100100110110110001100000111001100110011000001011111001011101011011010101000000111111000000100000
1001001110001000111101100101001010111101110110100100101010010110110111010110010111101001011001010010111110110111010001011100111111
1010010110010100000111011111111100011010010001100101001111101011001000000000101011111110100001111110010111110001001001010100110101
0011100011100100001101111111010010111111010111101100010100000001110001011010000110010001000010100110111110011001110000001101110111
1000110011001000110010011111100011101101000111000000101000011111110100010011001100110101011110100100111100010010011010101101111011
1111010100101111111101101110111100111011010101111100011011111001111011001110111000111000011111100000110111010101011011011100100001
1011010010011111101100101011100010100110110110111011010100111011100001011101100101010000101100101001100010001100100011010100111001
1111100001110001111101011101000001110110111010011100110110000010011110000001101101001001010110110010110110111010001000110010101100
1110001101011110001010110011101010101010010111101001101110001111010111010000011101101001110001110010001001110110101100011010101011
1000011101100100000011000110000110101100000110010101101100100011000101110010001110100011001000001000111100100111110100011011000000
0101010111101000010010010101001011010010110011101100110001000110011100111100110110010100111110001001000010111111011110111111100010
1111010000000011010110001101110001100100111100100101110101100011011000001101110001101100101010011001010001101110000110101100111111
1101011100001101100101001000010001010111100111101000100100011000100000011101011100011010000000100000010110101110011011000100111101
1110111000010001100010100001011011011110000001100001001011011100111111100100111110101001001001011110011110001100001011100111101111
0100000111010010101111100001010101101000010000111101111101100110101111111000101110011100011111111010010000001010101101010001111011
0111000010110011010010100010101010111110110001001000110110110000011001101111010010110010010111000111011111011001101110001100111010
0000110000100100010111110011010000001011100011100000000111011000010000110110100010110011010100100101111001000011011101101010111110
1001000101010000111001111010011010000110010000010001111110110110000010101000101001010111100110000001101001110101111010100110110101
1010101010011110000110101100110110110101100011011011111001111001111110001010001001100011010011100111000100100010000001110011101100
1100110010011100011100001011111100001100000000010001111000110000011001010110001010101100110010100100101111101011011011011110011100
0111100000001001010110001100101111110110010111001001001000001111110110101100100101000010001010100111101000011100101011001101011010
1000011110101110011000101011010000101100001010110110111000011100110111100011110100000100101001100000001000100101110100011100000011
1100010011110101010001111111001110001000100010111001001100011111011010000101001100110101010001100010001010111010101011111111000001
1011111100011110111101110101111011111110000001001110011111011111001001011101011100001110000001100110100000011011001011100111000011
1100111101010011110101010000000100101010101010110100001101111001110101111011011110110101101110110101110101110000010010110001001001
1000111010011011111111001001111110000010011011011000000100111011111111110110010001001101001001001100111100010100100110001011000011
1101001000111101100010001000100011101110011101011100111011100101000110001111100101011001010100011001101011110001101010000011011010
1001111101010101001010010101000101100011001110011100100000000011001101101010101100101001011101000010011000001000110101000001001000
1011001100100101000000111000111001010111100000111100110010001110000111101101101100101101010000101001001111001010100010110101001111
0011101110110001010010110101111001110100000100000001100011110010000110101110000000000100110101110001100000010101110011010101101001
0110101110101110111110111000101010111111000000001010100101100001011100010001100111110100100110000101010010100001101110110000110010
1010111110010100000011000001000100011001100010101000100011000100010110000110010001100010010000010100111001010010001001101100111100
0010101111000011110110100110111111001000101101010011111010110100110100101110000011101010110001011111011101101001100010101101111010
1100011000010110000101100110001100111001011011010000100001101001010110110000100011101000001011110101111110011111111110011011110011
0111100110010111011000110011010001000000010110011110101100110000100110101001100111001101000001101110010111110111011100010100101111
0010001010001010011101100101101011011000000001001101111001011000001111111111000100100001101100111000001010001101100110001011001001
0100101100011101111000111101100101000000010100100010101000010111110110111110110110001000110001000000110111110101110001101001110111
1001001001100101110101101111000000011000100111011010111101001001110110110100001011001111100101100000011000100100100010100010000111
1110011110001100110100011010110000011100011000001110001111000100010110001001000100101000010110111100000100100011100110001100010010
0111100010000010001110111111111010110100100000100010001111101000101100000000100111100010010000101110011001101100001110101101100001
1001000000000100101110001111101101010100010110110011001010111111100101101010001101111100001001001010010010011110100100011001001101
1110011110100000010001100100110011100100101011000001100000001010111111000000000111111011110111110110001111001010100101100010111100
0110010101001101111100011111100100110001111011010011100101000111110110000111010001110001111110110010000100110000000101011001011001
0101000010100000011111101011000100010100011011110001001000101100001110101001000110101110001110111000101011100011101010111011101110
0110010101010011101100011111000100111111100100110010111000101100000111101100100010101000101100011111101111001000100001101010110101
1011101101001011010111101000010010110111010010010010110011000010110001000110110100010011001010101001110000010110001001011100100000
0001001010000010110010100101101100000110101000010101001111111011111110010101011100111001011011001001110110010010010100100100110100
1101100111111111100110110011110000001001101111100001011000100010111101000000110100111001100101011001101001001111111111110100100111
1111000000101001010011010000111110001000000010100100011101000011001000100100010110110010111101011101000000100111010110000011100000
0110000001111101010011111110010110010110110001001101100011011001111101110111101101101111110001010110101101011000001001111001100100
1001000001000101011111011101000101001110110111100110000001100000101010010110011000000011001010011001010101111001101011010100010011
1101110000001110000111011110011001000011001000101000001101110110010001111101100000100111000100011000101110010111100100101011011110
0000011010100001011010111010001100100001100000100111101101101100011011001101110100010110110000010111011010011110010111010010100000
1000001100111111000100000111110111110111000001001001010010101010001010001010110100110011100011110001110010001011100101011111001111
0011100110110110010001110100101001011010010001110001011000110110101111000011101111110011100110000010110100100000111001010011001000
0101111001010100010100001010111110110011000101100111001000000101111010001001101111100111100000100100001101011000001000110101001000
1111110010000001101001101110111000001011110001010110110111001001010010001101100010101010010100001010000100110111110100011100100011
0101111001111000111001100101010001100111110110111000000110000100010110100000111101011001111100001011010011100110010110000111110110
0010000101001110010100101110111010000011111000100000001000001100010110111001100010011000101001110010000111111100100011111100001011
0000011101011011110110111110001101100111100010111011010111001000110000000110000110101001011000110000100000100101011101101001000001
0001110110100111111001000000110000100010110011010010001000010101011101110111011110010100001011001011111101010000100101011100000111
1010111010110111000100101101100100101111101001110000010100100111010110110111111011100110000011001111110111000101110001100000011111
0100000001010011011110111111101111000010110010000101011111001001000110100011010110111110010110010111110101001110000110000101010111
0001100110000011001111110011110000101001001111100000111110110011011001011001010100000010100011100000101011000001100111001000111010
1001101101011100111000101101001001100010001001101100101011111110011001111101001000000000011010000100110010011111001010100110100111
1111100111010001001000011111000111000010010010010101000111100010110101010101011010100000100101110000001000010010011011100101100101
1100010101001100010101000111101001010010110111111101111111101000101010100010000010010111100100111001011111001101011100111011100010
1010100001100011110001000111110110110101010100110010100000100010110011110110111001100101100011000100100111010001000000011001000111
0000010101110001100110001001001111001000000011111000111001110110010111001101010100110000100011011100101101000010100100011110111011
1101001001100100111010011011010110100110011110110110110100101111110000011110000000000001100111010111000000100100111000110000011110
1101010111000101111001001101011100101011111101011101011000110001010010101001100001110100000000100000001111110011010110010001100011
1000000101001000100001111001101011110101101001010110100110011001111111111101010000101011111011110000000000010110011110100110010101
1111000110100111111111000001110011101111111010111001000001001010111011100000000001000001111111111000010100011011011011100100100010
1101000011010000101000100111001000000011101001010111101111010111000111000101101011100111010011010111001110001010000000011101000001
1001000010001110111000000011011101000000000010110011011000110111011010001011011000110100111101111110010101110000010001011100110100
0101010000101101111100101011101000010001110101101111000100101100111111111000000100110001000111110111001110110100001101011010000110
1011011111011100111101001010101100110000110100111001101110000101101101011101001001001001100010010000000100001100000111000011001010
0111101001101010101000101101111000110000001001110000101101011010010111010101001010100011011111000100000011001101101110111111011111
0011100010011011000010101100100101111010001110001010100100001000000010111101011010111100101000010011000110011011011101000000100100
1101110110110101111100000111111100010111010011101010011101110001101000000111011100111000101100110010110010100010111111010000101000
0011011111111010100101100011100001010010101010010101011101110001011010011101110000110100101001101110010010000101110111101110000110
0011101010100110100101001111101000111110011101110010000111111110011110011010111010111000011111101000110111011100100010010011101010
1011111101000000110101101001110100100110000011101001110000011100100000101000000010111000100010001111110010011111110101001100011100
0100100110000001100101010110110010100001010010100001111111111011001000001110011011100010100111100000001011001110110010010111011001
1010101001110011001110101001001001000001100101111000010110111001011100110110011100111110000010011111000101001011110110110000010110
0011100110100000100001101000111111101111110001101101110010100110011010101001010111000010111100000011101011000100001101001100001111
0011101011010100111010100111001100010011100110000010001011010001011100011101010010011110101100001000101000100010000100100100010011
1011000111000110111000011011110100111100110011000111101001011101111000100001100101000010001101100000000011010000110010011000110001
1000001101011111000111010100101101001011000011011110011111111000101110111111000010111111101000000011000100000011111111101101000000
1010011010010111000011011000111101011100111100110110010001011101010101011111111110001010110110101000101000010010101100011001001000
1111000100100110001111001100011010111111100110011000010000011001010100101001100100110101001110010111001111001000101111111111110101
1110111101000001001100101000111000101110111110001001000100010001100000111100011011111010101101011100111110101011111011001010101001
1101101001110000011100101011100110000111110001111001000011110110001101111101010011011000011110111111111101100000111001101001001111
0011101000111000100101000101111111101100100000011000011111000111011001111101110001000100011001110011001111011000011000110110010110
1100111001100000001001110001100011011111110000000000100001110011000111010110000000010000100010110110010111101100110100001101110011
0110000110110000011010111011101000100011011100001010011111001101110000000100100000100011110000110000010111001110010101000011011100
1110011101011101110110111011011111101010010000100111000011010100011100100010110110000010001010101010111111100110011110000110101101
1100110011111000000001111111111001111010100011011010100101101111010011001101000011001100101011011011000000110001111000000101010001
1001001111001100001000000001111001010011101011010110001011000100110001100110100010111100111011000110110111100111110010101110110010
1101101110000101100101001000100111010010001011100011000110011010010001101010100000011101100100011011001001000011011100100110000010
1111011001010110010001101011101010001011111010111000011101010110111010000111010011011101001011111000000111000011010111100010100111
1011011110000010001100001111111010001000110110100101100001110110011111111101101000011110111101111000111000010110111001101010101011
1010111000010111001000010101110000111011011010010010100010001110100101100101001111111100011011000101010011100000100111001101110010
1010001100011011100101000011010010101011000101011101010101111000101011111011100001010100011011001011000101110111001110100001011011
147 149 133 91 74 72 31 36 