34
50
00010110101100001101000000111110110011010111010111
00100111010111010011101111000011010101011110111000
01001111001110111101100101110011010011110100110000
01100111111001011101111111010110101010101111010010
10010011001101110111110011000111101011010001111000
11100110111100011110110010001110000111000111011111
00010101010011110110011100111011111111111101001111
10001011111000011101111011100010111000011001011110
10111011111110010100111111101110011011111000010011
01001011110001111010111100111010110010011100101111
10011110001011111101111011011101001011001101101011
00011101101011011100000101101111101110111011011001
10101100011111110110000110100111111111011001111111
01011101101110101001111101110000101100111101110100
11001011100011111010111011011111111011110010110100
01111110111011110101010001000100001111110100000001
11111000011111010110001010010111101000101010111100
00101110110111111110110111001110110110101011111010
01111101111111100010100101000101011111010011111111
01010100110000100111001011101100011100010011010111
10010001011101011100111111111110000011001001011111
11000111001010011011110001111011101101101000100101
11011001101111011110011111011000101011100011100101
00000010110011001100111111110100101111111011100011
11100101111010000011110101110001001011111001110010
11000001110110111111000101011101111011101001000100
01100011110000100011110110101101101111001010110111
10000100111110111101001101011100111111011111111011
10011111101111110111111000011101101011111101101011
11101101110111011100101111001001011000111000100000
01100111000011101011111111100110111100000111111011
00101011111110110000111010111101101110010111110011
11110110010001110110111110110100101110011111010110
01100000001100000111010111111110001011010001101111
67 183 33 16 6 3 0 9 