34
50
01000000010010000000000000001001010000110000001000
00100001000000000001000000010101000010000011100000
10010010000000000100001001100100000010000100000010
00010011001000000000000101000100000000011000100000
00001001101001010000001000001000000110000000000010
01100001010000001000100010110001010000000000001000
00010010000000000000000000011100000000000100100000
00001001000100000000010010100000010100000000000100
10000000000000100010010101000000111001100000000000
10000000000000100000100000000010001100000001011011
11000000000010101001010000011000010000010000000000
10001001100001000001000010000000000000000000011010
00000011100100000101000000000111000000000100000100
10100001000000000000001000000010000100000000000000
00000000000000000001100100100011000001101001000011
01100100000000100001011000000000000001010000000000
01000000001000100110000001000010100010010110010000
00000000000000000101010000000000000100100000100000
00100010110000000001000010000101010000000001000000
00000101000000000010100000100000000000000000000001
00100000000000100110000000010000001000000010001000
11011001100100100100000010010000100100100000010010
00100001000000000000001000000000110000001000000000
00000001000101000010101000000001100000100001001000
00101000000001000001010000001000100110010000101100
00000001101000000000000100001001010000000000100100
10001010100001000010000100010000010100001000101000
01010000001000000000100001000001000000000000000000
00001010000000000010100000000000111000010010000000
10000010000000000000001100100000000001011000000000
00000110100000110000001011100110000010100000100010
00000000000110000001000100010000010100000000010000
00001000000010000000000100001010001100001000100110
00000010000100010001000010100001010001000000110000
21 90 12 0 0 0 0 0 