34
50
11111111110111111110111111111111010111111111001111
11111011111110101011111111111111111111011011111011
11111111111111110011110011010111111110010001101010
11011110111111111111111011110111111100111011111100
11111111111111011101110001100011011011011100101110
01111111001111110110111111001111011111101101011100
11011111110110111001111001101111101111111101101111
11111110111111110111111111111111101111101101111111
11111011111111011110111101110101111111110111100111
11101011110011110111111111111101111111111111111010
11111001001111110111111111011111001010111111111111
01100101111011110111111110110011111111011101111001
11111111010011111111101111111110111110111111011101
11110111111110010111011011111100011111111111111101
10111111101111111001111111011011000111111101111011
11111111011001111111111111011111111011110111111111
11011100111111111111111001110110111011101111001011
01110100111111111111011001110011110111110101101101
01111011111111111111111110111111110111111101111101
01011111110111101111111011011111011111101001111111
11110111111111001101101111111111111111111111111101
11101111101110101110111110111011011010001100111111
11011111011111101111111101111111111111101111100110
10111111110011111111111111111111011111110111011111
11111111111011111111110000111011111110011001111101
11111111111111101111111011111111111111101111001110
11111111111011111111110111111111011111011110111111
01111111111110110011111101111110101111111111011110
11011101111011111110111111111111110011111111111101
11011111011111011111111011010011100111111111111011
11110111101011010110011100111101011111111110101111
01111011111001011111100111101100110111111110111110
11011101001111101111110111110111011110010111111110
10111101111111111111111001110111111011111011011010
94 258 43 24 6 4 0 9 