34
50
10111011100111111110111111011111111111101001111111
11010111111111011111110111011111011011111111111110
11111011111001111111011011111111110011011111010110
11111111001111111111111111111111111101111110111111
11111111110011111101111111110111111011111011110101
11110101111111001111011111111011101101101111111111
11110111110100111111111111111111101111011111011111
10010001111110011011110110110011111111100111111111
01011111110101111110110101110001111101111111111110
11110110101111111111111111111111111111101111111100
11111111111111101011111011110111101110110111101111
01000110101111101101110111001111111101110111011101
01010011111110011111101110111111111111011111110110
11111111101111011101101110111011111111011011110111
11111111101110111011111111111000111111111111110111
11111111111111011111111111100010111111011011111111
11111011001111011111010011110111111101110111110011
00101101110110001111111111111111001011101110111111
11111111101110111010111010101011111101011101111011
11111111111111111111101101010111111111111110011100
01101111111001111111110111100111111111011111111101
11111001111111011101110111111011011111110111101110
11111101111111011010111111111101011111110111100111
01111111001011111110111100111101110110111001111111
01110111101111011111101111111111111011111010111110
11111111010101110110000111101111111110110011111111
11011101111111101111111111111011111110011111111111
11101111101011111011111111111111111001111111111111
01111110101111001111110111100111111011101101111111
10110111101011111110111111011111101011110110110110
11011101010101111100101011101111111111111111011011
00110100101100111111010011100110110111111111111101
10100111111011111011010111111111111101000111110111
11111111111011101011110111010101100111101111111101
48 180 32 17 6 0 0 10 