34
50
00000100100000001001100000111101011110101000001000
11001010000101100011010100010101010000010001110001
00110000001011010111000010000100011100110110100100
10101110110001101110101010101000011101011001011101
10101100100100001010001100000100000010110010000101
00101001101010001111001100110000010000000010010011
01110010111001110110001010011111110001100100011010
10010110000100110110110101100000100100010100010000
00001101010101111000101100000000000010101010001001
01000011101000100100001011101010001001010000100101
10000100101111000100011100110010101110000001001100
00101001010001110010110100111101000001000000100010
00011000100010101001000000100000010111110010110011
00111001010000100001110001000100111100000010010101
00010100011110100000111011101010011100001000101000
11100000100011010100000110110010111110100010000011
00000011001100000110000111011000101111110111000001
11000010000001010101010000100111000000101101000011
11010000011110010010110001100010111010111111011010
00000101010110100000010000000100001100001101001000
11100110010010000001011001000101000010011010110111
10011001000111011010010001000100010010100110000011
11011010110010001000011000000101110000110100001100
11010000010010010011001100000000110000010000010101
01010101001001000101011100010001001011110010000111
00100100001000100100101101101000001000100000011100
10010101011110001100111101010101001011100000000010
10111001010011100000100110100110101000000111100000
10011100010100101001000010001010000000001000101001
11000001010011010100001001000111100001011110100100
01100010000011011011000001001010110110011100100001
00001010110010011010011110110101010100111001010001
00000010001001000001010001000000011001000010111110
00001000101000110101000000001010000100100011000110
24 63 8 3 1 2 0 0 