34
50
11110101101111111111111111111110111111111111111011
10011111111110011101111111011111111011101111100101
11111011111011011110111101111101001011111101011111
11111011111011111111111111111111111110111011101111
11101110111101101101111010010111101111011101110010
11111011101111011111111111110111101011000111111111
11100011111111101111110111011100110111111111100100
11101011111111111111010111111111111111111111110111
10100010111110111111101111110011111111101010111100
11111011111011101111111111111011111110111101011110
01111111011100111111101110111111110111111111111101
11110110111001111111111111111101111111010111111111
01111111110111101111111111011110011101101010111111
10110100111110111111111101011111011111110111111110
01011111111110011110111110011101010111111111011111
01111101101111101011100011110011101111110111110101
11111010111011011111111101011111011111011001111011
11111101011111111111011011010110111111111101101110
00111111111111110111111010111111001111111111111111
11101111111111001101101011111011101111011100111110
01111011001111111010111111011010111110111011111111
10111111111111010111101111011001100100011111001011
11101111111111011110111011101111111101110011101111
11111101111111101111111101011110111111111000111111
11111010001111111111101110111111011101100111011111
01010101011111111111111110111111011011111111011101
11111101111101111101110011100111011111111001111101
11111101111111111101111001111111110111111111111001
11111111001111011111100111111011111111101000111101
11111111011111100111111111111110111111111101110111
11011111111111111111110111011111111011011110111111
11111111111111110111111000101001000011111110010111
11111111101111101111111110111111111110101111011111
00111111101101111111001111111100111001110110110111
75 241 40 28 9 3 0 13 