34
50
01000000010110111010101111100111111001111001010111
00001111001010001110111010101110111001111100001101
10011111000000101010111001011011001001010110101010
11001101100010100100001110010011100101010101011111
10111011111000111100111011001101101101001110011110
01111011000011110001100000101011110111001110001010
01010011001010111100111111101110111011011101110100
11111111110101111000110110000011000001111111111000
00110110111111101110000101111010101100011010011100
01110011011101110001101111100000110001110100110101
00001110110000001011111010010110001011011111111101
11111110100011110011101000000100110111001001011100
11011011010100110010110101100010100110111111101100
11111010111101011011011111111011011111111011011100
01001011011111110110101100011111110011100100011001
11110100101001110101110110110011011110010101111101
01110010111110111011011101111110100100101110010101
00011111111110001000111111110011101111001001110101
10010010010001101011100011110010010010100111111001
01001011111001110110111111110111011110100110010111
01110111011111111101011111011101011110110010100100
00111111111100111010010001111011110111001110000001
11000110001101111110101110011110101001001001001111
01111010001001111111011100111111111010011101110010
11110100011001101111010011010011011011001011101110
01101111001011110110110001000101011000011011101011
01100110010011111111000010011101110110000101010111
11111011011111011000000010111001111100110000111100
01100111111101010111101111011100101011101111011110
00100001101111110111000001010000101011110100011000
11100101111111110110001111111110111111111110001101
01001111111011010100100110101101010100010111011111
10100011111001100101010111011000110100111111111110
11111001101100011100110111111001110000101111111110
56 132 31 15 5 1 0 1 