34
50
11011110110111111111111111011110001111110111011100
11101110111111111110101110111111111111111111101110
11010000111111111111111101111110101011100011011101
10001101111111111110111111101011011101110000111111
11111111111111101000011111111111111101111111010111
11101111111101001101010111011111111111111101100011
11111111001110111111111001111101011101000110011111
11111111111001111111111111111110110111011011111110
01111111111101111110111010011011111011111111111111
11101111111111101111011111111101101110111011101111
11011110101111101111111111111101111111011000001011
11111101110111010111111010111100111111101111111111
11111100110111111011111111011111010101011101111111
11110001111111111110111011111111111101011001110111
00011110111111111111010110111001100111111111111111
11011110111111111111111111111110111111111011110101
11111010111111111111111101110111100010101111011011
10110111110001011011111111011011011111111110111111
11110111110100111111111111111111111011011111111110
10100010001010101011111111110111010011111111111111
11010101111111101100111111111111111101111111111111
11010000111111011001111101111101111011111001111111
11011101110001001111111011011100010111101111110111
11110110111101011111110011111111010110111011101011
11111111111101111110011101111001111111110101111111
11000111101111111100111111111110001111001011110111
11101111110101011111111110010100011111111111100111
11111111111110111111111111110101110111111111111111
11110111111111111111111011111111111110111011111111
11111110010111101111111111111110111111111110111101
01111111110111111011111101101101101111101111010100
11011101010111001111111110110100111111101110110111
11110101111111110101111111111110001111111011111111
01101111011001101111111111111101111111000011100110
57 188 26 15 5 7 0 5 