34
50
00100000100011010011010001101010001110000000001111
00000000000001000000100000000000000000011001000100
00010100101110000000110000000000000010000010010001
10000100000001000000000000000000000001100001101100
10000000010000000000001000010000000111001001000000
00000010001010010001100001001000000100001000000000
10110000100001010011010010000010000110000000000000
00101000000101000000101000000100001000001000001000
01000000010110101000000000010010001000100010100001
00001000000000001100100000000110010000001000001000
10000100010000110010000000000000000110000000000010
00000001010000000000100001001010000010010011000000
01100000010111000000000000000000000000001010000100
00000000000000000011000010110010011010101100001010
00101010001100000010001100000011000100000010000001
00100000011110000000000100001010000000001100000000
00011001000010000001000111010001100011100010010000
01000000110001001000000010100100100000001001000000
00001000000100000000000000000000000100101000100101
10000010000000010000000001010000001000000000000100
01001000000000100000010110100100000101000000010000
00100001110000000000000000000000000001010000000011
00000000000000111000000001010001000000011010100000
11000000001000000000101000000000011000000000100000
10000000000000000000011000000000000000000000001011
01100000000010001000100000001010000100011000001000
00000000000100011001000100000000010100000000100000
00101000000001000000000000000000010000000100001010
10000000000010000100100000000000000000000010010000
10100010000100000111010001000000000001000010000001
00101100000001000000100000001010001000000000000000
01000000001000010000000011000000000000000000001010
10000100000110011100000001001011000000001000100000
10000100000100000000000001000111000000000000000100
28 88 6 4 0 0 0 0 