34
50
10111100111111100100010000111010101011100100011101
11001000000110011000000000000010111100000110010010
00100101000000110101110000000010010110000100110010
00000111111000011000011010010001001010101010001011
01001010000110100001110100100110101000001010100011
00010000000110101100001011001000011011000011000101
01000011000100000010010110001000100111010001000100
00100000101110000000001110011100000101001010100100
10001000100100000001011011101100001000110100100000
00000000110100100011000011011110001001000110000011
01100001000001000000011010000000110110001111101111
00111100010011101011100111010100010101010001110010
00110000101110000000011001000000110010100010001000
11000011100011101000000001011001100100101101001011
00010100100000110100000001110010111001000100010000
00010000010111100010000000010010010000011000100000
11110001001100000000101110010000011101100000100000
01010000010111000011100100101101011101111100011101
00110010000001000011111000000100010001111011100110
01001100000010100101100001000101011110011010010101
11010010000001000111011101000111011100000001101000
10010001000100010100011011000010001001000000011000
00100001111001010010010011101100101100110011001010
00100100011110001010001010011010001100010001000110
00111000010010001001100100110001000011011001101010
00111010101101110001001100010101010101001101100100
10011100000100111110001100100100011011000010101011
10010001100001011100001100100100001111010001011010
01000010111010110100111000101011001101001110101001
00011000001000011001100100100101011000000000100101
00110000110101001101101001010101000000001000000011
00100110010010000000011110111100001001010011101001
00101001110000010000000110110110000000001010010011
01101101100101111110011010100000010101001110100100
41 139 24 13 3 2 0 0 