34
50
00001000101000100011100001101000010111110100001100
00000010110001110011000011010001010100000111001101
00010101000001100010001000000100100100101010100001
10011001101100000100011100000011101100100011101001
01011001111011100110110000110011000000000101110101
10000000100010010100101100000100100111101011000001
01011001000001001000101010100000000000011010110001
00010011111011001101010100100100011001001001000100
00011011100001111000000011111100101010001010100101
01101101111100110010100111000111001110011100110001
11111111011000111100111100000101100000001101000010
10100011001011010010001111100101011000010001101000
00000100010100010110100001000000000000110110111111
11000100010010001001011101001110100001100001111100
11101010011100111011101001011010000001000100110001
10010100101110110010110011000010000101100110101011
01011000001000010001010110001001100100111000100001
10010100000001110110111010011001001111010010001000
10110001110010100100110110001010011000011011111000
01110010110100000000100010010000000011000100010110
11010111010010000011110100001000001100001100100000
01100011001000110000011000011000101000010001001100
00010000000000100000111110000000110010100100010100
10010011010000010000001001001011111100000110010001
01011010001100100110000010000011001011000100110110
01000000011001001001110010011001100110010001110010
01011000001010000110100110101111111011001010100111
11110100101000111001011001100100110010101000010010
00100001011111000110000000110000100100111000100000
00000100101101101110100100111101100001011010000010
10100000000011011001010111100111111000110001010110
10011010011010010000101000010011000001001111001011
00001001101001100000100010000100000000010100100001
10010100100000101001000110010111010101010100111100
56 171 33 12 1 5 0 6 