34
50
10111010100010100110001110101110001101100010001001
00000000100100101010110101000011001000101100101011
01010100010101011000100100001001100011011110001001
01100000110100110101100100000000000000101011111000
00001100000000001100000001001110000100101001001000
01010000000110001111100110110010010000100100000000
01100101010010000001000101110101000010101001000110
01010011001011010000100110011001010001010101010000
11001111100000010001101100110110100010000000010101
01100111001001000010111011011001101000000101001000
00011101010000100110010000011000000110100000000011
00010101101111001000000100000001111111000111000100
10011010000110101010101111011010001000000000111101
10010010100101001001111110000100100110100000001000
01100011100010000000010111000010000101111011000010
11000110000000010101010000100000110010110100000010
00110000110110000011000000010110101011100000100000
00001101000000000111001001100001110000111000110001
01100010010010100010111110000110001001000001010000
10001001011100000010010100000000001001101101110001
10000100110110101111000100000011001010110101101011
10000001011111000001001000110011101011110100100111
00001000001111000010110001101010100111101111111000
01001000101010001101010010001111101011000000001100
01010111011100000010010100000100000010011001011110
10010110010101001010000001000000001111011011000011
01100101110101101001101000000101000000011010110100
10010100001101000001111000101100100110001100110110
11100000000101001100000000010101101001101001000111
10101011110001000011001000110100100111010010110011
10011000100000011111000001100000001011110100111101
11010110000011011101011110010111011011001001000010
00000100001100001000001110001001100101010000110010
01000110110110100001000001100110011000100001011111
70 188 24 12 6 3 0 0 