34
50
11101111110101111111011011111010111011111101011101
11010111101011011111100110111101111111111011110100
11111111110111111001011111111010111010111010110110
11111110111110101111111101101111010111100111011111
10111011101101011110111001001111111111111111111010
11001101111110111111111011111110111101111111111111
11111111111101101111111111111110110011101111011101
11100111011110111110011111110101111110111101111111
00111111111111111111010100111010101111011101111111
11111111010111111101111011111110111111111011110111
11110100101111011111100111111111111111011111110110
11111100111111111111100110101111111011010111111101
11110110110111111111101111100111101111011111111110
00101111011111111010110111101100111111111111101111
10111011100011111111001101111111111111111111111111
11111001110111011110111111111011111001111111111111
01101111111101101100011111111100111111101011111111
11111011111111110101111110110111011011101101011101
11111011011101101001111111011011111010100001111011
11101101111011111011111101110111011111111111111110
11111101111111011111110110111111111010111111011011
01111111101111110110111101101001011111011101011111
11110000111011101111111111101111111111011111110011
11111111111111111111010111100010111011101111111011
01110101111110110110110111101111011101111111101110
11111111111111111111010101010111110011111111111010
11001111011011011111111110111111111111111111111110
01111111111111111111011111101111011101111111011111
11110111111111101111011011111111111111111111111110
10111111111011010110011000101001111111101111111111
11111011111111111111011111111111111100111110110010
11111111111111110111011111111110010101100011111110
11010111111011110011111100111111111101100111111011
11111011111111010111111110111011001011111111111011
66 193 33 15 1 2 0 7 