34
50
10010000010000010000010000100010000100000000110000
00110100000001001010100000000000010000010001001000
10000011100110000000000010010000001010010000011001
01000000000100000001010000010001100010000000001111
00011000000101001000110001000100100000100011010101
00010000000100010000100010000011001100000010110000
00001000100000000000000010000000100100000011000000
01000000000000000000100101001000000010000000000010
10000000001000000000000000000100100000000001010000
00001000000011100000100001000000101110000000000001
00110000000000011100000010101010000010100000000000
00000000000000000001001000000000000001110000100001
00101001000110000010000000000000001100000000100010
00001000100000010000000001000000000000000110000000
00100001001000001000001010001000011000001000000000
10000000000101100010000000000000000010000001000000
10001000000000010001000001000001000000010000101001
00000100000000000100000000110010010000000100010000
10001110000001000000000110000000000100000000100000
00000000100010000001101000000000010001100000100000
01100000001001001001000000010000010110000000010010
10000000001000000101000000001000000000010000001010
00010000000000000100000001010001000000010100000000
01001001001011000000000100001100011001010100000010
00100000000100000000001000000010001000000000010000
00000000101000000000000000001000000010100001101001
01000100100010000001010001001000011001111100001000
00000010000000101001100000100100001000000000000001
00000000100000001001010010100100011001000000110000
10010000010000001000010011000100000000000000010100
10001010001000000000000000101000000000001010000001
00100011111000000000001000001000000000000010100100
10000000001001001001100000000000001000000110100000
00101111000010000000010001010010000010000010100010
19 57 11 1 0 0 0 0 