34
50
10000001010001100010100000010110000010001101001100
00001011001010001100011010000010000100101010000000
10100001010101001010101011010010010011110101000010
11100010001101101001100100100110101010001000100100
10111001110100011111101010000010101111000010111001
10110101011000000000001000000000000000000010100101
11100000010001010011111001111001001100001001010000
11001110010001001100111110000101101101000011000100
10110111000001111100011100000000000010010010000010
01101111000110011111011010110111100111011100100001
01100001000111101010000000101000000000000000000100
00101001001011001010101101101110011010001110100000
10010001000101101101010100001010111101010100000100
01111010010110100010000101000001010010101000100010
10110010100001100000011010011100001010010011000001
11100101100110001110001001000100111111110010010101
10111000000000100010111101001001101001011101100000
01100100010100000110001000001100001001001100101101
00100110110110001100110000110000011000110110111001
00000001110001001111010110011001000000000001101100
01001000100001100100001100100100001101100010011000
11011110111100010101000100000010000101101000001110
11010100010001001010000000100101111000000011011000
00001000110000001001011100100010110000101010100110
01101101100000000000110010100100010010001101101101
10001100110001110011101101010001101101111001010001
01011000111101010001000101110000101110001011000111
01010101001100011011010001010110010101001110010100
01100101001001010000110000111000001000010110010100
10001110011001001101000010011000001110001011000100
00101001011000011001111000001010010110010010000000
01001010000110010011001000110110100110010010011011
10000010110010000001001011010000000100110100011000
00001010111101000000010110100000011100000000001010
23 92 16 8 5 1 0 3 