34
50
00010000000111000000001000001000000101110001010100
00100000000010100000000010010001001100000001010010
00110000000100000000001000001000000100101100000000
01010001000010010000001000101001010001100011100000
00000001101100100000001011000000000010000001010100
00000001000000100100101010010010000000000100101000
00010001000010011100000000110001000000000100000000
00000000000000000000000000010100000010001000101100
00111110100000000001000000100001011000000001000000
00000001100000101000000000000010000000010100000100
00000000000000100000010001000011000000000010000000
00001100010000000100011000010010000000010000000000
00110101101011000010101000000001000000000000000001
00110000100100000000000000001010010000000000100011
01000000101100000000110000011000000000000000000000
00000000000000100000000000000010000001001000000010
00110100000000000000010011000000000100001000000011
01000001000010010001100111000000100100001000000111
01001010000010001000000010100000000000100000001100
10001010000111001000000000000000000000001000000110
00001001000000100000010000000010000000000001000001
00100001010000110000000110000100000010100010110000
00000000010001000000000000000100000100100100100001
00000110000000000000000000011010100010000001000010
00000000101000010000011000100000100001010000000000
10100000110000001100100010000000000110100100110001
00000111000001100100000110000010011010100101010000
00000001000000000000001000010010000010100000001001
00000000000100000000100000000001110100000010001010
00000001000101000100101010010110001000001001000000
00001000000000101000000100000000000000001000110110
00000000010000000010000100100000000000000000010000
00100100000000011000100000000000010000000000000000
00001010000101000100000010010010010000010000010110
12 43 11 9 1 0 0 0 