34
50
11100101001000001101000000010110000010010000000010
10000000110000011010011000001100100110001011010000
00011001000010001011000111101011011000000011100010
01100010100010000101111101101000000011101111011001
00010111110110000010010010000001001111101101001001
10100100100000010000000101100010111010101100000110
00101010110000001000001000110000010010000001001000
11001001010000111101000111110001011000110000101000
11110010111010001001011010101100000000100000110000
11001001100000101110011000000000010011100011000100
00011010110001010001001100000110100101000011100110
10000111000010010000011110010001101101100010010110
01101111010001110000100110110010000101000001100110
11110001100101111000001100101100011111011110001101
10011111101001011100100001010000001110110000111101
10011011100001000001000100111110000011001000000110
10010100010110000000001110100010001000110001110010
01010110000010010000110010011000101010011101011010
00010011110010000010000100011100000011111110100110
00001010010000110000011100101110010010100101000000
00110001000000100001100000000000000111110111001001
00010000000011100101010001111011001001000111010011
00001010011000100101010110011110100000001110010000
11110000000000000010001100100100111110010011000011
11100110100011001001000011001101100011111011011000
00000000010111010010011001001100111010010100100000
10000011000010001100111100000001010000000000101100
00111100000100011000111000101100100110000010100011
10010011001010001001000001110111101111110101001101
01010011110001001100010000100001100101011000001001
01100100010001000110001001010001010000000101011000
00011000010000101000101101100000011001100001101100
10111100010100101001100100100011110000011110110000
00011011010000101011100110100000110100101001011000
38 101 17 8 3 0 0 0 