34
50
11111111011110111101100010100011110111111111110111
11111111101111011110111111110011111111111111011100
11010110101111111111110111101111101101111111011110
10111111111100111111110100001111111111111111100111
11101111111111101100101110111111101011111111111101
11111110111110110111101111101011111111111111111001
10111101110111110111111111111111110101111010111110
11111101011101111011011110111111111111110010111101
11111110011110010100111111010111010101111111111011
01111110111111011001000111111111111110111111110111
10100111111111111110111001111100011110111111101110
10111111111111011111111111111101011111110011111111
10110111010110111110100011011111101101011111011101
11110111001010001111111101111111110010101110111111
11111111110111111111110111110111100111111111111111
11101111111111111101010111101110111111101101101100
11111111101110011111000111101110011101111111111111
11111101101111101101111101111011100110111100111011
01110111111111111110111111110111011001111111111110
11011110101101111111111111011111111110111101010111
10101111111011111110111111101111111101111011111001
11111100111110011101111111111110110111111111110110
11111011111101011011011111101011111101011111101010
10011011011100111111111111111111110111111101101110
11111110111011111111011111101011111111111100111100
01101111011011111011111111001111011111111110111110
10101110110111011110100111111111111010111111011111
10110101111111101011111111111111110011110111111111
11110110111110111111010101101111110111110110110111
11100101111110111101111110111010111001110111111110
11111011111111010100011111111111101010111100011111
10111100111111111101110101111110111111001111110111
11100000111111101111111110111111111101101110111110
10110100111101111111010101111111111111111011111111
47 120 14 8 4 3 0 1 