34
50
01010111101101111100101110000001111101001111101111
00111101100001110001011010101010110110101101011010
11100110010110100100101011100111011000001110000110
11000101111111000110011101110001011111111000010011
11000011101111001110101111111111010011000010111101
00111011011110011001111111111100011100010110100011
11111001001011101001011111111101101111001111011111
11000011101010010110100011000010111111111111110101
00101110111100111001101000011111100110110110000010
01010111110000001100111111111010111011111110100111
11010101111011101100101010101110110100101100110010
00111100110111011110101010010111001001001010110010
11001111101110010111110011110111001010100111011101
10101100001110100100101010100100000000011111011011
11110111011110000100010110011111100111011111111110
11101111111101110000101100100100110011011011111101
11101111111010011000101110111011001011011010110010
01111101111011011011101110110111101111111001111000
11111101010100110011110101100110111011011011011000
10111010011001111111000101111011010110001010110001
11100001101010101111001001011100101110101001111101
11110010111100101011011010000101010111001001010001
00110010111101111101000011011111110001101001100101
00001100110111100101111101010010101111101100110001
01111001100111100110000101010001001110100111011010
11001100111001111101100101101111001101111111111101
10010000011101001111101011111110111011111111111000
10101111010000000101100100101111111100101111100110
10110000111101011101011111000000001011010010111100
11100011100001100010010010001111111000111110001111
01110101111001001101011100011100101111111101110111
00010111111111101110111000010001111111011011100011
11101011101111111011011011101011111111101110001111
00101110001011011110001111101110101001110101111100
63 176 32 23 9 4 0 6 