34
50
00000001100000100001000101110010010010100000001000
10000000100100100110100000100011110100111111011001
10000000001100000100010001001110000010110111010000
11000000110010000111101101100110001010000011010001
10100011000100100000010101100101011111111110100000
00000111001011110001010101101000000010000110010101
01110000000101000110001111010001000110000111000000
11101110100101100110000000111101011111101101100111
11000011000100010000000100000001001100000010101000
00100010100111100110011000101110000000011000110101
10101100011000010011110100101010110100101110000010
01100100001011010010100000111000110010011000100000
01000010000100011011011011010011000100011001100111
00011101100001110000100110100100000100001111000101
00110000010010001110111010000001100000110100010010
00110010100000000101011001100011101001101110100001
01000101101001011110100001100100101011001001101011
10010011000111111101001011101100110010000010010000
11011010111011100011011000100101010010101101010010
00101000101000011100010100010000111101000000001110
01101011100000100100010011001000010001111000101010
00110101010110001000010110100100011100010011001001
00111100100000010001001100000000011100101010001000
11001001100001111101110001100110001000001100010001
00100000100111110001100010001011111001111110011011
00000110000011101010000000110000110111101100000011
11010000011001011010000011100100001001011100100000
11110000011010000101100110000001101010000011100110
11100001101000011101111000011000110110111010101101
01001001100100101000001001010010101001010010101110
01011000010110000000000010111001001100111110001001
11100110011010011011101000001101100101100000011010
10010001001111010000101000111000001111010010111011
00000010011000101001010100001110011011100011100001
58 180 32 10 6 1 0 6 