34
50
11111110111111001111110011010011011000101111111110
11110111100101110111110011010110111101111111111111
11111011011111110111110111011011011011111011010111
11101111111101111111100101101101011001111111111011
01011011111111111111111101011101110101111111101111
01011111111111101111111011011111111001111111111101
01100110111101111111111011110011110111011111010111
10111111010101110101001110011111111111111011110110
11111111010101111111111101011111011011011101011111
11111111111011101111111111011111111001100011001100
10111101111111111111111111111011111101100111011111
11111011111110111111111111101111111011111011001111
10101111110111111111111110110111110111111110111010
11110011101111110011110111101111011101101111011111
01110101100111111101111111101110101111111101110111
11111111100011111111111010001111111011111110101101
11101110011011111110110011011111110111111010111111
11101011111111111110111011110011110100010010111001
11111111111011011111111111111110111111111101111010
11001010111111110111011111111011101101111111010101
11011011111111101110110110111111111101101011100110
11011111111011101100111111110100111111111011111111
11111111110011101100101010111101011111011110101111
11101110011011110110111011111111010111011111111011
11011111110101111100111111110101111110101111111101
11111111111111011001111111110111110110110101101111
01111110111100111101110111001011111111111111110111
01111101111111111111101111111111111111110111101101
11011111111111101110111110011111011111110111111011
11100101110011010110111110101111101111111101001101
01011101011111011110011001001011111111111111111110
11111111011101111011110101011111110111111111111110
10110101111111111100111111101110011111111111111111
11011011111111101111111100111001111111111111100111
102 335 53 31 12 7 0 7 