34
50
11111111111001111001011101011111111111111111100100
11011111111111111111111101101111111111111100011111
01111111011100111111101111011010111111111000101111
11110111111101111111111101011011111111011011111111
11111101100111111011111111111011101111110011111111
11011111111111111111111111111111111111110110010011
11101001111111111111110111101111011101011011111111
10011111111001101111111101111010110101001011101011
11101110111111111001101011101111111111111101101111
11011111101011111101101011111110101110110111011101
01111010101101011010111111101111111111111111011111
11111111111111111111110111010111011111111111101011
10010111111111100011001111111111111010111111111011
01011101110110011111110111111111011111111011111111
11110101111110111111111111011100111111111101101111
11111110000110001100111111110101111101111110101111
11110011111111110111111111111110111111110111010111
01011011000100111011111111110111110111111101111101
11011111111111010101111011111011101111111011111101
11101010111111011111111111111111111111110111111000
11111101111110111011011011101111101011101110010011
11111101011011101111011010011111111111111111111111
11111111110111011011101011111011011101110001110101
10011011010011111111010110111111100111111111110111
10011011011111101111101011111111111101111011101011
11110101011110111011111111100101111101010111111011
11011111111111010111111101110011011111001111111110
11111110111011111110011001111111110111111010111111
01111011111011111010111101111111011111111111111111
10111110110011111111111111111111110011101011111010
10001111101010110011101101010111111111111011111011
11111110010110111111111111111100101011111011111111
11101011111100111011100101111101111111111011111011
11111111111111111011111010111111101011101111111101
93 248 40 26 6 4 0 11 