34
50
01000111011111001100000010010001010110110111010110
11110010010110011010110011111110111000111010100001
01011110000011101010110001111111110111110011110011
11001100110110101000111111100111010011000010000111
01010100001101011101111000111110110111011011011000
01110011001001011101101001110101111111111011001110
10110011111111101011110111011010111100000111101111
01111010011101100000110011101110111011001110011010
11001011101011111011011110101110111111111001011100
00111000011101101101110111111011000101111101111111
01101110101111110101001101100011000110101011001101
11110010101100110110000100010110011100111111111011
10010001011110000111101101101110010111001111011111
00111111011011100010110111001010101011000101110001
11111001000011001011010011110010101011101101101101
11101110111110111110111011101011111111001010111011
11001001101101011011111111111101110111101100100101
11111100111111111110011111011111110010111100110111
10011100000110011100010010110111111110001100111111
01110101011111111000011100010110001111010110111000
01101001110110011101111111000101010100110101111101
11001001110001101000100110001011100111000011011111
11010101100101100111101001100010100011110111111001
01101110110000110000100000101111101101110001100110
11101011111011100111000011011101100010110111111011
01111111110011111110000111100111101111011010110010
10011001001110111001111101101010010100111001110011
11101110101010111001011001111100111100110111010011
11110010110101100011100011100101110011110011000111
01101011111111111110010010111101011001011111111110
10110011011010110001111101011110000001001110011000
11110100111100010110101010110010110011000001010111
01000111101011010001001110110110011010011011000000
11111001100010011011010111111110010100101101110111
74 250 35 26 11 1 0 11 