34
50
00000000001011000000110000100001000100000001001000
00011010000000001100001000000000110000010100100100
00101010000010000000000000000001000010000100000000
01001000111000000101000001000000100010000101000000
00000000001001101100100010010010010010001000001000
01000000000010100000000100100010000000100000000010
01000000000011001000010000000000001000000100000100
00000100000010000000000110000000000000000010010000
00000010010000000110000101000000000000100000001000
00000010000000000001000000110011000000000000000000
00000001000001010000000000011000010000000100110110
10000000001111000000000000001000100000000010101100
00011000101000000000000000000010000010000000000110
01010001000100000000000000001010100101000000100100
00010000000000001000000000000010001000000001110100
00000100000010000001000000001000010000000000110101
00000000000000000000000100100010000000001000010001
11100010000011001010010000000101000010000000010000
10000000010000000100100100000000000100010001000100
10000000000001000000001000101000000001001010000001
01100000001000000001100001000000000000100000000000
01001011001001001000000101000000000111001110000001
01110000000000000100001001000000000001110000000001
00000000000000010001000000000001000000000000000001
01001000001010000010000011001100000000000110010000
00110001000000001000100000001010001011000010001000
00000000100010000000010011100010100000000000010000
00110010010010001000100000001001100001000000000011
10010000010010001001010000010100001000000000010110
00000011000100110010001101100000010001000000000000
00011010001000000000000000000100010000001000100010
10100010010001010011000000000000010010000000010001
00100001000000011100000000001001000000001000010000
10000100000000000000010000100011010100100000000001
19 30 3 3 0 0 0 0 