34
50
00111101101101100011011101101101010010101101001000
10111111010101111101100111011111011111111011111000
11000011101110111101001000011110001111011101110111
00011111000101001110001011011110011100111001000110
11100111111111111111101111101111011001100110101101
11111001011100100010101111101001011101010111100001
00111101111011011001111101111100010100010111101011
00011111111000011011110100000000110010001111111100
01010101111010011110001111110111111000110101110100
01000111111101100001010100010011101101001111111110
11000111110001010000011000001111111111111011111111
10111011000111000111111101111101100010101010000110
00110000111111111110110111101101001101010101111111
11101110011110001101110111001110010111101011111001
11011110111001001100001000110001111010001101111101
10111010001101010111110111011110101011101111111111
00000001101101110001111111101100001011010101111000
11111111011100111101111001011111011110000110110010
11000011101100100110010011000011111111001000111111
10111010111000110000000101110110101010010011011100
11111001010111111011010110111011101110111111001001
00111111110001110011111111011101001011010111100111
11111111111010001000110110111001111100101000111011
11110001001001001001010101011001111001011001001011
10101111110111010011001010000001011010110101111010
01101010011100101100111111111001111111000111111110
10110101001011001101110001000010101111001010110100
11001110100101101011111111101011101111000010011110
01000100011111111111100100101000100111010111011101
10001001110100101101111010011001010001001101110111
10110000111010000001100111100110001111000001100111
00011001101101001110000101111101111100111111101101
11011100011111111001011010011011101010001001111111
00001101111110101010011101111101110101010011101000
92 247 39 21 8 7 0 7 