34
50
00100000000011010101000000011000010011011100001000
01111001110011100000110010010110101000000010101101
00011001010000010010101000000111001001010000011110
00100000000001000000111000000101000000000111100000
00110000110000100011011001010011010011001101101111
10100110010010000010000110100001001000001110001001
00111001001010100100011000110000010001000010011111
11011000000010010010010010010011101101110111100100
00000110000110100001110100110101000100011110010111
00000100001101110111010100100011001000010110010100
00101100101010000101001110101010000001100101101001
01100001001011001110011000100111110000010000001010
10010100000101011100101010110110000010101011001011
00001010010001100011011001001000011010100101100010
00010100000110011011000111000011000111110111000000
00101000100010011011101010010010110001000000101000
00011001100000011101000101001010100110100000001000
10010100100100000100100001010000111100111100000000
10111100011001011100010110001000011001010001011000
00100000110010111101101100100010010001000001000011
10000101011000101001001101010100010110000000001100
11010010000001000100000101011000001011111011101101
01010110001010110100000011000010110110001110001001
11101100001010111100001010100000110110001000100010
11000000001110000110010011010110101100010010011001
00100001110010000100000000011111101000000100100000
10101000101010011110100000001100011100010010111010
00010001000100010011000001100100010011011000110111
01001011011100011110110111000000000000011110011101
11001001000010011001110010000001000100011000010100
10001011111101100110110101100011001001101101000100
00010101101000101001000011000001110100011010101001
11001010011000101101011000001000000011010110010001
01100001011100000100011010010110001101011000110000
17 58 12 7 0 1 0 0 