34
50
11110000100001010111111101110001100101000111100111
00011111011010011111110011001110011010011101100111
01001000111111111011101011110011110100011010000110
01100111011000011010110010011101101101100001001110
01011000011001101110110111100001101011001110101001
10011001111110111001001111000110101101111011100011
11100100010011111100001110110000111010101101110001
01111101110101010111111111101101001111111100011100
10100011110111000111010001110000111110000001011111
11110110101100101110011101110000000100111000101001
00101110100101000011001000111111011110101011011011
11000101001111001111010111110110110000100100010100
11110111101101101110100110111000011111111110011001
11111111010111101101101111011111101111000111110101
10100011011111000111101111101100010100100110111011
01001011110000100110000111111111010111001010010011
10111111001100101100100100011100111001111111110010
11100010110111010101101111100011000101011001011001
01011011100111011011110110111000111100010011010100
11110011110111000001101110111111001001101101010111
01001111000010110010111101101011101100001011110111
01110111111100011111101011011101001011000100100001
01010101011111011111111111111011011010101010110011
11101110010001010111000011001010110111000110011111
11111110111111111110101000111101001011010000101101
01101111011101100000111110010101110011001000101011
10111101001011101100101011111101100111100001010110
11111001011110110100101001001001011101100110101011
10111101111111111000000111011101000111100111001110
01110011011000111001001111111000010111110111101100
00000000110111100010010101111110101111111100100110
01111010001110010111111101110010110111100001101101
01110111010100100000000111111110010110111111001110
01111010110110100001110111111110110011011011010001
52 154 16 10 3 3 0 3 