34
50
01100111000010111001000000001011000100111110100000
00010010101100110001011000110100000101100100000100
11101101101110111001000101110001101101110101100000
10010100010010000110101000100000100000010001111110
10001100010100001010001010101011100010110001100001
00010001110110000011110101000101111010010010100000
10100101101101001001110111000111000010001110110101
10010000010100101100011010000011100011001001101000
11110000000001011001000010010111011000010100101000
11100010100100101011010011101110111011110101110000
00111000111011101000010000010000000001001010101000
01001101011011010110001100110000101001010001010011
00100001010000010110010000000010010101010111001110
10011001100100011100100000000110010010000111000001
00010010001111000100001011001000000110100010010010
00011000001100101110010001100010011011000010100100
01001101100000000100010001110001010001000011101000
10110001010011111000010000001001101001000010100000
11000010100000010000000001011111100001100111100100
11010011110011000000110000100110100010000010011010
01000010100010100100000011001101001110010000110010
11000010110010101001011001100111111010110100101001
11100111100100000011110110010111001001100101001010
01101000001010110110000001100110100100010110000101
10001000010000000001011000100110001100110001010010
00001110000110001110100001000001110100000110100001
00001010100100000101001100011000010001100001110000
01101101011101011001111011000011101000011100110001
01010010110100001101101010100101000011101010101100
00011000010000001000001000001100011100100000000100
01101100101111000010100110011000010101110100101000
01100001100001110000111100000000101110001100011000
10110100000000101000100000100001001000100101101110
00000000110000000111110000000111000110101010100111
25 99 16 7 6 2 0 0 