55
50
11001010110010011001010000110000001000100101100101
00001001100110000100000111000011000000101001111100
10000000001110110100010011101011100100011110001101
11101110011001011110010000010000000010100111110000
01011000100110000100000100000001111000010100000000
10010010010000111001100011100000010110001010100011
10010101000011111010100110010100100110010101100101
00000000100000100011010110100000111011100001010100
01101101000010000001101000010011110111001100010000
00111100000100001011011110010110100000001100000001
10010000010110000010010110100100001000110000100000
00101011010001100001010100000001010000110001110010
01000001110010110110010000000100101000011001010101
00110101011100011011100010011001111001000001010110
10100010101000000001001101000001101000000000110110
11100111110111001000001000101000000011000000100100
10110000101001000111000001011001101000000010100011
00010001110110011000011010000000100000001011110000
00000101011100100100010111010000101011100001111001
00000100110000010011110110001011011000111000100010
01101000100010010011110100100101000011001110001001
10110010001110000101011011101010001001101110111110
10101101000001100000110000011001001001110000000001
11001000000110000000000010011001011010110001010010
01010110101100110011011111001010000001000001001101
10100010100100010111000000110000101000010000001000
10100110111100000110100001100010111000110001100010
11110100011111010110100001111001110110001010000110
01101001100100100010001011000111001001011100101000
00111001100001110001010111101000010001110000011000
00100101010101111110100011000010010110101100101100
11111000110001000000001110100101110101011100010001
00101011011000101001010101010010000011101111001110
00010000101010000000111111001100100000000000001100
10000110000101010101001001011000000010010010011011
10100000000001001010100100011010100100101000111110
11111000010010100110011000111110001010111000100011
00000010101000111000100011011111001011011110011110
11010000000100000111100100110100101110010011000000
10000111010001001001111101110111011011010000111000
10100100111010111010001001001100110001100100001010
01111010111001001001111000011011000101100010001100
01001011011100011000110001101001001000001101110000
11101010001000011101110100100001111000101000011000
01110001110101100010001110010111100001000110010010
00001001101011001101010111110100000110000101110101
00011000000000000111100000101000100001000011000010
01000110010100001011100011101010100001100100010001
00111111010000011001011011111101100011110011011001
11111001111110111000000001001001001100101100000101
10000100011100000000001011010001010100010011000100
01110001101111111100001000100000011100110100010110
00001111000101111101010000111011000010010100011001
00101111000100110011100111110000001000011000000000
10011010101111011100101001000000010010100110000000
34 83 17 8 5 3 0 2 