55
50
01000100011000000010101001111100001010001000100100
10101101010001010011000010000001010110000001000010
00110011100110000000010011110100010010000111001000
00000100111101010101010010000001001001100010100000
10000100001101010001000000100010100000000010110101
01101011000010000000101000001000100101001001100001
00111100001101001010011000011111010100000011011111
01000001010110110001000110011011000010000100110001
01111111101111101000000100100011010101111100110100
00100110001001100111110000001001001001111100000110
10100100111110010010111100100000001001100010000100
00100000101100111010000110100010000010010011111100
11001010000000001010010011000010001001001011011101
01000000110100000001000100011000000011010011000011
10111010100000000110000010010111000100101001011110
00100011000101000100100110010010000011001000100001
00000001100000110010011110001110001000011100111101
01000000010010001001110000100001001101000000101001
01010000011000111011000110111110000101101111101100
00001000000011000001100001010000110100001000000101
00101100001010100000000011001100000100101001000100
00110100000001010110110011100000100100000110011001
11001001010011000000011110111000110000001101001001
00000001110110001110111011110000001001001110110010
11101000010011100000010101010001001111100100001010
00011101001000001001000000001001001001110001110011
01110100010001101101110110000100100001001101011100
00001000110110000001100000010011010010000010001000
00101100100101001011101100000110001110000001101110
10000000000100010110111010001001111001101101110100
01000000100010110001110000110001000000110010100100
10010111000111100101101010001100010010011110000101
01100100101000111000010011110111100110000000000100
00000100110111110011110101100110000110010000110000
11000100011010001001000001100111100001100100010000
11001010111011101110010100011000110000010001010000
10110001000000000100101010101111000111111010010000
10100111100101010010110011101100100111010001010010
01010011000101001111010010011001011001110101100100
10100010111110011110100011000100110010010010100101
10101110100100110111000011101010000110000000010111
01110000000000111000010000010101011110000010100110
11111100110010000000110101011001000101101110001101
01000000000110011001111101101000000010001000110110
01100101010100000100100000000111000101010011001010
00010100010000001100100010000100000011101011000101
10000000100101000001010100111111001011001000000111
01000100101000100010100011101010110000010001110100
10111001101101110000010011001110111010111111101001
00110010011010101100110111100100000011001101011010
10011111111010001000000010010101110101010001100100
00100110001011110000011100011010111010001100001001
00010111011010101010011010000001110000100000010100
01101101010100100000010000110111000000010000000100
00001000010011000100010000001100001000101010011010
95 277 43 24 9 4 0 6 