55
50
01100001001000000001010101000000111100001101000011
00110010011100110011010101000000001011011110101010
00100000010011111101010000100000001000000011101011
01001100100001000111110011011000110000001011001100
10100101101010100000001111101001000000000010000000
00001101101000000101010000000000011001101000101001
10110100011011000101110000001000011110100010100000
10010011010000100100010000000110000011001001011010
11010110001110001100110001101000100111001100000011
00000101000101000111010100001001001000110001110110
11100000001000000010101001010101011110100100000011
10101010101011000110000011001010000001101101000000
11000101000000101110100001000011100010001010100001
00111101000100110100001000000001000000000110101100
00001100101101110001001101010011001001110101010011
01110000100101000101100010111011010000011000111110
00001000011100100010000100010011011111101011010000
01001100011011100100001000100000110011110100010000
01100101100101101001000010100000101110101111000011
10000110100110001010011011000010110010101010001101
10010010111010100111100001000000101110010010101000
01010110011111101010001010010110100010000000000111
01000010011110111000001001000101000001111111111101
00010000001001011001010000010100110100001011011100
11110110111000101000011101100001000111101010011110
00100001001101001011000101010010001000100001001001
10011110110001010111010101010001101000100100010101
00010001111100010001000000001001010100100000100100
10100110000000000110101010010110110010010001101100
01111000011100000100010110000010000100000101110110
10010010000001110100111100010100101000110100111010
00010010101010101000001100000110000100101101000000
11010100100010001000001011001010001110101000010110
01000100010100010100011001010001100000011001111101
10101110010011010000010100001011010110100010000101
00000010011001001100111111110001001010010010000000
01011000000011000101010001100010011000100001000100
00000001100110000010100001011100010000111101110110
11010010110101001110000000000010011011001101101000
10001110010111001000100100001001010110001001000110
00100000110100001111000111000010010110000010001010
10011100000000110010010010100000010110001000010010
00000001001110011000100100110101110001010011001001
10011011100000001011000000000110000010000000101110
01100101001101000111111010010110000111000000011100
11000011111000001101111000000010111101000011001000
00001100100011001100010011110101001011111011000011
00000110011110101110001110000110100000100100000001
10010010100010000010001101110001110000100000100010
01000000011000000100001000101000001001000000100100
11100111001010010001101011001010010010111110000000
11010101101010100110011010100001001000001110001101
00001110010100101010000111000010010110110010100110
00000100100000010010010000110100000100000011111001
11001101101001000011000101011100101000000011011000
99 261 42 21 9 2 0 11 