55
50
00101100000111011001010110101001000000100011000000
11011000110110010101100001101010011001100100001000
00100110001110110001000001010010000001100011100010
10001011011010111100001101011100000100011011010001
00011111100111100100000011011101001011000110000111
00100010011001011100000000011100100110000000010110
00001110101000101101001001111001101000110001000101
01001000010100111000100111100110001100001000001000
10100000110101111000111100011001100100100011000010
10001001111000110010010000010100001001011000110101
00100010101000000010101001101110100011010000100001
11010110110010101000011011100110110101000011000000
01011010011010000001000111011101011000011000110000
00000011010000110000110010000000010000100010101100
00011010000100011111101010110000000111010010000010
11110110000011001010101000001000101101111000100101
01010111101010011111000001101011110010010101010010
10010000001001111111001010101001100010101100001011
00101110000011100010011100100010111001001010101100
00000000011001000011100100101001000100100010010010
10101000000110101101101101110100011101111100000111
00101101100100010110010101111001000010000001010101
11001000110100000100010101001001100011000101001001
01011110001001000000011111100100100001000000100010
01100000101000010000011000010101100001000001100011
01010011111001000010010101000001000001010110000000
11000001001000001111101001110100000110111000110000
00001010101010011010010011100101100000110001010111
11111010000000000101110000110110110100101101010000
01110001100110000010000111111100010110010110110000
10010100110111000001000101110010011110100001010110
11011110011000111010011100100000110101001011100000
11010100110011100010011000000100110100100010001101
10001000011000010101011001011000001000011111001101
10101000111001101000000110000000001001101011000111
10100001000100100110100000110000001000000110000000
00110100010110100100110010001100001000010100000011
01001101000000000001101011101111101100011010100110
10110010000110100011000000000101000000101101100001
00000100101101010100101010100110000010011000011001
11110000000011010000100110110001001101000001100001
10110111001101000101000110001010100100001000011000
00000011001010000000100101001101010000000010100011
00111000100100100110000011110000001001000100001001
00010010011011010000101100000101001100001100000010
00101000100101000100110100000100100101010101011010
00001010101100011100011010110001010011101011010001
10101010110110011100101100010000111010110100010010
10101001101110000100110111010101100101010000101000
00100011000110010101101001010100010001011010010000
01000001011011000011000010110010001010000110000001
00001101000001000000010010010000111111110101000000
01010010010101010001101100010110011000001111011000
00101110001000011001010001100010010011000000000011
01101001101000010100101101000011000111111011110001
92 270 49 31 6 3 0 6 