55
50
01111110111111011011101011101011110111111100111010
11110001101101111010011111111011111101111111110101
01111101111111111111111111111111111111111111101111
11111101111111110111111011101101110111110111111010
11101101111111011111110011110111011111100010111111
11100110010110111111011111101011111111110111101111
11011111001011110111101110111111011110111111111111
11111110011111111111111101101111111111100011111111
11101111101111110011111101111111011011101100001111
10101111111111101001101111111111111111011010111111
00011111110011110100110111111101101111011011111010
11111110101111111100101111111101111011110111110111
01110110111101111011111111111001011111111111111111
11111111111110111100011110110110111111111011001111
01111001111111111110111011111111111011100111111101
11011111010110001111110111101101011101110110011111
11110111111111111111011111111110011111110010100101
00111101111101101111111101111101101101101111111111
11111111111101111111011111111111101111111111111111
11101001111110111111111111001101111011111111111001
01110111101111111111011011111110111111111011111111
11100110011111111111111111111011110111111101111111
11111111111111111100101011111101101100111111111111
10111111111011100110111111001101111101011111111011
01111111110111111011111101111011010111111001111000
11111011111111011101111111111011111111110111111111
11101111001111101111111111101111100011111110010111
11101111111110110111101111111111111111101010111111
11111011111101101110111111110010110110110110101110
11111110101111111111111111111111011011111111111101
01111111110111111111111110011010111111011111100111
11101101111111011011111101111101111001001011100111
11111111101111110111011111011001111111011101111111
00101011111111101111011110111011011111111101111111
11101111010011111111111011010011111011111111111101
00110111100111101011010111111101011111101110001111
01111001011100011000111110110111010111111111101111
11111110011011111111111100010110111000101111111111
11111101011111111110110111011111011011111011110101
01110111011111111111111111111101111111101111011110
00011011111111010110111111111101111010111101100010
10111101111111111110111110110111110110111111111110
01010111111111110101111111111111111101101011111111
10111111110111110101111101111111111101111010101111
11111101100111111010111100110111101111111111110111
10111011011101110111111110111011000101111110111111
10111110111101001111111001111111101001110111101110
00101111100111111111111101101101111100111111110110
11111111111111111011110011100111111111111110111011
01111101110111101111011110011111011111110111111101
11101111110110111101111100111110011110111010111111
11111010100101100111111111100111111110101111101101
01110100111111101111101111111111111111010111010111
11111010111111111111011110110111111011110111111111
10100111111011111111110110111110101111111011110111
93 264 60 30 8 5 0 14 