55
50
00001000000001100010000100010000000010000000000000
10110010000000010000000000010010000001000000000000
00010000000100010000010000000001000000000101000110
00100001100000000000000100000000100000100000001000
00000000100000000000100000000000000001001000010000
00000001010011110000000001000001010001000010000100
00000000000001001000000000000001100000001100000011
00001000000000000000110000011100010101001000001000
10011000010000010000001000000000000010001100000010
00000000000010000000000000000010000101100001000100
00000010000000110000011010001001000000101000000000
10000000000000000100000100000000110000000000000010
00000000100010000100111000100001000000000001000010
10010100000011000000001000000011000000101010000000
00000000000100100000000000000000001010000000000010
00100000001000000101100000000000001011101000000000
01000000001100000110001000010000000010000000110011
01000000001001011011000110010010010100000110001000
01000000001000010001100000000100100000010100010100
10100000000100110000011000101001001010100010100000
00000000001010100100000010101000100100011010010110
00000100000000010000010001000000000000100000100000
10100000100000000000000000110010000000000010010001
00000010101000000000001100001000000001000000000000
01010000101000001000000100000100001000100010111000
10000000000010000100000010101100001011000010010100
10000000100000100011000000100001000001000011010000
00100000000010100000000100011100000010001011010000
00000010001000000001001100001000100001000000000000
10000000010011000000000000100001011000001000000000
00001111000000100001000000000000000000000000000010
00010000100011010001000000000000100100000100110100
00101000100110101100000000001100010000000000011100
01000100010010000100000000001000000001000111001000
01001110001000010000011000000000001010000000000000
10001000100010000100000010010001100000001000001001
00100000000000000001000010000000000001000010000000
00100000101000101000001100000100110000010000100010
10000000000000000100110000000000100000000110111000
01000101101110000010001000000011000011001000000000
00000100100000100011100000000100000000000000000110
00000000000000001000010000101000001000000000010000
00000000110000110100100010000100000000000100100010
00001000100010000101101010000000110000001100101010
11000100000001100000000000101000000100001010000000
00000001000001000000010001000000000000000110010110
10010000001000101000010000100000100100100000000010
01100100010000001110101000000010000000000000000010
01000000001000000000100000100001000010000101110000
11001000001000000101010000000110100000000000101010
00100000010010010001000000000001000010000001110001
01010000001100010010000010100000000110000100011100
00000000011010100001000100000010000100110001010000
00000000100100110001000001000000101010000000000000
00010000000000001000000100101000010000001000110001
54 157 26 15 0 0 0 0 