55
50
01110110111111011101100111011111111010111011111111
11111110101111111111111110111110111101111011111101
11111111111111111111101111111111111111101010111111
11111101110011000111011101111111001111101111111111
11001111110111111111111110111101111011111011011010
11101101001010011011111111111001110010111111111111
11111010100111111100111010111011100110111110111111
11110101110111011010111111111111111011111101110111
11111110111111101111111111111111101011100011110111
11111010101111110101111110111111111011101111110110
11111111110111111111100111111111111110111111111011
11111111011110110111111011101111111111111111111111
11111000100111111111111011111111010111111111111101
10111101111111111111111111111110001111111110111010
01101111111101010010111111101111110111111111111010
11101111111111111011001101111011111110111011011111
11110111001011011111111111111111001110111111111001
11111111111111111111010101111111111110111001110110
11011101111111111111111110111111101111100111110110
11001011111111101100011111001110110111111111010001
11111111100111111111001111111110111101111000011111
11111101101101111111110111011111110110010111111111
11111111111111101100001111111110111111111110111011
10110010111111101111111111111111110111001110111111
01110100111110111101111111111111010011111111111110
10111111110111101111001111111111001111111101101111
11111111111111111011111010111011111111111111111101
11110111111110111011011101100101110111110110101111
01111111101101111011011111110001100110111111111001
01011011011011111111111111111111111111101110011111
10111101010000111101110010111011111111111111111111
01011111010010111111100111111111101110111111101111
00111011111011111111110111000111111011111111000111
00111011111011011011110111110111001111111111010111
10000011111111111001111111011111111011111111111101
11011111111111101110011110111111111010111111011101
11101011110101100111111111011011111010101101100111
11111011111101111111111111111101101111111101111111
11111110101111111111111111111111110111111111111111
11010111101111110011111101111111101111011111111111
11111111101100011111110111111011111111010110100100
00111111001111011010110111111111011111111001111010
11101111111110111111011111011101111101100001110111
10111011111011011111110111001110111111111101111111
11111110011011111111011111011110111101111001011111
11110101101110111111101111111011111001101101111111
10111111101111111111100010111110111111111010111101
11111001011111111011111111111101111101111111111111
01111111011011101111111111111110001111111111001110
11111111111111111111111111111111011011110111111111
01101110100011111111111111000111101111101001000111
01111111111111111110101101100111111011111001111111
11111111111110101111110111111011011011111001110111
10111111111101101111111101110110111111110111101100
11111111101101111111011111101001111111111111111111
76 174 28 21 4 3 0 5 