55
50
01111111111100111111111111110011111111111111111100
11110111111101111110100111111111111111101110010111
11011111011010100111110111101010111101111111111111
11111011101111110101011010111111011010111101011101
11110111111011111111101101111001111001111110001111
11101011111111111001111100001001011101101011111101
10110101010111110100111011011101011011110111111011
10111111001110001011000111001111001110111111110010
01011111111001111101111111111001011111111111111100
11111111111111111011111001011110110101111111010111
10111111111111001110001111010101111111111111111111
01111110101011111011101111111111011110111011110111
11101011110111101001110101110101001111101111111101
10110111110011001001111111011110001101111111011100
11111111111110101101110111111110111101111101110000
11010111111101011111111111111110101111111111000111
00111111111101011111001111100110110111111111111111
11010001110101111101111011010101101111111111101111
11101111000111111111101111111011111111101101011111
10101101100111101001011110111111111111111101110011
11101111011101111011111011110110011011111101111111
11100101110111011111111111111101101111111111101001
10110101110111111001001101101010110001111101100101
11100111110111110111111100100111111111110010111111
11111111111111110011111111111101110110111111110010
10111111111101111111011100110010111111101111111111
11001111111111110100011110111111111101111011111111
11111101111101100001011111010111011111011011111111
11111111011111011111111100110111111111110111111101
11110111010111110111111111011110111110011111111010
11111001101101111101111011011111111010011111111110
11100110001110111011111011011101111101111111111111
10111110011111111110111111110111110111110010101111
00111111101111111110111110111101001110011011111111
01010011011110110111111111101111100111010111100111
10111111111111110011110111111011100101110111100110
10111110100110111101110111111110111111011011101111
11111101111011110111101111000111101111011100111111
11101101110011101011110111101111101110001101111111
11111110111111111111011101111111110111010101101111
11111101001101010101011111111111101111101110111111
11011101110101011111111101110101011101101111101011
11110111110111110111111101111111110101110111111001
11011111111111011111011101110101011011110111101111
11111011111111111001111001111111111101111000101111
11111001101011111010111110111111111111101111100111
11111111110111011111100110111110011111111111111111
11110111111011101111000001100001111100111101100111
01111011111111101111110111111111100001101111111011
10111111101111111110001110101100101111011110111011
01110101111101111111101110111111111111111101110111
11010111111111111101001111111011110011011100110001
01011010110111111110111111111011110011111111111010
10111101111011111111111111011110101111011101111101
11101111101111111111100111001110110101110111011101
157 523 96 46 12 14 0 13 