55
50
00100000001001000000010110001001100010011010000000
00000000000000010000100001000000100100001000000001
10110000101010010000010100000000100000100000000000
00100000110010010001000000000100000000000000000000
00010001010000010000000100000010011000000000100000
10000100001000000000100010000010000000001000101010
00000111000100001000011000000011000010100000000000
10111000000010100100010000010010000100000000000100
01100101000000100000001100000000010010000001110001
01000000010011000010000000101000001000010010001010
00000101000001001110001100000010100000001000000100
00011100010000000111011000001000010001000000000010
00000000000011000000011101001001000000000100000000
00000000000000001000100000000100000000000100100000
00000000000100000000000000000000000000000100000110
00010010000001011100101000001000100000100100100000
00000100001101110010000010101000010100011100010100
10000110100000000010000000000000001101100011100000
00000010000100010000000111000000000010000110000000
00000000100110000010001000000110000001000011000001
00001000010000100000000000000001001000110000000011
00000000000000101000000011000100001000000001100001
00010000100000110000001100000100000000000000001110
00010000000000001001110000000000010000000000111110
00000000000000000000000000001000001000011100100001
00100000000011000000000000000100000110001100001000
00000001100000100000000000010010001000000000010000
00001001000000001010010000000010000000001000000000
00001000011001100001000001100000000000100001001000
00001001000110000000000010000100000100010000000000
00100100000010100000010000011000000000000010000000
01100001000010000001011000000010100000001001110100
00000010110000001101000000000001000010011001000000
00000100000010001000010000000011000000000000110000
00000000100010000000001000000010000000000100001101
00110000101000010100000000010010000010001000000010
00101010001001000000001101011010000000000010000000
00000001000000100000000000000000101100100100000000
00100000110000000100000000000000000000000100100000
10000100000000000010000000000000011100001011000000
00000010000000001000000100010000000000001101000001
10000001010001111100000000100000000100001001000001
00010000001000010100000010000100001100001000001000
00000000011100010001100001110000000000010111000001
10100100011000000001110000010010000110010100001110
11000000000011000000000001001001010000100100000011
00000000000001000000000010001000000001001000000000
10001000000000000001100001100010000000010010000100
10000000100000000001000000010001100001001010001100
00100010010000100000000101100000000000000010000001
11000001000010010011000000000001001011010000000000
10010000010000000010010000001100000000101000000100
00000000000001101000100000000001000000000101000000
00010010001001000000010000000110100100000000000000
00100000001000001000000100000000001000010000010100
23 51 9 3 0 0 0 0 