55
50
10110000000000000010001011000110010100100001011000
10000101000000101000011001000001110001001110000101
10001100000001000101000001011010110110011000001011
00101001100100001100111101000010001110000001100110
11001001010110010000001110010101101100100000101101
00011101010010000111100011010110000111001011001101
01110001000010011100111001111000000001110110001101
00101100001001000011111000000010010001100001100011
00100100111000001011101011101111100100110111001011
11000100000110010001000011010111110010001101011101
00101011100011110011110010110010101011000001000101
01010000101001010100010010110111101000000111001100
01111001000001011101111111000100001100100000100011
11000110010111000100000001010001001100010010011000
11100001100000000001001110001001010001010111000010
00100000111000100011010110010100001011010011111000
00000000111100100110000011110010110010001110001111
01100101110101110000101111001001110001010100011001
01110010011010001001000010111011100010000111001101
01110100100111101001001001110001010101101000001010
10001001111110001101001001010001001010101100001100
11101000010100011011100101001101110011000000000110
01001011000111000011110001010000000011011100001000
10011100010001000000001001000100110010011100011100
10010000010010000001010100011010110000110011000101
00100010000001010000000101011100010000101000111101
10111000000010000000010110000001001011001000010000
11100001000010010011000111010110001111011001010010
01011001001001000010000101010100100011110010110001
10100011100100110001100000100110001000000011000000
10111100101110010011110011000000001110010100001000
11110001011111110111100100001110010001110000000100
11100011011111011010110011100101011101010000000100
00011110100011001110011010000100000001000011110011
00100000001101100000100001110001001110000101000110
11110010010011000010001010010000101010000001101000
00011100100000100000101100001100010100110011001000
01001111101010001001011010110100001110110111011010
11100000001001001011010000101000010000000001100011
11011000010010000001111100100011110101000001010100
10010001101000111000110010010001101001001000010010
01100101001101111101000110101000111101110001000000
00101000000000001011100000001100000010100010010000
00100100100000101100001001001101100100001101100111
00100010000000001001001011111001100100011000100110
00100110111010001001000110011001000011111111001101
01110100000000001101000100110000001111100011101011
00000011001000011100011000110011100110000001110010
00110010000101111110010100000001010001101000110011
10100001001111000011000100001001110111111000001000
01000001100001011001100100000000100011010100011011
10000101111001011110000010100000000000000101000000
10000100011011010111111010000000000001001000001010
00100100101000001000100110100000010001111000101100
01011011000101010111000101111100101000000001011101
98 285 47 16 10 3 0 8 