55
50
11101011111111011101101111010110001011111101011011
11111011111111111110101011101111111101111111111111
11101111110111110111110110110110011111111111111011
00101101110111111111011111111111111011001101011110
10111111111011111011111111111110111111111110111111
11111010010111101111100111111111101110111111111111
11111101111111111011011111111001110110111011111111
11011101110111101111111111111101101101111011111111
10101101111001101111111011111111111111111001101111
11011110110011101101101110111110110111111111001110
10110111101111111111000101111110101100111111111111
11111101111011011111101110111101101111110011111001
11111111111011111111111011111011111101111110101111
11111110111011011111010111111011111100101011000111
01001111111111110101100111101111111111101011101011
00011111111111110101101111101101011110111111110110
11101101111001110111101101111101100111111111111111
11111111101001111111011111111111010111111101111110
11111101111111111100110101111111101101111111101111
10110111111111101011111110101011101011111111111110
11011011110110101101111111111111110111111111111110
11011111111111110011111110111111110111110101111111
01111111011110111110111110111101111010111011101011
01101111111001111101111111101111111111111111100111
11111111111010011011111011111111011101111000101111
11110111111111101111111101111010001010101110001110
10111111111110111111110011010110111101111001101111
11110111110011011011010011111010111011111111111101
11101010111111011111011000111111111111111111101111
11011101111110111100111011111101101110111111111111
11110111010110111110101111001111111011111101101110
10110111111110111111110011011111111111111100101111
11110111111111111111011111111110101111101110001111
10110111111011110101111111101111001100110111110111
10111111111111111111011110110011110111010111111111
11110111111111101011011111111111110010111001010111
11111111111111010111111100100101111101111001111111
11110111111101111111001111111111101111111110011001
11011111011110101000111011111111111011001101111110
10111111111111111111110011111000111111011110111110
01110111011110010001101111111100111111111111111111
01111111010111011110111111110111111111111011011111
01010010101111001011110100111011111111111011011111
01100111111111111111101111111111010110111111011111
10110001111111111011111111111111110111110110111111
10011011111111111110111111111101011111111111111110
01111111000111110111110101011111110111011011110111
11111111011100111101111111101111000010111101110101
11101011111011111111111111011111111111011111111010
11111101111111111111111010110101111111011111111011
11110011101111110011111111111110111110111011111011
01111011011111111011110111111101011101110111111011
01001000111111101111111111001110111111011101111111
10111111111111110111101110111111111111111111101111
01101111111110111011111111110011011001111111011000
179 548 74 46 15 12 0 20 