55
50
11111101110111111111101111100111111111010111011111
10101100100111111111101010110111111011010111100110
11111011010111111111101101111101111111011111101111
01010101001000111111111110111111011111011111110111
11111111011111110111111111111111110111111111101111
11011001011111101111111011110111111011101111101110
01010101111101111101111111110111111111111111111111
11101111101010111111000111011111001110110111111111
10111110111001101010110100110111100111101111111011
11111111111011011111010110011110111110011111111011
11111111111111111110011110111111110111110011101110
00111101111011101100011011111111101101111111111011
10011111111101111111111111111111111101011111011111
01011111111101110111110111111111111111111111111111
11101111101110001111111111101011111111101111111101
11000111110111001111111101101111010111011001110110
01101111111111100111111111111101010111111111110111
10111011111111111100111111111011101010001100111111
11101011101110111111111101011111111101011111111111
11011111111111111111101110111111111111001101101111
11111110111111011111111010110110101001011111111111
10111111111010101111100110101001011111111111111110
11111111111111111111011110101101111110101011110111
01111111111001110111111111111101011011101101011111
11111111111111111111101011100011111111111010011110
11111111111111110101011111111011111111111111111011
11011111111101101110111111000111111111111101111011
11111111111011111011111111011110101111111111101111
01111001111110111111111101011101011110001101110001
11011011111111110110110011111011111111111110111111
11111111111110111111001111111111111111111111111101
11111111111111110111111111111101011111111111111111
11111111111110111101111110011111111111011111100100
10101111001111111110011110111101011110111111011111
11111111001110111001111110101111010111101011111111
11111111111001111101011111111101111110110111011101
11100011111100111111110011101111111011111111111111
01111111111110111111111111111100101111111110111010
11110111111011111111100110111111100111101111001001
11111111000111110110111111111101111101101111101110
11110110111100110111100011111100101010100111111110
11101101010101110101111111111101011010111101111111
11101011111110101011110000111011101111011111111111
10111110110101111111111111111011011011110101111110
11111111110110100001110011111011111111111111010111
10111111110111010111111111011111111011110111111110
11011111111101111110011111111111111111011101111110
11100111111110111111111110111011111101111001111111
10011110111111111011111111111110111111111111011110
11111111110111110110101100111101101111111111111111
01111111111111111110011111101101001110111011101101
10010011011010111101111111111111111111011111110110
01110111111111101110101000111001101111111011100011
11101111111110011011101001111111101111111101111111
01011010111111111011111100111111101111111111111111
103 303 58 24 9 4 0 8 