55
50
00011010101000100000000100100000010100000001011111
00000000000000000001100100000000101001001000000010
01001000000010000100000100000100011010011001100000
10001100000001000000100010000000001001000000000010
00100000000010000000000000100000001000001000100000
00100000000000000000010000001000010011000000000110
10001000000000000100001011000000000000000001000000
10000000000000000001000000000000000000010100000000
00000000000000101000111000000000000000010010010100
00000100000011000000001100100000000000000010000100
10000000000000000000011000101000000000101101010000
00000000000000001000110100000000001000000000000000
01001001000000000000111001000100011000100000000010
01001110100001000010000000100000011110000100000001
00000001100110110000101000001000100000000110000000
10000000001001000101100000000010000011000010100000
00000000000001011101101000000000001000100000101000
00001000000000010000100000000001000000000100000001
00100011000000010110000000000000001000001001001101
00010011010000001101000001000000101010000010000000
00001100000000000000100100000100001000001100000000
00000000100001100000000000000000000000010000000100
00100000100100100000010000000000100100010010000000
00100001000000000000000000001100000000001000001000
10001001000001001011101001010000000000010000110101
00000001000011010001000100000100001010100001000000
00001000000000010000110101001100000100010000100000
00000001010101000000000000000000001000000010001000
01010001000000000000000100000100001110010001000010
00000000000001001000000000000010010001001100000000
01000000101000000010000000010111110000100000001000
00100100001001100000010010000000001100000000010000
01000000000000100000010000000001100000000000001000
00100011011010000100100000001000001000000101001100
00000010011000000000001000000000000010000000001000
00011000000100000001110000000101000011000000110100
00110000000000000000000000001010110110000010010100
00000000100011000000100000110001000001100010000000
00110010011010000011000001000011000100110000000010
00000000100001100001100001000000100011001100110000
00001001000000000001000100110000100001101010000000
00100100001010010001010010100010000001001000110100
00000000000000000000000010000000000000000000100000
10100100000000000000000100000000011000110010100000
00011100000000000000000000010110000011000000000001
00000000010000011111000000000001000100000000000000
10000100001000000000000001000100000010010011000000
10001000000100000011000000011100000000010100000000
11000000000000001000100000000000000010000110000000
10010010000000000110000010001001000100000000000000
10000001000000001011000000001000100001100000001000
00000010101000100000010000010010000000100000010000
00011110010000011100010010000010100000000000000010
10000100001000000010001011100000001100001010100000
00000000000010100000000000000010000000000111100010
29 88 11 5 2 0 0 0 