55
50
11111111110101110111111111110110111111111001101111
10011110111111111111111110111111110011011111111101
11111110110101111110100101101111010111011110110110
10111111111001110111110111111110111111011111001101
11110111111011011111111111101111111111011111111111
11111001111111111100111101111110100111011111111101
11110001111110111001111110111110101111110101110111
11111110111111101110011111110101111110111111011111
11110111111111111111100110111111101111101111111110
01111001001111111111011110111101011111101111111111
10010111111001111110011111100111110111101111110011
11111111111111111010011001111111110111111111111111
11111101111101111111110011111111011111101111111101
11011011011101111001111111001111011110100101010111
11110111001111111111111111110111111110111111011111
11111110011101111101111111111011101101101011101010
01011111011111111010111100011101111011101111011111
11111111111110110100111110101111111011111111111011
11011111111111111001110110101111111100011111111111
10010110111111111110111011111111111110111010111111
11101011110101000111111101010111111111001101111110
11111111110111101100011010111111101111111111111011
11101011110110101111110111111011111011111011100111
01111111111111011111111100011111111100010100111101
01111111111111111111001111111101111101111110111101
01111010111111101011111111011101101101111101111111
11111011101111111111111110010011111101001100111111
10011011111011111111111111111111111100111011111011
01100011111111110111111111110111110101010111100111
11111111111011110101111111010111101001100111111101
11111111111011111101111111111011111011110011101111
11111110111111111111111111011000101011111101010111
11111011111011111111111111111111111111011111011111
11111101111100110011111001011110111111111111111101
11101110111111111111111111100111101011011111100111
01111111111011011111101110111101111110111011111110
10111110111101111101110100111111111111111011111110
11111111111111010001111111111111111011110111110111
10111101111111110110101111111110111011011101101111
11110111111011111111001111101111001110111011111000
11101110111011110111111111101111111011110010101111
11001111110010101111110110111111011111111110111111
01111101111101110111111110011111011111111111111110
10110001111100011101100111101101111010010010101111
11111101111011011101011101111101101111101100111111
11111111011101111110110010111110111001110111111110
11111111111110111110111111010111111011110111011101
01111011110010110011111111101101111111101111010011
11101111111111111011011000101011101101110110111101
11111101011111111101101011011110011111011110111110
11111110001111111011111111101111011111001111011111
11101111101111111010111111111111111110111010101111
11010111111110111111011101111011011011111011011111
11011111111111101100111111111101111110110110101111
11111110111101110001111100111101111011011111011111
150 407 66 44 10 5 0 16 