55
50
11111110000101100010111100110110011110100110101100
01001110110010110111001111101110100001111110110001
11010110001010011101111011101011010100101101011111
10010001011111000111101001101101001010101111010101
10000011001010101010011111111100101110010110100110
10001101010110111111101011011010100100111101011110
01111111111100001001111010000001111010101101011000
11100111011010111111000111110001101101011110010110
11011101101001000110001110101111011101100010100011
00110011101111001111101110100110111011110111111000
10100010110010111110101100110101010111010100011100
01000111110001111000100000000011100111001100000010
10110000001001111100010011100111011110111000111101
00101001101111011010010100011110111111011000101100
11100000001000100111010001010011010111001100010000
10011110011011110011011010110001111010111101101110
11011111001110011110011110110111101010011110110110
01111110110100110111111111101000011011010110001101
00111011111100101011100111110001001111011101101011
11100011101111111111010010010011111101110001010011
01111100010100110011011110001111111001010011111001
11000111010111010101111010101111010100011101111001
00110101111010100010101110011110100001101111010011
11001111000111110111011011110010111110111011101011
11111101111111011011111011110111100110000011101110
11111011100000010100010010101001100011110111101011
10101010010111111111111001100010100101101110001000
11101110010000100100010111110010100000000110111101
11110111010010111100110111011101011010101011000001
11001010110001011101001111111101111010001000111101
11110101011011010100110111011000110011110110011101
10100011100000110101111101011010011011011100001010
11111101011100011111001010001111000111111011011111
11111100110111101101101001101001101011010111110010
00011010101011100011000111100110010101110001101000
01110000101101110110110001100011000010101100111101
01110101001110100100111011011000110010101110011110
11011111011100001000111101011001110111000111110000
11111010011111110111111111011111100110001110010111
10101111111101010111101101101010111011110100010000
00001110101010000011101110110110010111101011011000
01110000011100001111011110100111110101110100011111
01010100111010101111101100111111001010110001101110
11110110111000001010101010101110111100111010111100
11011001111111010010001010101101001101110011110101
01111110010011100000111111010010100100001100111111
01010000110110100100111010000111000011001110110010
10111110111100001011110111000111100001111111001001
10110101010000010010010101110101110011110111111111
01110101001110111101111100101001110100001101010110
00111001111110100001011011111011011001101001010110
01001101010111110111101111001111111011111111111011
11111011111110101111010001111111110011111011111111
00010010110010001100010101111111011100010001011100
01110001011011101011100001010111011101110000000110
67 238 40 17 7 1 0 5 