55
50
10100110000000101000001000010000100000000000001000
00000001000000100000001000010000000100001000000010
00100000100000100110010000011000100010000010000000
00000001000001000000010110000000010000000001100100
01010000010000000001100100100000000100000011000100
00110100100000010101000111000000000000100000000000
00010001001000000001001001001000000000010100000000
10000001010000000100000001100100000001000001000000
00110000000101000100011010100110001011000100100010
00000101000000000000001100000000000100001000000000
00010010001100101100000000100001100000010010010010
00000100000100000000000000000100000010010010000010
10010000010000000100000101000100000000110110110000
11000000000001000100000100000000000010100000010010
00001010000100100000010000000001010001000000100001
01100000000000000000001100000000000100000000010100
00010010000110000001001000000100001000000000110000
00000000010010100000000000111100000001000100001001
01100100100010000000001010000100000001000111001110
00100000001000000001110100000000011000000100100001
00000000000100000001000000100000000100000000000100
00000000000100000000100101001001000011001100100010
01100100101000110100000000110100000001100011010000
00111110100111000000001000000100000010100000000000
11000001111110100000000000000100000000000100000000
00001000010000000001100010000000000000000000000010
00000000001100000000011010100000000100000100000000
10110111000000000001011000010100000010000000000010
00000000000001000100001000000010000001010010100000
11100000100101100010100100000011010000010000000000
00001001000000100001000101000000000100100000000000
01000010100000000000001000000100000001010000010010
00000001000000010000110010000000000010000010010000
10100000000000000000000000000001100000001000100001
00100100000100100100100100010100001001100000000000
00000000000010000000001100000000000001010000000000
01000010010000000000100000000010000000000000001000
00000010001010000000000000000000001011000000110000
00001100000100000000000000010000010000001000100000
00001000110000000000000010001100000100000000100100
10000100000000100001100001000000100000001010001010
00000100001100000100000010000000000000011001000000
01010000001010000110100010100111000000001001100001
01100001000000000001100001000010000000000000000010
00001010000110100011110001010110000001000010110000
00001000001010000100001010100100011000000100000001
00000000000001000100000000100000100000010000100001
01010000100011010101001011000000000001000000000100
00000000100000011000000010000000100000101010010000
00000000000000000000101000010000000100000100000000
00010010101100100000100000000000100010000010001001
00100000010100010010011000000010010010101000010000
01000010110000000000110100000001100000101000000110
10001011000001010000000000010000001000001101000000
00100000110010010000001000000000000110000000000000
43 142 25 13 8 1 0 0 