55
50
00000010000100000001010000000001000100001010001110
00011000101100100000000010000000010000010110010101
00000010000110000001100000000000100000000100000000
00000000000000000001000011010100000000100100001000
01110000000110000000010000000000000110010000010000
10000100000011000000000000011011011001001100100010
00100100011000101000000010000001101000110001010100
00010000000010000100000000001000001000110000000000
00100000000000100100010101000000000000000000010100
00000001100100010001110110000011000000100010000000
10000000001000000001010000000110001000000000010011
10000000000101000000000010001001010001000001101000
01000010000000010011000000000010000000000010010011
00000001000000000000100000100010101000000010010001
00011000001000100100000000001100010000000000001000
00100010011000100010000001000000000000100000000100
00000001001000001100010000011000000011010100000000
11101001000000000000000100100001000110000010000001
01000010100100000011001000010000000000000001000010
00010000000000000000000100010000000001000100000100
01000000000000010010010000001001000110001000000001
01010000101001100000000001000100101010000000001010
00000100001000100101000000000000010010001000101100
00001000000000000001000000001001000000000101001100
01000000000000000001000000000000000001000010000000
11000000000000000000000000001000010100000100100001
00001000100000000000001000010000001001000000001001
10000100100000010001000000010000010000001000000001
00000000001000000010100010011000001000100100100000
11000000100010000000000000000000000000000000000000
00001001000010011101000100010010000010110001000000
00000011001000100000000110000010000000100000000101
01000100100010001000000010001011011011010101000001
00001000000111000100011100110000000100100100000000
00000000000000000000100110001010000000001000000000
00001000000000100010000000000010010100001000010000
00011101001100000000100100000000000000100101000010
00010000010010001011000001001010000000100000000011
01000000001100000000001101001000000000000010000000
00001000000000000101011000001010000000001000010010
00001000000000011010000100000100000010001100011110
01011111100000000100010001000010000010100000000100
00100100000000010100001110010011110011000000010100
01000000100010000101111000000000000010100000010000
00000000011001000000000110010001000000100110100000
11000000000001000000000110010011000000010001000101
00001000000010000001000010001011000100000100010000
00011000100100000001001000000000100000000000010000
00000000111001000000000001100100000000001101000100
10001000000000010001000011101010000000001000010101
10000000000000000000000001100001000011000001001000
10000000000100000000010001000001000100000010001000
11000000001000000001001000100010000000000100000001
00011100010001000100001000000000010010000000000000
00010001000000101000000011000111010000000000000010
43 121 18 6 4 2 0 0 