55
50
10111110111100011110111010100110010010010010000001
11011101100101111111100011110100101010000101111111
11011110011110101011011110011111011100010011011010
01111011111110111111100101111100111010011011101101
11011111001110010111111101001101000011111110000010
10111001111100111000010110100101101111010110111111
00110001110011001111000111101111100011111101100001
00010110110101101110111111010000000010001111101100
01011000101110100101011101000011011101111100011001
11111111100111110111100100001110010111001111110001
11000110111011111001001100010001111000011011111001
11110011010011001011111000110100100011001111001101
10110010000111111110110011001010010101011101011011
10111011010110111110111010010111111111111101110101
01011111110110001101001110101000101011101111110001
00110110111000011010001011001110001111001101010011
11010001010101011101110101011100010100111011100110
01111011101010010011111101110111110011011001111000
11101010001101100111010101100101100110110111011111
11100111100101110010111001011011001011110001000100
10011100111110000111010110111111110101111111001010
01110100100001000000100101011011010101111001101011
10110101101110000011111111000111110101100110011110
01101111000101111011110110100111010001101010111101
01111111111101101010111011111111011000110111010111
01111111011101111101101100110010111011000011111011
10100010110001111101110011000100101000110111100010
00010111111111111111100001111100110111101001001111
10111101000001100100000011011100110001010111100101
10000101011110111101110000011101100000110100111100
10110001101101111111000101010111000011111001011111
00100110111111111100110110101000001100110101001110
00011111010111001111110001111100010000010111101111
00001010001010011110011110111011101101011000111110
11000111100010001100110110101101010000101100011100
10110011010101100011111100100000111111100101100011
11011110001011100001000111101101111100010110110100
10101110001101001011000001110111101101101110110101
11011000100110001011110010101001101110011101000101
11011011010110111001011111000000011111111110100001
11011111010110110111011010001001011010101011101111
11110100011110110010101011010011100111110111111011
10101010110101110101001111011111110100101000110101
11101000000110011010001100110111110001100011011010
01111101000110001000111001111110110100110100111010
11011101000110011110100110110000011110111111110001
10100111000111111111101111111100001111111110011011
01110111111000110010011101101011110001101101010010
10001010111111101001111001100111001111111001001000
01111111000101010111110101001111111111001000011100
11110111111001100011011000111111011111010001101010
11011001011011011000010111010000111010001011111111
11010010100110111111001110101011001101001011010100
11011001001100000100101101111111111111001011011011
11000000111100101011011001101111100011100110011100
39 118 22 11 4 6 0 6 