55
50
00100010010001010000010001000100000010100000000010
01000000000000001101000000000000110001100000001000
00001000011001111000100001010010010000000010110001
00000010000001010000010001011000000000000010000010
00000000000000000000000110000000000001011000001110
01100000000001100001010000000100000001000000001010
00001000001000000000001000000001101000000101000000
00011000001100001000000100000000010001101000001000
11000010000101001000010000010000000000000000000000
00011100001000000000000110000000000100001000000001
10000000110000010000010010000000110100010000000000
00001000110000000000000001000011011000001101000000
00100000010010000000000000000010010000110110000111
00000101000000000100011100000100110011000000001001
01100000000000100001001000000000001001000100000000
10000001000001001000101000110001001010101000000000
00100000000000000110000011000000000101000010111010
10110001000100010001001000000011100000000011101001
00001001000000010100000010001010000000101001000010
10000000000000110000000110101000000100011000000100
00000000001000000100011001000001000010101000010010
00100101100010110001000010010000100010001000010010
10101010000000000000011010000000100100000010100011
01000000000010001000000000010001000110101100000000
00100000000001000000100000001101100100010001000000
01000010000101000001011010001000000000000000000000
10000001000000001110000110000000001100000000000110
00111000010010100000000010100001000101001001001010
00000001100000000000000101000000000000000000010001
00010000010010100000000100100000000011000100010000
00100000101000000001000000000100100000000000000000
11000001000100001000000110000000011000000010000000
01000100001000010000001100000010000100010100000000
10000000000000000000000000001000001011001000000000
00010100010000010000010101100000010000011000000000
00010000000101001010000000100000000001000000010000
00000010000000000000010010010010000000000000000000
00000101000101001100001000000101000011010001000000
00000000101100000010001100000011111000000011010000
01000001000100000000000100000010000000000000010100
11011110001000110001100000001111000000100000100100
00010010100000001000010001100001010000010000000000
00000001110000000010000000010000101000000000000000
01010000100000000111100010100100000100000100010001
01110100000000000000011010010110001100000010000010
10000000000001000100000100000100010000000100110110
01010100101000000000010000000000000100011000000000
00101000001000010001000000000100100000000100000000
01000000010010100001100001000010000000000001110000
10100000000000000001000010110010110000000001010000
00010000100010010100000000001000110010000010001110
10010011000000000000010000001100001000000001100000
00000000000100000010010000010000000000000000000010
01000000000000001000000000000000000000100111000101
10000000010000000000010010000000010000000001001010
40 110 25 14 2 0 0 0 