55
50
01010111000110010000101000010000100100010001000001
00000100110111100000100111101001001101010010100100
01011000000011000010111000101001010001011011100100
01110000010110010010000010000011001001000011000010
00100101110011100010111010101110100101001101000011
00000100110010100001000100101010011010101000000101
11001101010100001000000101110101101111000010010010
00000110001100000101110101100001111011111000010101
01111001000110100111010100110000101100000011000011
10110000001000001110111100100000111100001111011101
11101001100010001101000111010001001000100010110110
00001000000100101011100011110101101010000000101110
00011101001010110011000110010101101000010001001001
01110000110000110110011110000111110001110101101000
11111110100110011000101111111101000100010000000001
01111010101011100000000010101010100101110001011011
10111100001000000101100000110110111010010100001000
11000001111000101011000001111010100111101110101110
00010001010000101000010011010110010000011011110001
11001010001010011110010010000001100111001100000110
01010000110000101001100001000100001000110000001001
00011000010100100101101011101100010011011111100011
00000000000010100000100111100010101110000100100100
01000010100001000000101110000011000000100000001001
00010100111001000010000010000000000100011111110110
10111101000011100000001110011111001011000110011110
10110100110000100010001000000100100010000011001000
01000010110000011000000001100001110111010011110011
01011110101000000001101100011001010000101000001001
01001000000110010101010001101010101010100110001001
00100011000000100100100001011110001001010010001110
11000110100100100110100000000000011101010110111001
11110010011101111110001101010001000010000100001100
01101001010001010110100101000001100011111100110000
10111101100010011001000101000000000010000010001101
10010100001000000110000100101001011100010000111101
00011100001100101010001000010100010111011000100000
00100001110000000000000000010000001010110111001100
00111100101000011110010000110010100100101010100011
00010100010110111010001000010010011100001000110001
00000110100100101110101010011111010110101101000010
01000010000000000000001011101001000101010110110011
00000001101000110010001010110100110100000100110000
11110010010000000101000101001011100011000000101110
01011000000111000101001111000000000010111011000001
11001000100101001010111111000000011011100110000110
00111011100000011001110001000101010101010010100001
00100111001000010101110100110010110010111101100101
10001110101000000101011101010000011010010110000000
11010010001110100000011111001001001100010100010110
11001010101101000010011110001100100101110100101000
01010000001001100010111111100100100001001000111000
00110100000010000110000101110001000101110100000101
01011100010000100000100000100100000000011000000111
00110110001001000011100011000101110000111000100101
77 241 30 18 3 2 0 4 