55
50
11111111111110010101111100011110111110110111111011
11110111111110101010100110111101111011101111011011
01011011111110101111111110011011111110100101101111
11111111111001010111101111111111110111111111111101
10011011001111111111111101111101111101111111111111
10111100111110110111111101111111111111111111011111
11011100111001111111011011110111101011111101111111
11110111110111111110011011111111101101111111111111
11111111110111111101111111011100111111111111011111
11111101101101111011111110000110111111000111011110
11101111111111111110111011101111111101111111111100
11101111110101111111111111001001111111011111111111
01111010100111011100111110111111111110010111111110
11111111111101101011111011111111111111111111111110
01111011111101101011111011111111000101011111110111
11111011111111111001111111101011011111111110101010
10111111111111011111110011011110111101111001001111
11101111111111111111111111011111111110111101111101
11111111110101111111011011001111111111011110011100
01111111111111111111111111111110001101101101111111
11111101110110011111111111101011011111111111110110
01010111110110111111011111011011101011111011010111
11110111101111101111101111011111011111111001111101
01011101111111110111111111110011111111111111100010
11111101000010111111110111101101011101110010111111
00110101010111111011101110110111101111110111010111
11110001101101111111110110111011000100100101111111
11111011111011111101101111110011111111011111110011
11111110101101111111101101111111010111111111101101
01111110110111111111110111101111011111111111111011
11011101110111101101100101101101101111111111010110
10011111111111111101011111111011011111111110110111
11111111111001110101110111101111011011001111101110
01111111011111111011010011011111011101101111111100
00111111110111111110111111111011111011011001111111
01111111111011100111110101110010110111101111111100
10111111111111111111111101111001111011111000111111
11000111011101110111111010110110111111111101110110
01100101111111110001111110101011111111111111011111
11111111011011111111101001011110110011011001111111
01111001011111111111111110011011111010111011111101
01101101101011011101110101111111111101011010111111
11111110110011111111000110111111111110111001111111
11110010111111110111111110111111111111101111111111
01100111110111110110110111111001111111101101011111
11111101011111101110110111001111111101111111110111
00101011001110111111111110111111011110111110111101
11111111011011011111011010111111110001011111111111
01111110111101111111111111111111011101111110110111
10101110111111111111000111011000101011100010101110
11111111110111011101111110111111001011111010101111
11111111111110111010111101111111111110101111111111
11111111111111111111100100111111111010101111111001
00101000111110010010111111110110111111101101010100
11111001110111111111111011101111111111101111010011
66 174 27 12 5 5 0 7 