55
50
00000000001010000100100000000110001100100010000100
00001000000000000000000000001101110010010000100000
00000101100000010000000000000001000000100011000000
11100010010001010000000000100010000000011000000000
00100010000000010000001101000100100010001010000011
00010001010101000111010000001010000110000000000000
00000011010011000100000001000000100000000000010000
00000000000000000000100001110001100100000001000010
00010111000000000000101001100000100001001000001100
00100000001001000000000000000000000000100100000010
00000000000101001000000000011100110000001000000000
01000000101100000000000000110101010000010000000000
00000101000000011010000001000000000100000000000100
01000000100110100000000110000000100000100000011100
00100000000110010000101010000100100010000100000010
00000000000000000000110000000000000000000100001000
00000000000011000100010010001011000000000100011000
00000000100000010000000100000000110011001101001110
00100010100100001000000010000000000000000001000100
00110010010000000000000100100000000000100000011000
10000000001000101000101001000000100000010110010000
00000000100001000100000101010000000000001000001000
00000010000000000001010100000101010000000000000100
00100000010010000101000000001010000000000000010101
00010001000001011010000100000001000000000000000000
00000100000000000001000001000000000000000000101001
00000000000000110010000000001000100000010001010000
01100010000001010000010110001000011000000000001000
01000000101010000001000001000001000010010000100100
00000100100010000010011110000010010011000010000110
00110000000000000010000000001000000000100000011000
00000100010000001000100001000000011010000000100100
00000000001000000000000001000000000000000010000000
10011000000000100000010010101001000000000000000010
01010001000000000001100010000000100001100101000100
00000010000010010100000101001000001000001010010000
00110000010001010000000000100000010001000000001000
00000010000000000000000100000000100001000101000001
00000000000000000001010010010000000000000000001011
00001011000011011000000000100100000000110000000000
00000100100011000010000000010000000110001001000100
00000000000000011000000010100110000000000001000000
11100100001100001001000000010000001000010000101000
10100000000100101001010000000010000110000001000000
00000000000010000000000101000100001001000011000000
00010100010110011000001000100001001100000000000000
00000000110100100001000000000000110000001100000100
00001000000000010100000101001111000000000111101100
00100000000001000000001000010111000010000000000000
00010001000000000100001000000000010000000001000001
00000000000000100100001000000000000100010000000100
00000010000011000000010100000000000100000011001101
10000000000010100100000000001000000000000000000000
00000000001000010000000001010000000000100100000000
00000010000000000000101000110010000100000010110001
19 51 8 3 0 0 0 0 