120
120
100001111101001101111100111011110100110111111111100111111011111100011010101011111110000011111101100011111111011001111111
100111111101010100011111011001101010101001110110101111011011111011101101010100010111111001001101111011110001101111111111
111111010110111011111101111101100101100110111111110110011111011101011111111011101111101110010111111111101111111010001001
111011001111010111110011111011111011110101111111111111001011011111001011110110011110011110110111111101110101111011101010
110000111101111111111100100101011101111111110110110011111001011001011101110100100111111011101001110011010011100111110011
110010111111011011010111111000111111110101111111111111101101111111001011110111000111001100010111111111111110011110111110
011110011011101111011111101110101111101110011100010100100111111110100111101110000011111111100111111101101101111011110011
110011011111011101111010101110111100111010011011110101111100111111110110111110111111111101110101101111101111110010010111
110101111110111111110011111011111110111111100111111100111110011010110111001111111111111110111010001100101011001101101101
110011101111110101101010111111011111111111111011011011111111011010111000100110001111101111111101011110111011101110000010
010111111111100000111111110011111101111111111101110011011111101010110000111010001111001101110111101110011101011111111000
101111011101011111101111001111100011011101111111001011110011110111111101010111111110111111101111101100100111111010111110
101001111010111011100111111010011111111000110011111111110001110010111101111111110101010111110111111111101111011111110111
011100011101110110111011111110110100100111111111011011110101011111101011111011111111111010011111110111111001111110000111
111101111010110111010011011000001001010011111111111111110001011111110111101111110111110011111011100011100001101101111011
111101111110111011111110001111111100111111101101101111110110101011110110101011101011101110111001010011101010001111111101
011000100110101110011110010001110011100011011111100111101001111011110111101110111011111111111110011101110111101101011101
011011111101111101010111101110111111001001001010110110100111111111101011011111110110100011111001010011111111101111101011
101010101111111000010011111111010010001111011010111101111011111001111100111100111010101011111101111111011110111110100001
110011001110111111101011101111111101111111111111011011110111011001111111011010110111111101100100111111111111110111100110
101101111101110111100101001000111100011111110101111101110101111011110101100110111010111011111011111111100101011111010011
111111111111100111111111011111111110111011111101110101100111110110100011001111111101110011110111011100001111111101111111
100111111110011110110011111101100001100111011110010101110111010111101110111111111111101111100111011111111001011001110011
010001111111110100011010001101111111110000111111110100101101101111111111101010011000111110011110110101100101011111001011
111110011101001000110111110110011111101110011101111110001100111111011110100011110111111101011111001111101010101100111111
101101011101101101101111101011011101111111100011110101111011010111011000011011100111101011101011111101011101101111101101
101111111111111011110111111010110111111111111101111000100111011011011101010111111101110111011110111111111111011111010011
011111111111010011110111001111101110101110111001101011101100101111001111010111101000111111001110111110111110111111110011
010110111111111011110011110011111011111110111011111100111111011110111111010110111111111100111110010100011110111101110111
001110111111011101011011111111111011111100111111111111011110110110101110011011010111110101111111100111110110001111110111
010010111011110111001101110101010111111111101010011011111111101111110011110110101111111110111001011001110011110100000111
100010111101010101110100111111100100100001111111011101111111111110110111011101111111101111010100000101011111111110010011
101110000111100111111111111110001101100111000111111100110011110111110100011111001011011111110011111101111111001110110111
111011111011111111101111111111101101100101111101111111111111111011101111100111110111110101111011011111001111110101001111
011111111111111111110111111111000101111100111111011101011111010101111111110111110011111101011111111100111010111101101111
110111010110111110001111011011011010101011000111110011010011111111111111011110101111111111011101110011011001000101010011
010010111110110111111110111110110111111111111101001110000100001001101101011101111111101111110101100111111111110111101001
011011101111010100111011101111101111110011111111111001111111010111100101111100111111101010111011011100010011101001111110
101111101001011011111011011011111111110101110000111111101100111111110111110011111011010110101110110101100111111011011110
111111011011101001111111100111101011010101110111101111111010111111111110111101101101011001000111111111111101111111101111
001101111111111010101111011001111101101100111101011001001011110110011111111110001101101111011101111111111101111111111111
101111101001010111111111111010101111001011110001100001111111111111101000111110111101000111010111111110010110110001101111
110100011001111011100111011101111101101110001110010011110111111111011011010011111111111111111110111101111111001111001111
110001101101111111011111111110101100101110111101001110100111111111111111110111111000110011011111010010110111010001101110
011101110001011111100110011001011110011111110111010111001111111111111111101101110110111110011111111111101010111110110001
100000111101010111011100111111101011110011011101101010001111101010101000100101011111111001110011000010001111110110011111
110111110101011111111111010010001100101010111011101110101110010110011111001010111111011011111011111111110111110110111101
101101101110111110111100110111010110011001101000010101011111101100111011111111011011001111111111100111011100111101011110
110110111111110010111101110011111110011101011110111100011010111111101001011101001111110101101101110111101011101000011010
111011101111101111011111000101110011001001111110110111110111010100100000101111110111111100111011111111110110111111001111
111101111011010100011100101001110110111100000111010111111110100011010011110110011011111110000111111010111101011100110101
101100111111111111110111111111101111011101001101001111010001001110111111100110110111111111100101110001101100101111010110
010101101101111111110110101100111010110011101111101011100000111111011101111111000000111001111110100111101011011010111110
000111110111111001011000010101010100011001101100000011111111011101101101110111100101111011101101011001111111111110011100
111111110110011101101111111101000000100111001101110111010111001101111111111111011011001111101000110101111110111101111011
011001101111010011111110101110110111111101101010110111110100011111111010001001110001101011111000001110100100111111011101
111110111111111100010001011101011111110111111111111111101101011010110000111100111011111111101111111100101111111000111011
111101011011111100111111110111011101111011111101101111111101110100110010110101011101111111111011111111110111100101011111
111110101011101011110111010111100111111111101110100000111111111111011110101100010000101011110111111111111011111110100111
101110001111111111000111111010111010011111101111110100111110011011101110101111011011100110011001011101101001101101101101
010011110111111011011001011100010111011000100011100011110110111011111110111011101011000011110010111111111110110111101010
111111011100101111010110011101001111110111111111110111101101110111110100111011101111110111010110101001011111010111111110
111100110110110100000101000111010101110111100100110111010111110101101001111011011101101011011111101110111101011111111110
111110011010101011111111111111010111111111111101000111010111011111111100101000110101101111110110111111011100110101111011
111110111011011100100010111110111111111011011111110010110001111110101101001110110111010011110011101100111101011111111010
011011011111011110111010110011011101111001101111101101001011101010011101000011101110011111100010101010110111001000100110
010101011011100111000110101110001110101110111001011111111101111011111111111000111001110001001111111111100111111011111111
111111101001001111101011011010111001011110101000011111011011011111111110111101111101110111110111110011101111101111110000
110101110011101111011110000100111011111111011111110101111111110111110110101010101011101111111011010111110011110111111111
101001110111110000010111111111101111110110011111011011111110110111110111101011001011011011101110100111101111101101111100
100011110001001010111010011111011011110111000011111011110001100110011111111010110111011101101010111110111110111011100010
100110001101110010111101011110111111110101110101110101101111101111101111011110111101111110111110010110110001000101111110
110011110100101111100111101011101001111010111111101001011101111111110110011111101101011111111101111011110100100110100111
011011010011001111010010111010101001111111000111010001001011100111110111101011111111010000111101110110001111111111111111
011111000011111001101110101011100001011011111101101101101110100100110001111111100101110101000101111110110001011111110110
111111110111111111111101101101111110111111110110111111111110001101010010000101101110011001111101101001001111111110011111
110111111111011011101011110011111111100010111100011111101111110000001111111001010110111110110101111111111101011111010111
111100111101111110111011101111111010100101111100111110111111011001111011100110110111111110111011110111011001101111111110
110101111101101010011010110101101111111101101110111100100001101110101101111010111011100111101010110111011111100010011111
001110001011111111011111101101110111011111000101111110011011001101101111111101010101101001101111011111011000100110011110
011110111101111101011111001111101001111011011101000011110111101101011100111111011011011010111110111111010101110000011111
111101101111010101000111111001001101000111111111110010101101010110111101011011111110011101101111111111101110111101110000
101101111110111001111011110010101111001101111111111101110101110111010101110110001010101011111001111001111110011111111110
100111001111111101011101111011111100001011111010111011011011101101111111001111010110111111011111100110110011001101000010
111111111001001101111111111110100100011101000110010111111111110111011101111011111101011000011100111101101110100111111111
111111011111111011110111011111011111010010101011011011111101111011011111101010111111111101101111100101111000011101100111
011101110101100111110010111110010111111001101010011101110101101110110100011001100111110111111111100111111000101001011101
111100101011111111101111011111011111010111010101101110110011000101111111011101111001111010110111110101110110101001100100
011110101101101111111011001111111101011011010101110111101111101001101011101111111111101101111011011011111010101110111011
110111111111101101101110011101110011101010111111111111111111101100010101101010101110101010111110110111001100011101101100
111111011111011111001111111111011110111101111110100110111011110111110111110101110111000011111101111001010111111001011110
011111101111110111101011010111111011101110100101010111010011100101001011000111001101010111011010101111101011111110110111
110101001100110011011011101110111001111110111110111011101101001111011111101011101101011101100101000111000010101110111110
011111011111011100111011111111111111010011101010110111101111100011101011001101111000010100101111111111111111111110111110
110110001101110100011010101111111001111111101111011011011111110100101111101001101111111001110100100111010001011111010110
011101101010101111100110101111111011001001011111111110011010101101110111111100101110111111111100110011101011101101011000
111111110111111001000011110111101111111010010111110111111111010100111011111101111111111111110111011011111011111110111111
101111011110101111001110111111111010111001000101111011111111000110101100100111011111101111000111100011111111111111111000
101010111001100101011111111001111001101111000000011011111111110111110111111100110010111111011110111101110011111110101010
101101011011111101111111110011101011111111011010101111011011110101101001101101111011111100011110100111110110110110111100
100110101101011100101011110111111111011001111010110101101111111001101101101101011110101111111010011111111111111101111001
110111111111100010101111001101111111011111111111110111111101110000100110111111011100101111111111100010101110111100111110
111111101111001111010111110111100111100010111111101111100011111001111101011101111111101001111101011101001110100011101100
101111110110110111111110000010111111111101110110101111011001111101100111111001110111101111011111111000111110001101011101
110111100101010011101000111100001110001111101110111011000111011110101011010101101100110111111011111100010101111011101011
111111111110101101111001110111010001011111111111100111001101111011101001011111101110111011111011000110010110011011111111
001011111110101111111111101001011111111010101111110100011110010010111100100111111110001101110110111111100111101111101111
001111111010011110111101111101001100001011100110110111100011001111111101111111111010101111010111111011111010101111111011
011111111010111111101111011110011111011101110110011111101111111111110101111011001101010111011011111111111111011111011101
110011101110100110101111111111111011101010111111110011111111110110110010100101001110100101111011011010101110100101001110
111001111111011010010001010001101000110110100010111101100011110101011110111011101111111111011111010101100010001111111110
110111110111110111101111100110111110111111110111101001110111101110011001011111100011100111110101111011101101011000011000
101001101001101011011111111111110101110011101111100001111111101110011001111110010111111111111010111001111111001000001101
111110000101101111111111110001101111011110111010111111111110010110110111101111110011111000110101110111001011111111110111
110011000110101111010101111111111101010111010111111110111101111111111111110010111111000111011111011101110101111101110111
011101011000101111101111011111111111111111111000101111001011111110111101010110111011011011111111111110111101110111110101
011101111101110101010111111110101011110111001010010011011110101000101110111111010111001010111100011111111100110111101101
011100111110101101100111111111111110111001011000011111101101011111110101101000100010110011110110010011011000111011010110
111000111001101010010001011101111111110110011100011000111100011111111111110100100011110011101110111001010110111111111111
111111001111101110111111011110110110101111111111011111110111011111011111111110110101001011111111010111011101011110011011
378 408 348 202 176 199 114 83 