120
120
111110111110001111011110101111111110111111111111101101111111010011111110111010111111111101111111111111110110111011110111
111111111111010111111011110111111111011111110110111101010111111101111011101011100110111111101111111111111111110111101011
001011111111011101111011111111111111110001011111111101111101111111111100101111010111100011111011110101000111110111110111
110111001001011111111111001111111001001011111111111011111111111111101110011111101111111110111111111111101101111110111011
110001101110111010101111101111110011111111111111111111111010001101101101011110111011001101111110111111110111101111111110
111111111011110011011011111111110101011111001111111101010111110111111111111111110111011101110111101111111011111111111111
111111011111111110111101111011011101111111111111111101111011011110111111111111111011111111110100111111101011001101011011
100011100111100011111111010111101111101111111011110111011101111011100101101101101111111011110111111111110100101111111101
011111011101111101100111110011101101111101011111111111111111111111111111111010110000011111111110110110011110110111111111
110100111101111111011111111111111111011011111101111111011111101111111101011101111101111110100101011111111111111011111110
110110111110110111101101011111110111111111111111111111011101111011011110111110111111111101111011110111111110111111111111
101011111011111110111111111111111111011110111111011111011110100111110111110111111011101011011110110110011101010111111111
111010010111101111111110010111111111111110111110011101001111111111101010111111101111010100110111111111111101110110111111
111111011111110101101111011111110111111111101101111111001011011011110100111111111111101101111011111111100110111111111101
111011111111111101111111111011111011111101110011101111111111111111101110111101110111100110111011110111111111011111111110
111101111111111111111111010100111101111101101111100111111111111111111010011011111111011101101111101111101111011111101111
110111111110111111111110111111111001011101111111111101111111001111111011011111111111011111001101111111111010111001111101
111111110000111011111111111111110111110011100111111110101111011111011011101011110011100111111111101111011110111110111111
111110111111111111001111011011111110111011111110011011101111101100101111111111111111101011100111011101011111111111111110
111111011001111111101011111011101011111111011111101110001111111000111111010011001011111101111111111111101111111111111111
111111010110111011110111001111111111100111111011111101110110111111101100111011101111110011110111100111111111000101111110
111100111110000111111011111100110011111101111111011010111111110110111011011111111101100011011011011000101111111111101111
001111010111011111101011100111101101111111111111111111011011111111011111101011111111111111111111101011111111111110001011
011101111111111101110111111111100100111111111011011011111111100111111011011111111011111011111111000111001111110111111111
111111111111111111111111111111110110111101111111111110111011110111111111111011111110110111111101001111110111110011110111
111110101011101111111110111111111101100110111110111111111101111011111101101110111110111111111111010011001101111111111110
111110110011111111111111010111111111111010011111111111101111111010011110011101110111111110111111111011001111111101011110
111111111110011001011111111101111111110111111111111011011111110111110111010111111111101111110111100110101011111111111111
110011011111010111011001011111111111111110110101011111111011111111111101110101011111111100111111000101111110011101111111
111111101111111111111101111111011111110111011011011110111111101100111111101100111101011111110111111111111111011001111011
111111110010101010011010111111011110011101011111111111111111111111111111011111110010110111111111111101111111111111110011
111011101111111111111011110101101111101111111110111011001111101111111011101111110111011011101010110111011111011111110110
111111111101111111110111101111110011111111111011011111111111111111101111111101101111111111110111111001111101111111111110
010111111110100000111101111011111101111111111100111111110101111101111111110011111111111011011100111111111110111111101110
101111011110101111111111011111100011010111110111111001111011111111111111101001111111111111111011111111111010111111111111
001001111110101110111110011111110111101001111101011111101011111101101111110111110110111110111011101010111111111011110010
111011110111111111111111111101111111111111111111010111111111100111111110111011111111111111111111010111011111111111110011
111111111100111011110001111111111111011111111100111110011001111101111110111111010111101111101101111111111111111011111110
101111111001001111110111011011110111010010111111011111111011010110101111111011110110110111111011101110010111111111110101
111110001101111011111111011111111111111011111001111010101111111011111111010111110111111111110111111011111111111001000111
111111111111101110011111101011111101101110111011111011111111010101111110101111010111101111111011111011110111111111111111
101111110111111011110011110111000111100110111111111011011110011111111111111110111110011111111111101011101111101011010111
111011111101101111110111111111111100111010111101111110110110101111101111111111101110101111111110111111111111111111101111
111011010110111011111110111101111110001011111101111111111111111001110101001111010111110101101101101011101110111111111111
111101111101111101101111111110111101101111111011010011111001111010111111111100111111101010000101000011011111111111111111
111000011011111011100010111111111111111011001111111111100110011111011011101111111111101110011100111111101111111111111111
111010101111111011101011101101111110001101110101110101100111111111111111110111101101111001111111110101111110110111111011
111101111111111111101011111111110111110111011011110101111100010111111001111011111111111111011111011111001110011111110111
110101111111111111111111111011011110111111011001110101101110111011101111101111101001111111111011111111101111111111010111
111100111011111011111101101110110111101111110111110111101111111110111110110010111100011101110101111111111111110110101011
111101111111111111011111110111010111111111110111101001111111110111101011011101001110000111101100111011011011111111111001
110111000110101111110011011011011111011111111111111011011101111110111111111111111100111111111011001100011101111111111001
001010111011111010101001111111111111111111111110111110101111111111111101101111110111111110111111111101110011111111011011
111111111111101101111010110111011111111111010001111110111101111110010111001111111001111111110011101111110111010010111001
000001111111110011110101011111011110011111101111101111011011111111111111011111011011010100010111101110001111110111100111
001010111111111111111111101101110110110010101111111101101111001111111110111111011111111111011101111011000111110100111110
110000101101111111010110111001101110111101111111111111111111110111000011100111101111111111101111011111111111110111111001
111110111111011011100011111001111110111111011011111100111111110111011110110001111011110011111111111111111101111100101110
110111111111100111111110101111011011111110111111011111010111111111111100111111110011101111000110101111111111001011111111
111111101111101110111011111110111110111011111111101011111110111111111111110001101100111111111101110111111010110111111011
111111111111111111111101111111110100111111111111101110111111011111101100111101011010111101101110111011011110101111110111
001110111110110111111111111111110110110111111111111111111110111010111011101011111111110011111111001101111111110001011111
101011111111111101111111010111111111110010111111011110101111111010111111011111011011111011101101111011111101110111011101
110111011110101111110111111011111111111100111111001011111101111101110111111111111111011011110011101011110111110111011111
111101111111011111011111111110011111011001111111010010011111111101111011111111111101111111010011110111111111111011111011
010111110101111111111101111111011101110111110111111101110101111111111111111110111111110111111110111111101111011101101111
101110111101010011101011111111111010111111111111101111111111111111111011111111111011111110111000001111111011101010011100
001111111111011001111110111111110111011101101111111111101111111001011011110110110111110110110011001111110111111101111111
111111001111101101000011101111111101011110111011111111111111111111111101110011111011111101111111110111111110101111101011
011111101010111111011111010111101111111110111111111001110111111111100110100110111111101101100111101111110111011111111110
111101010111001111110101011111111111111111110011111111111111111111111110111111111101111111101100001111111111111111111111
001111011111110110011111101111111101111111101111111111111110010101111111111111111111011111101010111111111111111111110001
111110111101101110011111101110011000110010111111111111001101101110111111111111110111111101011111100111011111011110111010
111011111111110110111111011111001111011111111111111101011111101111010110010111111010111111110111011111111110111111111101
010111111111011101101011010111111111001111111111111110100110111111111111111111111111111011011010110010011001101111111111
010110111000110101110111111110011111101101111111101101111111111100110111110111100111011101111111111110011111111101110111
111011111101111101111111101011111111111101011111111111011111111010110101111101110101111111111111010111011111111111111110
111111110111111101111111111111111100111111101111111100110011111110011111110111101111111011101110011000111011111110110011
111111011110011011011111111111111111010101101101111110110110101111111111011110011110101111011111111111011111111111111110
111011111101111101111111101101001111001101101111101011101011111111111111111101111011111010110110111111111110011111110111
110110011111111010010111001111011111111011111111111111101111011101111111111111110100111111011111111110111111111111111011
101111011011111111111100111111110111111011111111111010110111111111011111111111111111111111010110011111110110111111111111
111111101111111111011110111101111111111100101011011110111101111111011111011011111111101011111101110111111111111010101110
111011010111101111101111111100111111111111111101011101110111110111100110111111011111011110111110111001011011101001110111
111111111111011111111111111111110111101111011111111111110110110111110111111110110111110001111111011011111111111110101011
111011100111111011111100101011111111101111110111001111111110011111110111101111111111100110111111110111111101110101111111
111011011111111111111111101011110111101111101111101111111011011111011111101110101110111111011011111111010110111111101011
111101001101110100111111110101111111111111111111110111111111101011001111110111111010010100011111110110101111110001101111
111111111101111111111111011111101110111101111100100111110111111101001010010110110111101111011111111111111110101111110101
110101101111111011011110110111111111101111010101111110111011001111001101011111111010111101011111111011111111111100100111
011011111111011111001011111011110011111101111001111111111111111111111111011111011100111110111011111111111110000111101101
110011111111111100111111011010111110011111101111111111110111111101001101111110111111110111111111111110011111111111011011
111111110111101001111011010111011010111101111111101101011011111111111111111110011111110111010111111010111011111111010010
100111011011110111011011100111111110011111010101111011111110111010111111011101110011011111110101101010111111110111111000
111111101111111010111111110110111111111111011111111111111110111011110110101111101011111110111011111111111001111111100011
101001001101111101111101111001111111111110111011111011001111011010101111111111110111111111111101110011111110010111100111
111100101111010101111110111111101001111111110101111111111011111111011100111011011111010110111111011110111101111111111111
111101001111111011011110111111011111101111011101111111111110101110101101111111111011100111111111111110111110111111101011
111111111110101111110111101111111110110111110101111111011011110110011111111111011111101110111110011101110011111110011111
011111110111111011101111100111111110110111011110111111110011111011111100111111111111111111101101111110101111111111011101
111111110110011111101010010111111111101110011111111111010100001111111111111110111111111111111111111111110111100011111111
101111111111111111101111111011101100111111111011111111101111111110101101011111111101010101111010011011111110111101011111
111110111101111011001001111011110101111011111111111100111111110010101001111111011101111100111111101011001111101111111111
111101111111110111111111110111111111111110110111111111111110111100111111111011111111100111100100100101011111101111110111
101111111111110111111111111110111111111110111111111110111111011101111010010111111101110011111111111111111101111011111011
110111101011111101111011111101111011111001111111111111110111010111111101111111110011011111111111011111111011111010111111
001111111110111111001111110111111111110111111111111101101010101111011111111110101111110110111101111110101001111011010101
111101111111111110111011111010111101011111111011011011111111111111110101010111111111111111100111111101111101111101111111
111111111110101011101111011011011111111001111011111110111011101111111111111111110110111111010001100110100111111111111110
111110111100110001101101110101110011101111101101011111011111111111111111110111111101010111010101110101110111111111111111
011011111111111111101101111100110101111011111101111111011011111111111101111110101111111111111011111111111111111100001101
011111101111011111110110101111111011111111111111111111101111100111111011111111101100111111011111111111111111101011111111
111000111111011111110111010111011101111111011111111100011111110110101111111111111110101111111111111111111111000001111111
111011111110101111011110111111111110011111011111010011110110001111011111111111010001111001101011111111110111100011111010
111111010111111010110110111011111111110101100111111110011010101111001111101111111001110111111111111001111111111110111010
011111111111111111101001101111001111111101111111010111111111111110011111111111110111111111101111011111010101111101111100
011110100111011111101111001100100111110101111101111111111110010111010001000101101111101111111111111111111111111011110011
111011110011110111111111111110100111101111111110111111111111111111110111110111111011111000111011111111111110010111111111
111111111101011101101001111111111101111111001101111111011100101101111110110011111111111111111110110110111010110011110001
011101110101111111101101101111111111111111111110110111101111100111110111110111101110111101111111011110111111111101110110
381 355 349 175 159 142 73 98 