120
120
111111110111111111111111111111111011111111111111101111111111111111110111111111111110111111011111111111111111111111111110
111111111111111111111111111111111111111111111111111111111111111111111011111111111110111111111111111111111111111111111111
111111111111111111111110111111111111111111111111101111111011111110111111111111111111011111011111111111111111111111111111
101000111111011111111111111111111111110111111111111111111011111111111111111111111111111111111111111011111111111111111111
111111111100111111111111111111111111110111011111111110111111111111111111111111111111111011111111111111101111001111111111
111111101111111111111111111111111111111011111111101110110101111111111111111111111111111111111011111111111011111111111111
111111111111111111111111111111111111111111111111111110111101111111111111111111111111111111001111111111111111111110111111
111111111111111111101111111111111101111111111111111111111111111111111011111111111111111111111111110111111101111111111011
111101101111111111111111111111111111111111101110110110111111111111111111111111111100111111111111011111011111111111111110
111111111111111111111111111011111111111111111111111111111111111101111111111101111111111111111111111111111111111111111111
111111111111111111111111111111111111111111111111111111111101111111101111111111111111111111111111111111111011111111111111
111111111101111111111111111011011111111111111111111111111111111111111111111111111111111111111111111110111111111101111111
111111110111101011111111111111111101111111111111111111111111110011111111110111111111111111110111011111111111111011111111
111111111111111101111111111111111111110111111111111111111111111111111011011111111111101111111101111111111111111111111111
111011111111111111111111110111111111111111110111111111111111111111111111111111111111111111111111111111111011111111101111
111111011011111111111111111111111111111111111111111011101111101111111111111111110111111111111110111111111111111111111111
111111111111111111110111111111111111111111110111110111111111111111111111111111111111111111111111111111111111111111111101
111111111111101111111111111111111111101111111111111111111111111111111111111111111111111111111111111101111111111111111111
111111111110111111111111111111111111111111111111111111011111101111111111111111111111111101111111111111111111111111110111
111111111101111111111111111111111111111111111111111111111111111111111111011101101111101111111111111111111111111111111111
111111111110111111111111111111111111111111111011111111111111111111111111101111111111111111111110111111111111111111111111
111111111111111111111111111111111111111111111111111111110100111111111111111111111111011110111111111111111111111110111111
111111111110111101111111111111111111111111111011111111110111111111111110111111111011111110111111111111111111111111111111
111111111111111111111111111011111111111111111111111111111111111111101111111111111111111111111111111010111111111111111110
011111111111111111111111111111011111111111111111111011111110111111111111111111111111111101101111111110111111111111111011
010111111111111111111111111101110111111111111111111111110111111110111111111111111111111111111111111111111111111111111111
011111111111111111111101111111111111111111111111111111111111111111111111011111110111111111111111111111111111101111111111
111101111111111111111111110111011011111111111111111111111111101111111111011111111111111111111111111111111111111111111111
111111111111111111111111111111111101111111110111111111111111111111111111111111011101111111111111110111111111111111111111
111011111111111011110111111111111111111111111111111111101111111111111111111111111111111111011101111111011111111111111111
111111111111111111111111111111111011111111111111111111111111111111111111111101101111111111111111111111111011111111111010
111111111111111110111111111111011111101111111110111111111111010111111111111111111111111111111111111111111111111111111111
111111111111111111111111111111111111111111101111111111111111111111111111111111111111111111111110111111111111111111111110
111111111111111111011011111111111111111111111110110101111111111111111111111011111111111111111111111111111111110111110111
111111111101111111111111111111111101111111101111111111110111111111011111111111111011111111011111110111111111111011111111
101111111111111111111111111111111111111111111111111111111111001111111111011111111011101111111101111111111111111111111111
111111111111111111101111111111111111111111111111111111111111111111111111111111111111011111111111101111111111111111101111
111111111011110111111111111111111111111111110111111011111111111111111111111111111111111101111111111111111111011111111111
111111011111111111111111111111111111101111110111111111111111111111011111010111111111111111101111111111111111101111111110
111111111111111111111111111111111011110111111111110111111111110111111111111111111111111111111010111111111111111111011111
111111111110111111111111110111111101011111111101111111111111111111111111111111111111111111111111111111111111111110111111
011111111111111111111111110111111110111111111111111111111111100111111111111111111111011111101101111111111011111111111111
111111111111111111111111111111111111111111111111111111111111111111101111111110111011111111111101111111111011111111111111
111111111111111111011111111111111111111111111111111111111111111111010111111111111111111111111111111111111111111111111111
111111111111111110111111011111111111011111111111111111101111111111111111110111111111111111011111111111111111111111101111
101111111111111111110011111111111111111111111111111111111111111111111111111111111111101111111111111111111111111111111111
111111111111111110111010111111111111011111011111111110011111111111111111111111111011111111111111111111111111111111111011
111111111111111111111111111111111110111111111111111111111111111111111111101111111111111111111111111111111011111111111111
110111111111111111111111111111111111111101111111111011111111111111111111111111111111111110111111111111111111110111111111
111111111111111111110111111111111111111111110111111111111101111111111111111111111111111111111111111111111111111111111111
111011111011110111111111111111111111111111111111111111111111101111111111111111111111111111111111111111011111111111111111
011111111111111111111101101111111111111111111111111111111101111111111110111111111111111111111111111111111111111111110111
111111111011111111111111111111111111111111011111111111111111111111110111111111111111111110111111111111111111111110111111
111111111111011111111011111111111111111111111111111111111101111111111111111111111111111111111111111111111111111111111111
111111111111110111111111111111111111111111111111110111111111111111111111111111111111111111110111111111101111111111111111
111111111111111100111111111111111111111111111111111111111111111111111111111111110111111111111111111111111111111111110111
111111111111111110110011111110111111111111101111111111111111111111111111111111111111111111111111111111111110111101011011
111111111111111111111111110111111111111111111111111111111111011111111101111111111111111111111111111111111111111111111111
111011111111111111110111111111111111110111111111111111111111111001111111101111111111111111111111111111111111111111111111
010111111111110111111100111111011111111111111111011111111111111111111111111111111111111111110111111111111111101110111111
111111111111111111111011111111111111110111111110110111110111111011111111111111111111011111111111110111111011110110111111
111111111111111111111110111111110111111111011111111111111111111111111111111111101111111111111111111111110111111111111111
111111111111111111111111111111011111101111111111111111111111111111111111111111111111111110111111111101111111111111011111
111111011111011111011111111110111111111111111111101111111111111111111111111111111111111111111111010111011111111110111111
111111111101111111111111111111111111111111111111101111111111111111111111010111111111111111111110011111111111111111111111
111111111111111111111111001111111111111111111111111111111111111110111111111111111111111111111110100111111111111111111111
011111111111111111011111111011111111111111101111111011111111111111111111111111111111111111111111011111111111110111111111
111111111110111111111111110110111111111111111111111110101111111111111011111111011111111001111111111111111011111101011111
111101111011111111110001111111111111111111111111111110111111101111111111111111111111111111111111111111111111111111111111
111111111111111111111111111101111011111111111111111111111111111111111111001111111111111111111101111111011111111111111111
111111111111111110111111111111111110111111111111111111111111111111111111111111101111111111111111111101111111111111111111
111111111111110111101111111011101111111111111011111111111111111111111111111111111111111111111101110111011111111111111110
110111111111111111111111011111111111111011111111111111010110111111110111011111110111110111111111111011111111111111110111
111111111111110111111111111111111111111101011111111111101111111111111110011101011111100111111111111111111011101111111111
111111111111111111111111111111111111111111111110111111111111111111111111111111111011111111111111111111111111111111111111
111111110101111111111111111101111111011111111111111111011111111111111111111100111111111111111111111111111111111111111111
111111111111111011111111111111111111111111111111111111111111111111111111111111111111111111111111111111111111111111111111
111111111111111111111111111111111111101111111111111111111111111111111011111110111111111110111111111111011101111111111111
111111111111111111111111111111111111111111111111111111011111111111111110111111111111101111110111111111110111111111110111
111011111111111111011111111111111111111111111111111111111110111111111111111111111111011111111111111111111111111111111111
111111111111111111111111111111111101111111111111111111111111111111011111011111111111111111111101111111111111111111111111
111110111111111111111111111111111011111001111111111111111111111111111111111111111111111111111111111111111111111111110111
111111111111111111111111111111111110110100111111111101111111111111111111111111111111111110111110111111111111111111101111
111111111111111011101111111111111101111111111111111111111111111111111111111111111111111111111111111111111111011111111111
111111111111110111111111111111011111111111111111111111111111111111111111111001111111111111111111101111111111111111011111
111111111011111111111111101111111111111011111111111111111111111111111111111110111111111111111111011101111110111111111111
111111110101111111111011111101111011111011110111111111111111111111111111101111111111111111111111111111111111110111111011
111111111111111111111011111111111111111111111111111111111111111111111101111111111011111111111111110111111111111111111111
111111111111111111111111111111111011111111111111111111111110111111111111111111111111111111111111111111111111111111111111
111111111111101111111111111111111111111111111111111111111111111101111111111111111111111111110111111111111111111111111111
110011111111110111111111111011111101111101111111111111111111111111101011111111111111111111110111111111111111111111111111
111011111111111111111111111111111111111111111011111111111111111111111111111101111111011111110110111111111111111111111111
111111111111111111111011111111111111111110111111111111111111111111111011111101111111111111111111111101111011101111111111
111111111111110111101111111101111111111111111111111111111111111111111111111111111111110111111101111111111111111111011111
111100111011111111101111111111111111110111111101111111111111111111111111111111111111111101111111111111111101100111111111
101110111011111011111111111101111111111111111111111101111111111111111111111110111111111111111111111111111111111111011111
111111111111111111111111111111101111111101111111011111111111111111011111111110111111111011011110101111011111111111111111
111111111111111111111111111101111011101111111111111111111111111111111111111110111111101111111011111111111111111111111111
111111111111111111111111111111111111111111101111111110111111111111111111111111111111111111111110111111111111111111111011
011111111111111111101111111011111111111011110111111011111111111110111111101111011111111111111111111111111111111101111111
111111111111111111111111111111111111111111111111111111111111111111111111111111111111111111111111111111111011111111111011
111111111110111101111111111111111111011111111111111111111111111111111111111111111111111011111111111011111111111111111111
111111111011111111111111111111111111111111111111111010111111110111111111111111110111111111111111111111111111111111110101
111111101111111111111111111111111111111111111101111111111111011111111011111011111111111111111111111111111110111111111111
111111111111111111111111111111111111011011111110101111111111111111110111101111110111111111110111111111111110111111111111
111111111111110111111111111111111111111111111111111111101111111111111111110111111111111010111111111111111111111111011111
111111111111101111111111111111111111111110111111111111111101111111111111110111111111111111111111111111111111111111111111
111111111111011101111111011111111111111111111111111111111111111111111111111111111111111111111111111111110111110111111111
111111111111011111111111111111111110011111111111111111111110111111111011111011111101111111111111111111111111111111111111
111111111111111011111111111111111101111011111111111111111111101111111111111111111111101111111111111111111111111111111111
111111111111111111111111111111111111111111011111111111111111111111111111110110111111111111111111111111011111011110101011
111111111111111110111111111111111111111111111111111111111001111111111111111111111110111111111111111111111111110101111111
111111111111011111111111111111111111111110111111111111111111111111111111111111111101111111111111111111011111111111111111
111111111111011111111111011111010111011111111111111111111111011111111111101111111111111111111111111111011111111111111111
111111111111111001111110111110111111011110111011111111111111111111111110101111111111111111111110111111111111111110110110
111111111111111111111111111111111110111111111111011111111111111111111111111111111101111110111110110111111111111111111111
111111111111011111111111111111101111111111111111111111111111111111111110111111111111111111110111110111111111111011111111
011111111111111111111111111111111111111111111111111111111111111101111111111111111111111111111111111111111111111111111011
111111111111111111111110111111101111101111110111111111111110111111111111111111111111111111111111111111111111111111111111
111111111011111111111111111111111111111111111111111011111111111110111111111111111111111011111111111111111111111111111111
420 438 488 262 244 224 119 125 