120
120
101010111011110011011010111101111110101111100001100110111111000111101110011001111110110111101011111001111011111000111111
111111011111110111011111110111111111110101111011011111001111001110011100111111111101101101010011011110100111001111101111
110111111111101110101001011000101111000011110011111111111110101010111101011110111001110111101111001111110010101111011101
110111111001111011111101111001110111011101011001111111110111111110010110111100101111010101111000101011111011110011110111
100011100110011001010011111110110110111100110101111001101111111101111101111000101101110001110110110110011111011111101111
111011011011101111011011110011101111011111111100100111101111100110100111111010010100011010110111111100111111010011010101
111011111101111101010001011011110110011111011111011111101111001111100111110111000100110101111111110011111111111111011011
100100110110011100001101111011111101101111110011010001111100100111111101110000110010100101010110110111000110111011111111
111111101010011101101010111011111111001110111001011110111111101111110111110111101101111111011011000100101011010101111111
001101111111011101001101111111101111011110111100011011111011111111110110111111011001001111111101111111100010101101100110
101111110111101100110011001111111111010001111111101000010111011000101011011010111011101101100101010011110100011011110001
011011111011101111101111111111111010111001111111110010111010110001000110101101110010111111111010111111111110111111111011
101000111000111110111110101000111110101010111010111110100101111110111110001101101111000111101001111110111101110011111101
111101111110000111111111101010101011100111111101111111011111011011101111111001111111111011010010001111110111010111111110
101011010001111110011110101011101111110101010110111111101111100111101111111101101011010111111111110000001001110101110110
111111101101000111011110111110011100111001101110110100011001011111011111110000011011111011111001110000000110111101111101
011111110111111111011111111001111100110100110110011110110011010111101110011011101111111111101100011010010111100100011101
111111011111111001001111010001100111111011011011101111001111110110011101111111011111100010111110110000111111111011111000
011100111111111110110100111111100101011010101111100010101010111011011110111111110110111011111000011111011001011110111110
111110111100011110000111110000110011101001101110010101111011111000011010111110111110111010111110011010111111111111011010
100111011110001101100111001100100101111101110101101111110110110010111111110101100101100111100111111110111101100111001111
110011111011001111111101010011101101111111110111011101101111011111110110011100100100111101111111010111101110111011111111
111010110101001101101111110111110011111011111111110101101001111111011111110010110011011010110111111111001011011100111001
001111101111110001100111110011101100001111011110111111101010111010111111011110101101011011011100111111110110011011111010
000111011000100010111011100101111111011011010110110110101111101101110011011111101110011111011111111010000000110111011000
011111000110001101110101010110111011111001111111111111111110011011110101100111111111011011101111110101111010011011011110
111111111010110111010111111010111111110111101101101111101111111110111111000101111111111011011111110111111111111010111001
110011111110101011011111110011111111001110111111010101010111110111111111011101101011011011001101111110110111010011101110
110111101111111011101101111111100011011001101101101110111100111011101111111011101110110110111111101111111011101110011011
010011001011011110111111111101101111111111111100101110111001100111101111111110110001111111101111010101011100111111111101
111011101101110110101101011111111011100111011111101011101001110111011101111111011101111101011111110010111100100101111111
101010100011111011011001100100010111111001011110111010100110111110001101011110100110101000100001100110101101101111101011
110001111010110111011111111111110011001100001011111111011110100101111001111111111111001101111110111000010101011111101111
111111101001111001110000111000100111011110111110110111000111101011101111111100001011111111011101111011110110111110111001
000111110101110001111110111101101111100101111011011111111110100101101111011110100101000111111010111101000011101010111100
101110111110100001111111001101111111101111111111001111111111011111011110111111011110101011111010111000111010110011110101
111001011011101111111101110101110111111111111111110101101111001101111001111101111000111111101011001011010111011111111100
111000100011111110101111001111011111100001110110101011101110000101010111110100010011001011101011110100011110010011110000
100010101110101111111110001100101111001001010111110101000011111111011111110111110011001110110101100010111100000110111001
010110111010100010011111101011100111100111001111110111010111110111110111010101001111011101101110101111010111110111011101
101111111101100111011101001101110110011110101010111111010101111110101010101011110111000110111111011111001011011101011111
101010101011101001010101111111000100110111111111111111110111111111101110001101011111110100111111101011011111101101111011
101010111010100011001101111111111111010011101101101110101110001010111010011101011011101011010011100111101011000111111011
011111110110011101111001111111100111111011101110100100110101011111011110110011111101101111100110111111110011011111011110
011101101101001101111111001001111101000101111101111111011101011011010101110110010111101110011011111111111101010111001110
110111101101000111110010011111101111101111000110111011101110110110101100001111101101001100111111111100101110111001110011
000011110011100101011011100101101111001010011011111001111011111111000111110101101001110011100001110101111111000011101101
101001111111110101101011111111101010111100011011101111000001100100111010101010111111110101100100111010101111011111111111
101110111100011110111111001111111111110110010111110111111000111101100111111111110010011111110011101111111101011101011111
001111111111011010001110111110111101010111111111101011100110111011111001001101110111110001010110111001111000011110100111
111101010111111101111111011111111100101110110010011010111110011101101111110101110100101101011101111111110111111101101101
111111111101110011010010001110110101010001111011100011111011110100111010101101111110110111111010010101111000011111111111
100100000111011100000001011000111111111110111110110111011111111001111001101110011110011000101101100010101111001011010111
111110111111100101110111110110111000101111110011111111110111101111111111010111011001011000111101111100101111111111110001
010110110101110111111111011111101111110000101010111111111011111011111101010111111110101100111011111111001111011110111011
011011011011111100011110010111111111110111001010111111111001111011111111111110011010111011001100111110111010110111001111
101101111101011011010111011110111101110011111110110100111010011101001110110111111111101111101011111001111101111001001111
101101111011110101001111111111111111111110011010111011111011110101001011111101111101101100010011111101110110111111111111
011110001111001110011101111111111111000101111111110111111011010010011111111011011111101101011101101110110110101001110010
110101111000010101111111001111011111111101110111001001101111011010011111101101111111111011101011010001110111110001101110
011111011101011111010101111111110001110010011110111001110111111010110110111101100111111111111100111111110111101101010110
111010111011111110011010001011111101011001101111011111111101011100011111110110111100110110111110110110011100010111110110
001111111110101101011101001011101001110111110011000111111001011010000111011110111100111111111111110111111010100111111011
111110110111011111110111011001101111111011100111101111110101111101011000101001001011101011111001111111110111110011100011
010101110111111111111111101101110110010001110111111111111101111111101010101111100010011111101110111011011101110110101111
111100111011111011111111001011011111111100101110010001111110111000011111111110010100011111111110111001111110111111110111
111111100011111101111100010101111111110001101010101001111111101110001110111110111111111111011101110011111010111010111101
000011011011111111111111111011110010111011101011101001110101111010111111101110111101001111100111110111101101111111110001
101110110100111011101001101111101001111001001100111111111110111101010101111110011111011111110101101010001010010110111011
010100111111001110001011111111101100110011111001111011111101101111001001111111110010111010111001110101011111011011110101
011111111110110110101001110111101111111111110111001001111001111010011110111011000100110101111110111110011111100111111111
010110011110111011110110110111001111011111001111011111111111111100100111011101111101101111000111110111111101011101011101
110111010111001100111111011101111111011111111111011110111111100011110001111011111000010111010111110001111111101110111101
111101000001011011101111111111111110110111100101111111101001111111111111111111100010010111111011111000011011010011111111
111101101001101111111010001110011100001111110101111000110111011111111011110110001000111111111010111101111110110010111011
111010101111001011111100100001111001110100101011100000101000100111110011111111101101011000100101110110110111110000111011
110110101110010001011101101111011111101111111101110111011001111111001101100110111101111110101111100011010011110101111001
011101010001111010100110001010011111001111111110001101110101111011110011111010111111011100001010100110011111011011011011
111001111101101111111111110011111001111100110110101100011111111011111100010001011001110011111001111101101111010000110111
011101111100111111011110111111100100011100110111011110110100011001111111100110011001011100111111111111111011110111101010
000000101111111101010111100111100110101110011010011001111010010100011100011111111111010011001001011111011110111101100001
111111011111111011010010111111111011111011001111110101001111101010100111111111001001110101001110111111111011100010011011
011111101110111111010111110110011111010101110011111111110111111011011011001011000101111110111111110110010011101111111010
011011111111101111111001001101111100001110100111101101011111100011100111111111001111111101111011111111111101110111101111
011001111111111110111111101111011111111010101001110101110111111111111111111011101111011010110010111111110111111110011110
101000111111111010110001011110100111001111010010011001101011111111001011110110111110111111110010110111111101011100100100
111111111011110111011111111001011101011110011111111101110010001011110101101101101111110111111011011111000011111101111111
011110011011000001000111110011011101110111011111110111010101110011011010101111110011111010101011011111111111101110111111
100110111000111111110111100111110001111011111101100011111111110111101110111011111100110111110111101111111111101111110101
111111001011111010111000000111101110111111001110011110111111111001010111110101111111110011110111001111010110111111111111
101001010111111101101100110111101111111111111111011010111101111100111101011111010110111100111110111000110101110111011111
100110101001100100101101101111110111101001101011101111111111111111100001100111101011101110100011111110111111001011101111
101110111001111011101101010110111110111111010110110001011101010101011110111100111111110111011001101101111011011001101101
101100101101111111110110111111101111111001001111111100111011111101111111111011101110110111101110011101101100111111011011
101101010111110110011000110100011101110101101111101100110111111101111111100000001111100001101101111001101111111100101101
110111111001110011011011011111010111100111111000111100100111101110101111011011101111111011110100110111110111110011111111
011101101111111111111010111100111111011101111011011111111101101011110111111101011010111110111011011001010111111111011110
101101010101010011101011011110011011111100110010011111001111111111111100011011111001011111110011111110110111011111110011
111010011001111001010110110110110100101111100111111111011011011001111001111111111110110111110111111101111101101011110101
111111111011111101010011011101111110011011101100111111011001100111111111110111011111110111011111101011001111100011101111
111101111111111011111001001011111110110111010011111001111111111111001101110110111011110100000011101111110111010100011110
111111110110011111100001101111111111100011100111101101110110011111101011110001111110010110001100000010000111001110001101
101011100111111011110010011111110010111111111111101111100011100010111111111111111010001110110010111110111101101011011110
000111010111111110011011111011111110111011001111010010011101111111001111111001110100110011110011001111011111000111010011
111111011111111100110111110111011100011111001100110100110111000110011111110010101110010111011001110111111111001110111111
110111001010111111100011111110111100100101001001111111110111110011101011111010101110001111010101101101111111100111010111
101000110111101101111001000111101101111100110111111111000010011111101111011011100011100110101010100111110111111111011011
110010110111101101011011011101001101111110111011100111100001101110111110011000101101111101110110110010111110011111111011
111011111101011100111101101010110001101101101111111011011111011100101110111011100011101011011110010111011110000111111110
101111011111101101011001110111100011111001010111100111011010011011111111101111101011101100111010110111110110100011011111
111101011110111111111111111111111111101011101100001110101100010101111111111011100111111110111001001111011011101011100010
111101111010101111011101111111010110111111110011111000111110101011011111011110000111111101111000111111101011110101000111
011010111111011110011101010101110101111101011110111111110111111111100110011111110100111010111100110111111111100111110101
111111110101010111110011110101011110010110100110011101111111111101110111111111101111111111011101111011111100111110111001
111111101110111001111110110110111011100111110010011101100111011110000100101101101111101011110110010011111001000110011011
101101101011101111111010110110111111110011111110101101111000110001111110111111101111111010111011111110101110011011011111
110111010001001011111111001001101111110001101010111001001011101010111111111101110101110010101101110110011110111110111000
001100001111111011111111001011111111001111111111110111110011101110111111000110111110101111110101111111110111101110011111
111010101010011101111111111110111111111110011011100101111001001111011111111011011001011111101011111011011101111100111111
110101111100111111010001010111111110100000111101011111111101111011110101001001110100110100110101011101111100010100001000
282 232 224 105 116 113 59 66 