120
120
000001101111001110101011110111111001001010110111001110011010011010011111110100001000001100000001110100001110111100101101
001010101110111100111001011110111000110111111101101110010000101111111111111000101011100101111001110011100011110110001010
111001001010100111110101100111101101000011100001010101011111001111110001011101110100110101111100111100010000011010011110
011000001101111110110000111011011001101000101111110101001100110101010110101101000111100100100000100111111011111100000000
101100011011001100010111100111101111101011011011001011111111110011011001100111010111101010101111110111111111101001001001
011111110011010011100001111110101110110101101101000110111101011100011111011101111000101111100011001101000100100011100011
100110001110010011001111001010011111111000110101000111110011001011100110110110000010100110111011010001010011110111111011
110110100100110001100011001110011001011011101001000001111011111101011111110101100111111110111100011011111000001101110011
110110101011001101100000111101110011101101011111111101110110111010101111011011101101110011111100101011111110010111011011
110101100100111011001100111101111010101100110100101001000101010011011111001010001001100101110000011101111011110010111001
101010001000111010111100001001011111110101111001010111100101000110001111111100100000111011100100111110110011111101110011
010100010011000110101001011100001011011011101110001011100110011111100110101011111010100001100101111000110001101011000001
101011010010111110100101100011111111011111000001111001010110010101111101010011110011011011111011110101111110101101010110
111100101110011100110110010111111001000110111011011011110011111101011000001111101011111001111010111111111111110011101010
100110110111011100100110111100011011011111101010101011000110111010110001000110111011110001110000001100110100101011101111
111010101000101011010010111011001100110110010011010010010111110111111000010110110111011010110110111111110010101111000111
111101110100111110110100011011011111111101110000100011001011101110110101110110101011100101111110110001100011011110110011
110110111001110000101111110110100111111001011100101101111110101100011111111111101111011100001101010001011001001110100101
101010111100111101101110111001100111110001111110010011000001100111100001011110111111110110101100011101001100100110111110
111001111011100111011111000111010111001011111000101101011100001111111000111110000001111110101111010111010111010010111001
001110001110001011111011010001101011110111101100111111011111000010111000110011001100111010110101001101011000011111110111
110110111111110011001111011000001001001010111110101111010011011110010100110111101011111101001000111101010011000011110101
110100110101110110011010100011000111011101111111100111011001100000011111100111111100000100011100010010101111010000111011
001110110111110111111110011001100011000101100101101110011011110111110000100011100011101000111001000100010000110111011010
001010111101110001110111101101110010011011110011111001101110000111111110111101110110111010011110100111101001101111000001
111011101011111011101011110111110110000110001110111101001010011101111001010001101110111111101010111101001110101100101111
110111011000010110101101101111111100010101101011001011100111001101100001011101010010111101110000011110111111101000100001
011110000111111111010011111111100111110011100001110011011111001100101111110101011101000110110001001011100011110010111011
111110101011101111111101100101010000111001001011111010110111001001101011011001001001101101110100001100011110010011001100
111100001100101011110000111110000111111010111000111001111101011001111001111100101100101100110100010011101100110110101111
110110010101010011111011101110101111100110101111111100000001110111000111011011011011011111101011100000101100110110011100
010111010101011001011111011000010110101110101001110010000010011111011110111011101001000110101110111101001011111001111101
000101110010000111011101011010101011110011111101011111010110100010110111001110100011110011011011010010010011111100111011
111101100111101111010000000011111010101011111110110101011001110100001101101001011011010110011100011011101101011100111101
101011111000001100111100100011111001110001000111010011100111111111001101011000111100111010010011110001111011111110110101
100111111110000011000011011101111010101111101110111111111101100001000001001101110101110011100000111111010111100100001110
101010001011001001110010110010011101101001001001011111001011110110001100000100111100011111011011011001001100111101110100
011101001111110001111010010001111111100110100101011011010011101110001110010111110011111111111010111110111010110101111111
110010111011001110100111111011110010011010111101011111111101101011111000111011101110010001111110101110111111111101111111
101100101001111010111101110110111111111111110111101110011111011011101111100001111110111101100000001110011001010011011111
010100001101000110010000111110111010010111100101110100111010001001011011110111110111100001000110111110010101111010011100
001000111000001110101011010110000000111111000001111111010000000111011111000011000101110000011101001000101001101011101101
110000011011111111101111110000000010001011111010010100111100011010011110101001010101111001000111100011110111101011111001
111010110100111100100110110010111001111111101011111011111110011111101011011110111000101011100100110111000011101100110011
111110001111111001011101111100011001011011100110011110110110111010110001101010011111111010110111111011101110010001111101
110011001011100110010101001101001111011111011100011111011010011100001001110111101011000110101110100110101111001001100000
010110111011010011101110101001011100011010011000101101011111010000000101111011101110001000111111111100010111110111011000
001001001010110111010011111011010100011101010111011111111101010110111100100101001010111111001110101101111101000011000101
101101111101110011100111101110111100101100010101111010111111110101011110000010111111101000011111100110101111100010001110
001101101101101110001010101011011001111000101000010111111011100100111001101000001101010011011000011111010100100110101111
110110001110011100111111001110000101111001111011011000111110010111001110011000010110111011010001101000010100111101111011
010011100101001101000110101110010101010011011110101011111011101111111001001100110110101100110000010100100111111111110001
000101011011101111111110101011111010111110101011111100100011010011000111101110011001110011111111111110101101111111111101
100110110111111100110111101111001100101110001010101011001010001111011011111110110101000110011100001101101111101111110010
010110000110111011111100010111111101111001101011110011100100111100110000111101100011111011101011011001010110100011111110
001100010011100100010011101010011110001011111111011011111111011110101111001000011110111101001010011100111011111000110111
111110011110100111011111110111101100100011111001111101111001101111011000011111110010101111111011011101001110101010000010
101111001000111010101011110110110111001110011110011101110010011111011100100000100111000111111101111010010010110101111110
001011000011001010010100101110000110111000000111110110011011110001101111110111101101111011001111110011111010111100100110
011001101001111010111001111101111111101011010000110101100101111101110011011100111110110101111001110110010110011111101111
010110101010111010111011110000010111111110100100100001011101101110100011111100110011110011001101101011010011011011110101
110001000001110111000011110100000011001110011100011111110111011100010101011111001010011111111001000011110000011111100100
001111111010011101110111111010110011001100111011011010111111100111111011101111100100100110010101100101101111011001100101
010010011101110110110110100101111111100011011001010100000110001001111001000010011111101001001100110011110110010110111101
010011011010100110010111111011110100010111111001111100101101011111011110100010111101111111110011000111001100101111111110
011100010001110000101111001001111101111110110011010101010111010110101001111111001100010000101111101110111111110010111001
011011011110100011110101111110111010011010001011010001001010110111011011111010111101101111110100111011101101111110110111
010111111111110010110111101000101101110101110010111110101110101100101110000101011101001100011010101111001001101110110010
110011001001111011100100001001101011010001110111111011100100010101101111100111110001110110101011011100001010110110011000
101111010011100111110111110010011011000101101111101110101101001100001010111101111101010001001101010001111010110110101101
010101001101001011110111110110101111001111001011011100111110111010100011101000111001101011011010001110101100111001101111
110110111111100001110111111110111111010011111100001101011100110110000100011100100011110010101011111010001010111000000001
011001110100011010011011100010010110001000110100011011110111110010000000000101011101011101101101001110101000100010101011
101000111110011110001101101101011001111101110100101000111010000111110111110001000010111011101101001110110111010001111111
111110101001111011011110111000110110111011100100110011100001101011101111100111110101000011010001111100101111011110001111
011100010111110000110101101010110111111110001110111110001100010000011001010111011111010111001110101111111110101110100111
010110111101111011101111100000101110110111011110000100010011011010110010111110011010000010011111111001100101111011000000
110110110100110100101011100100011110010011111110011110110111110110101000101101001101100011001110010101001101110101110111
111110100100011011110101000011010110101001001111111111101100100110011010010111011100101010101100000111010010111111101111
111110100111010010011111111011101100100111111010110111110111011111111001011101101011100111110010110111110100110011101101
100111000111010111111100011010111110010111100110101111010111000101011111110001110110111111101111111101111101010111011101
100000000010011011001110110111100111111010001011111001110010110110101001110111111111110001110101111011110011110001110111
111010001011010111110000001101111111101000010011110111010001110100001111000100010011101111101011011011111001110111111111
010111100101011101100111110110111011001111101110111101110101100101111110101111101001111101100011010110110101101101010101
111011000011111101111100101111001011010010111001111100010001111110110011111011011111110110110010010111111010011011110110
111111111110011010110101011100111011111000101110010110101111001011100100010111001111111011011001011100100010101010100110
001011010010101101111101010001011101111010010111100111011110001011011001101011011111101001111101110110011000110000100111
010110011110111111000111101110110010101101111100100110101001001101111101110111111011010111101100000110111110001101010110
101111100011110011110010011110101010101000010000110111111011011101111100101000000110111011001011111111111100111111011100
101101011011110110010011100011001110101100010111111010011101111011110100001011111110011110101010000011001110111111011110
110010111010100010011010010101011000100000000101010110011001100101010111110110011101011010001000001111101011110110011101
110010111110101111010111111110111011111011010101010010100111101111111000111111100101011011011010111001100110111111001111
110100111110111101110111001010011010101101011010011000100111011111001111111111111101110000011010100111111101101010011111
011110111000111011111100110000111011011011001111011011110110111001010011110011110100111011000010111011110001011001011011
100000001111111010100111100111011001001000111010011111111110111001011111011111011001000110000011111101101111001011001011
111010001110011010111011111111001011010111011101110010101111110000110111001111111111100101111011101001110011111111111110
001011101100000001010101001000110101001111110111100110111010111100011101011000001110001001011111101011001110010011011010
110101011111101010101110101000001101011011110001001000010011110101111111111100101110011110111101011111011010011111100110
101100111011001101100111000011011001111001100111111011011010001001111101101011101110111110010110100000011100001000111110
110001111100000001110010110011110111101101111111000110101101100100000001001001101110010011101110010111101110001100110010
110011111111100111101101011111111010001111000101001111100100101110111011110000010111010110101110110101011111111000011011
011100011000101000110110001001011000101001011110100101000011100111101001111110000001001100001101110110110100101000101111
010011001001010011010000110111011111101101111110010111111110001011010111101110010100101001011011111011101110110100111011
101101111111010101110110001010110000000011001001110100111000110111010011110111001111000111111101011011110110101110001010
010110101111111100111110111000101111110101111101000010011111110111110110111010111111001001101101000111110011011101110111
111111110111111011110111001111111011100111110101100110001011101100010010100010010011001110000100001110111011110101110100
011100010100110010111110111110111001111010110111111110011100111100101101010110011100001111111011000101110101111010011100
011101101111111100010001010011010101000111110111001011101010010001111101011011101010000101101011100000010000011101010100
111111001110011110001100100010110001111111011111110001011101110111111001011000110011111111111101110111111011111110011101
101011100110010011011100000101111001111110101011110010101111110101010111110111001010111011100111110110110101110111010101
010011111110001110111110100111011111100111110110000000101011010110001111010110011001111011101110111110100110101010101111
100110111111101101100111110011110101000111101011000101111100101111110011110001111010111000101011001101100011111111011110
111011111011100101111111110011101111111111111010011110110011000110111100111100111001110101010100111101000111001110100100
000101011101011110011110001100010001010010011010101110110111100110101001001001000111110011111111111110011110101010010111
111111011111011111011100101110011011010001101110111111100001110001100011110110001110110101011110110111100101111100100111
100110011011011101000100111111011011111111101010101011100100101111000011101101111111111000011011001011011100010001010011
110011111111010101100101000001101111001010011011110110010011011010000110001110100111100011101110101101111111001111100011
101011110100111111101011101100000011011110010111101101101001110011110110101101000111100011110111110111111110010010100111
100011110000011001100010011100110111011011110001101001010110111110111111011000111100001011011011111111010110111101110011
010001101101010110011111010111111111110010010011011111111101010111100111111101001111011000111110101111110100010110101001
269 243 247 119 119 136 62 68 