120
120
110010100000111110000101010110111110011011001111011011110110111111000111111110011111101110111010111111110011011110111101
011111011110101111011101110001001110011111001111110011010100110001110100000101111010110011111111011110011101111001000101
111111110111100101100011001001010001011001000001111011101110110110101010111111111110100111111101111111111111111000011110
000101011000111101111011011010111011111110101111110011110111110011111111100111111111010100110110011111101010100111011101
110101110111110110011111111010010111111110110100111110101110111011011101101100001111111111101100111101110011111101001011
110110111001110111101111010001111010111000011011000110111111110010101110011000110110111000101111101010101111011101100110
111111101111110010111101101111111110111001101110110111111111001110110111101111101111011111011110100110011001011111101001
111111011111101001101101101000111011110110110111110110000111001101110110101110110111010000101111111011110111111111011111
101011101001111110111011011111011111100111011101010111110111110110100110101111111110000110110011101111101111100110100001
101110011011110110111011111111101010111011011111101101110111111111101111001111100001011011110000110011111111011001001011
111111111111110111010011111001111110110110011111111111101111011001111111011111011111111011010111101110100111101111111101
010111101010111101111010111111110100111011111111001111110010100110011101000111110111110010000100011111111101110111111111
110110111111000111100101110111011111010111101010001110110101011101111000111101110110111111100110111011010101000111011111
101111111101100001011001011111101100111110101101000101111111111101011100111011110111101101110010111111101111110111011111
111101110111111111011101111111110101110110110111001100010011101101001111111000111011101010111101001111011001110101111011
101111000111111111111111101111101111101010111101110111001110111110110111110111101011001110101010011001001111101101101111
110111111100111101100101111111111001101001011011011110001111110111110101111111111101101000100111101101111111111110111111
110001111001110011010111101011111111000011111101111111011101111100100100101111111101011011111111111111110101111000100011
101111110111011110110010000010110110111101010111111110101111111011110011101111101010110111111111011011010001111110111111
011101000001011001101101111110011101101111101110111111110111100001110111111111111011101110111100001100101101011001111111
111010011110111110100111110010011111111000111011101100010111111101011111111111101101000110111011110011010110110001100101
110011111000111101011101000111100101110010111110110011101111001101111111110011010101111111111111100001111111010110111111
111010100111011111110111111111101111111101011001100010111000101100101010011111111011101111001101101111001111011111101111
111011101110001110101100101110111010111011110011111001111101001010110010010111111111011101001001110111111110011001111011
111110011101011000111111101111111111111101101111110011011101111111101001111110110011111011011111010101010110110001101111
111011111111111100110111101111111111111111011111111111101110111101111110101010111111101000111111111111111111111111111111
011111111101110111110110111011011110101101011001101110101110111011011100011111001101101001111111011101011111110001011101
011011111110101000101111111111011000100011010110110001100111110111111011101111111010111110111101111011100110011101101010
101111111101110110111010110111101111001001011010111011111110111011100111100101110101111001011010110110001111001111011101
111000110111011111111011111111111000101111110100111001011101011011111110101100011111111001111110110111010111101101100111
011000110011111111011111101010101100110010011101111111011111110111110110111110010111101011111011101110101110000010111111
101111111011110111111110011000101001000011111111101111010110011101101111111101110000110111101111011100011111100111001111
111011111010111111011001111100011111111010010111010101101001100110010100101010110101011011111111111110011111111011110111
010111111110111001110111101011100111110111111011111111100111110110111111110100111000110100110011111101011111111011111111
010110010101011110001001111001111111101111100100111110101011101111110110110111101111011111011101100010010110111110010100
101010101001001111111011110111001110111111111011110111000111010111111100101011010011101111011111111100011110111111101011
111111101111011111111011111111010100111110001101011011111111000101110110111101101111110111010011111110011001111111100111
011111000010111110101010111000111001111010011101111010010111111101101101111101101111111010101001000011011110110101111111
111111111001101110011010010101111111101111111110111111010101101101010011010001001101011010011101111010110001011101101100
111111111101001110110111111101001100110111111110111111100110110100010010110101100001010111111010101111010101110111111110
110100111000011111111101001010110111111111001111101011111111110001111111101010111010101111011111010110101111110110110001
101111110111111100111111111111011000111100001100101011101011111000011101110100100101101101101110010001111100011011110110
111111010101111111010000011111100111110110011011011101101011111010011111011111111101110110110111100110111101010010110111
001110011111101111110111111001000010110111111101101111101111001101110111011111101110011101100110001111101111101001100101
110001111001011010000011111101111111101111101111110111010111011111111011110111101011010000010111000010110110111011111111
111100111111110111011111111111011111010111011111011111100111011111010011110100111111110111110101001101101110011011110111
111111100110111010111110101111101111111111001101101111010010101010110111010100001111011111111010101101000101111101101101
101110110111111011111111111111111101001110101110001101111110010011111100111100011110010111111111011101111111111011111110
100100111111101011011101010001111000101101001101111111000101111100011111110110101010001001000010111111110111101111101111
001111110011011010111011111111111011111111111111011011111111110111110111111111101011011101111000110111111110100101110101
111111011100101011100101001001001011001111110110001011111101100111110111110110111111010111011111110101110100111110111111
000001110100111101111101110001111111101110111111110111101111111111110110101100100110101111101111111111100110011101101111
011111010111111111111111110111111100110010011110111010011111111011110111111011001110111001101111100111011110110001011101
011011110100011010110100111001101111111001101011111001101110111111111000011110101110111111111101101101011101111111101001
111011010100001110110111111111110101111101111101011111100110010111011011111110011110111110110110011011101111011111010100
111110010111111111001101111000110110011100100111100100011111111011110111111110111111001100110111110110100111010111111101
011010111111011001101101111110101110011111101011111001010001111001110111111111011101100111010111100111111011110101110111
111111111001100100101000101101101111111101111111110110111111111111101111011011111011111111001001110111110111011111101111
111010111111111011101110101111101010001101111111111111010111101010111101011111110011110101110111111001101101110010010011
111111111011011011100011111011101111011110001111111101110100011100100100110101110000111011111011011111111010001110111101
101101110111111101001111111011111101010100111011111111100001011111101100000010111111001011111011011101011100111110111111
110111110100101000111110111100111101001111011101111101111101111011011001111110111111011100111100110100110011111011010110
111011100111111100011101101011111101111111111011111110101011011011010111110111111100111111101111100111110010011100111111
111101111011101111001011110100010011111111011111011111110111011101011110101101111111110111011000101010101111111011010011
011011001111101110011110000111111110101011001111110110101110101101101011111101100011110111111111111101110110111110011111
111001101100011000100101011110110011110111010000000111110111110101101111011111010101101101110111100010001101111111111111
011111111011111111011001010001011110001011111010101001111111111111011101100101011111001101001111111011010111110001110101
111111011100110011101010111111011010001110111011100001110111110111011011100101110001111111110110111101110101110110000111
111011101011100111100111111111111111100111011111111011011011101101011101111101110011111110001101110111011110110110110111
010111111101101100111111111110101111111111111111101101000110110011101101101001110011111100011111101101011111100110011000
010010111110110011110111101011101011001101111011010000111111001011110110110111111010111111000000111010111011111000110111
110111110101101111110110101111111101111110011101001100000010101111110010011101010110011011110110111011011111011111111001
111100111011101111011101111111011101001101110100111101111110001111101010000111011010110101111111000111111110111010010111
111111110111011111111110110101110001111111111111001111011011110111111011111111111111110101111101011101101101101111110110
111111001111001010010011111110100111111011111111111010110111110101110011111111111011011111111011001101111110101110111111
011111111101111111111110011111111110111101110100111001110110100111111010011101110011101011111101011000110110011010110001
111111001111100101011111111011111111111101110010110101110111011011110010110111111111111111101001000001110010101111011010
110111111111111011100101001101110101101101111010111101001011100000010111111011011101110000111000101011111111010100111101
101011111100001001111111111111011100111011110101010111101111101001001001110111110111111011101111011001011011101110101010
111111111000100110101111101110111101110010100010111110111101010111010100001011100111111011101110111110000101101111110111
110011001100010111110110011111110110111110111101111100011111111111110110111110011111011011110110101100101011110001001110
001111101110110111011111011110110101011111100101011001100101111111101110001100001110011111011110111101010101011111110101
110111111011111100111001101101100110111011010011010000000011110010001111110001001011111010100101111111010101011111111011
110101101111111101101111110110110111111110101111000111110111110101101000011100000110001111001101001110111110111110110111
110100111111111110001011111111010101110011111101111110111101111111101101111111100111101101111111101110111111000011111101
111110100111011101111000111111111011111111101111111001111111111011111001110010111011111110110100100100111111011111011111
010101111011111101111100101101111010111111101110110111111111110111111011000010100100011111011110110110111101100010111011
101110110111111011110010111001110111111110111100111111010111011111110110111101100101110110111100011101011011011111101101
101111011001101111011101011011101101111011010110111111100001001111101100110111101100011110111101111111111001111111101101
101111110110000111010110110110101011100110111011111111011001111010101111011111100111111111010111101111111100010110111101
011100001001101111011110011111011111011101111001111110110000111111101011100111111110101011111100111111101110011111111101
111111100001111101111100101111001010010011101111011110001111111011101101011111111111001100111011110100111011110011011010
010101011111111111101101111011111000000110100001011111101111111111011111011101001011111111111111110001111111111000111011
101111011101101100010111110101011111101100100111111111010111110100111101011100111111001010110011111011111110100110111011
100000111110100001111101001111101011110010101111100111011111111011111111111011111011111111010111100000111011001110101111
111101011101011000011110111111000001111010111110101001111011100111010101111111010110111111011110101111111111001111110111
111100110011110111111001110000111110111111010010111011110011100111100111111111001000111111111101111101000000011010010110
110011010111001001010111101100001011010011110010111111110011110111011111111111111000101111100011001011111111110110110001
101111111111011111101010111101110011111111111111110110010111110111001011100111111011110101011100011110110001110010001011
110111111010111101011101111101001111111011111011111101111111101111011110110111100100110011011011001101101011011111001111
111101111001111111101111111111001111010111011111101111101000101101100100111110111111011110011111111101101100111110101111
110011101010110111101001111011001010011000111000111111110010011111111111011110011011011111110111111101111101111111110010
110110001111111100111100110011111110111110110010011000111111111111100111111111011111111111111001111110111100111100111111
011001111000110010111111101111110111001111110011100101111110011110111110010110000111001111111111110111101110010111011101
011011110110101110010011101110111111111111101111110011011110011011101111100111111101101010010010011101011110010111111101
101111101111111101100110101010100011100111111110010011100111011111101111101111111111100111011111001110110111100100110111
101110101011101111110111110101011001101110001111011111111100001011001110101110100001001011110111010000111110001011110111
111100111011101111110111110001001111001100111110111011110111111010110110111111101011010111111100001100111100001111111010
101111101101111111101110111111101110111111001100100111010111001111010001110111111110110010110100111111111100111011111101
101110111011110110001110111110110111111111111101011011101100000111111111111111110111111010001111110001111100111001011111
101111101110111011111101100111101010111110111110011110110111101100111111111111001101011101110011111010110111111111111110
011100110101101111111111111111101001111001111110111111011111010111011111100001110101100111111101100100110110111101111110
010011100111101110101111110011110011111110111111110111101110001101111000111100111111111110111100101100110011100101010110
110011111101111011111111101111111111111100101100101011111111111110110111111110111001111101111111111111111101100110110100
101111111111101101011011110111101101111010011111001101110111110101111111011111011111100111100110111011111110111101111011
011100011101111010101001111111000101011111011001111100100011110101111001110101101111100010110011011111101111011101111100
111100100110110111111000100111111011111011111110101001100101101011111111110000010110101111010111001110101001000010011111
111111101110110111001001110101101101011111101111111011111011111011100000111101111110110111100101010111111111101111111010
111011101011111101111110000111010011001100110000011001111111000011111110110111111100010011010011111111000110010111110111
101001110101101111110001100101111101111101101000011110000101110110101111101111011011001110110110011011111001110111010111
213 229 224 87 107 90 50 53 