120
120
111000110000010011001101000101000100001110101111011110111011010010101011000010101110101010001011001000100100001100010010
100101111110001110000001000111100110111100110011010111011110010100111000011000000010001101100000101001110110010001100111
101001101011000010110000100111011111100001101100010100001010111010001000011111010100000000110101000110000010000001011100
100001110000000011000110001110010100000001000000110101010000110000001110111000101000001100011001100010000010010101011001
010100111000101101100110001101100110111110000010101000101100111011110111010000111011010111010011111100110100101111110001
111000100011010111010000101010111011101100101101100111100011101000110101111100110111110001101101011110110101001010001100
011111011100000101101101100010010110101111101011000111011110011110001110111010001000000000101110101011000000100110011101
000010101000111101011110011111011101001101110101010011000100011000101010010100111011001100101111100111001011111011100011
110111001110000111110001110001111001110001101111000110111100101110100100011110001110001011100110011110010100001111100110
110001010010001110101111111001011011111111101011111101001111101011110011111000000101000000000010111011001001110000111001
010111101010110001001000000010011111110100001000100111100001010011011100011010110110000110001001110000101000111100001010
100010100100101001101000011001000111110001001000100001011100010111110010011101000111111111101010011011100110101100111111
110111001001010010011000000100100010110100101100010110111101010100110001011010000110111110110001110100101110110101001001
001100111111100100100011100000100011010001000000010100001001010110011110101111100000001101111001111100010000011101001010
001010110011011011100101101100011000011000101011111011101111100111010110111011000000100101101001001011111011101101000111
000100010000000011001010011111000101001011011101110110101111111111100001100011000000100001100011000110001010001010001110
110001100100001100100000111011111100000110110111000011111010011010111100010110001110010110000000010011011101000110001001
111000011001010011001000101100100100010100100111100001011010011110111111010000000101101001110111010001101111111000110100
101010001101110100111101010101100011000101010100110011010010000100001100110100011011111010100101110000010100100000000001
110100000101111111000000000000001100111000000111000000100100110001000110111111111100100100011111101111110010100111100001
010100111000111000111001110010000101000100110000010001001010100111000111111000101100110010110111001111000010011001100001
011011010111111011100110111111110010111001010110011100000111110010011110100101011011011001000100111001101110000111100101
100000011011001101001000010010011110100100000000001101011110111100011101110010000000000110111001000001100001110001010100
000000001000100011001000010110100001100010000110010000110101101110000011011001000100011010011110000001100101000001111001
001011100111010001101110110010000110110000000111001111101011111000101111101110110000000011111101101001111010111000001011
111001101011011110110001010110100011000001001001110010111101101101001110011000101000100101001100011001001101100011000100
110100101001100100001100011010111100001101110111111001000000111001100000000010010001011011111111100010101100010100101000
100000000011111111100010010100101100011001110100010110100110111011100111001011000110100011101000000101010001111110100111
101011111110101100100101001011000101111100110111000100110101011101111101001110111110111000000110110111110000110111100110
111001101100101111110110100010001100001011110111110010011101001111001110110110000001000100011000010100100110110001101001
111111000111110011000100001011001011111011100010011100011010110001011000100111111101010110000100101111100101110110110110
011001001001111101101010001110000101111011010101000101111101110001001111011010011001111100010111010001000100011110011010
101000010101010010011101010011100011100110010001011010010111110011101101010010001010100100011011001001001000010100000010
111101010001011001010010101101001110010101110101101001101110111101110000111001110101000100110100001110111100011001100001
000001000000110111101010000100111101100011101011001001101101100010010110101010010000011100001111110110101010000111010110
000000011111110101010010111110111110010010001001111110001011010111011011111110001000001110010011011100010010110001000101
110010010111011111110101001000101111100100000001010010000000010001011111010000110001111100100001010101000101000000010100
001010110001110011110101011010000000000000011001010000111101010011011100001111101101110000100011101111001110011100111110
011001001001111110110101011111111111011101011110101011110101101101010001001010000000010010010101011100110111101010101001
000100100000100010010110101000110000011100000010001110100010101000111100100111001000100100110001000000110000111000011101
001101100011110111100011010001000010111011110011100110100100000011101111100001101010011011111101001000000100011101100000
111011110110100000011101011011010011110011011010011100011101011001011101111001011101000100110000010111101111010111000011
001001110010100001101001111100101001101111110100111000101100001011111101111101010100001111100111001101001101110101011001
011110111110110111111100010111001110111010011101000111111011001010001000011111011110111101110100000001111010100001010000
010001010001011011010101110101000000101100100110011111101110111011001111110101101001011000100100000000110001111011110110
101000000101001100110101011000001100001011100101010111011001100001110110011111000001011001011011011010100100011101010111
001000101110011110111001101011000100011011011111100110100100010111011101110010111110110111001011111100000001100110100000
101100111101001010101001000101011110001000101110100110101111101000010000101001011111111001100010010001010011101001001001
110110001110111011110101111001010010011001001011111100001011010111101111011010101011101101001110010001100100001001001011
100111101101001110001100000101011101110010001101000011110001001001011001001110010111001010001011110101011110101001001101
001000100000101011010010111011111010001101101110001110110110111100011110110100001100000011110001100111001010110111001010
000100101001100101110011000001101110100000001100101100101111100001000000011101110101100100101010010100010010110011100011
101000110011010011000010111101111000001000100000101110010000010010110001000010111100100011010010111001110110010110100110
000010011011110100010010100011110010100010011011011111011110110100011110010001100101111110110011100010000011111110000011
111011110100101000011001110010000111110101101100011101101010010001000101111000100110000101011010010110110100100000110000
010101011101011110100111111101101000010111110011110000001000010000100010101111111001101010010100001111101111101100010101
001000100110010000000100101001110110000101111100100110110101111110010101001111101000100100011011001001000100101111000001
100110000100001010110000011010000100110110101111111110110101101111000111100011011101110110001111111010101110101001111011
110111000101111001111100000010011100010011110101111110100010001100111101011011100011001110000011111100010001100011010100
111100011000000001011010000101110001100111011110110000011111001110101000010001001001010010001010010100101010101010100111
100001010101110010111000101000110100001110111011111011100010010000111010110101111010010010101101101110000100011010010101
100111011010011000000010100111010001100000100110101001011001011111001101001110100111000000110111010111011000001011000110
111110101101110101100110001011111101010010000100110111011101001101101101111110011100110110001101100010110100011111001001
111111101101000110010110111101001111110100111011111100000010001110000000111010010010010010101101110001010111011110001011
101111110011100110000100000111011001011010100010110110100001000011110011000101011100011101010000111011001110111101000100
000111100010011011000000111001000111111001011110110101110100000010010111011010011100101011010101011110001111111011100111
100101100111100100010001000000010011000111010100000100001010111010011001110010010100001000001011010010011000010010111001
110011100111101000111100111010110101110000001101100101101110100110001110101100000110000010011011000111010011111100011110
100000111000111011100110111100110110111000000111110000101000010100001011000100101001110001110010111101100111011011011110
100110101011010111101010000010101011100101111000001011100100001001010101010001010001000011000011000111010010000001001000
000101111111111110011100000011000010000000100001011110101010011010110010001101001000101100110011110101011010001101100100
110010000110111101010001100000101011111111111101111001011110110110011011101000000011011010011110101011111000011000000000
110011101110101000011100001110000000111110001001111000000111111101011011100111010111110000110011001001001100011000000110
011111101000111001100001010111010010000110010001111010100010110110100010101111100000000110000011010110000100101100110010
101100000001010100000001100010100110000100001110101010000010010111111000110011010011101101011001000110010111100010110110
111110111011000110100011010000111001111111000010111111110010110100100000101010011110110000000000111010000111001100111000
010010000110010111011001001111011000110101001111001011000110011110010100101000001101100000001110110010100011100001101001
000110100110000110101001110111100110110100110000010110010110000001001110001000111001011101010000111011100001101010100111
110000111100100110001100110011011110001010011101011100111011101001000010010100101110010110101110011010000001010010000011
011111001101110001101000000010011100000011010000110011001000001110101000111000000111111101100111000000100100100100000101
110001110100110001101001101110110101110100011011001100001101100011100011100110001001011000001010100000001011000010101000
010001110110101010111110011011111110100010011010110100001100010111110011110011111001011001001101110100000101000000111111
111011101110000001011010101011111000010000101011011110101010110011111110111001101100000010100100011101001010011000000000
011010000000000010110100101011000001110111011110110100001100100000001111101100110110011011101010110111000101110000010101
100001010111010000101001111111110101110100110001011101110110110100100111101100001100111010000100011110010011001110101111
111101001000010100101011100101100010011001001000111011101001110011111101010101011101101110001111101110001111001101011100
111101011011101100000000000001010110010101000100100000101110011001101111100100111110111101001011000111000010110101101110
111111011110011001011001011000001000111011010001010010000001000111111011001010111101010111100000100010011111110000101100
111101100001101100001010100110011011000011000001110001111100011101100000011011101110101001011110011010111100010000001010
011011000110010011011011001001111011000010011110010110011011000001001001101110001001011011101001011011010110000110010110
110101001001101011100001110011001010101101111100110100001011101010011010101001101110001010111101010010001011101001010001
100110100000011110110010101110111100011111010100101101111001101011001111000101110011001110010011111100100010101110111100
001010110010001110111100001111011100111000010001000111110011001010010101000110000100110001110100010110110111110011110110
101011101111011110010010101001001100110100100000100010010101111101011001110011110000010101000011010000111011101010000100
010010010001010111101101100001100101000111111110100011111100000101100000011110000100000011111110101001011110010011010101
000110101100101111010010110101100000010001011011101001111001001101110101011001010111101111001011101101000100111111000111
100011110010000111011110110000100111101001001000011100000011001001110100011001000101000011100011100101010100100000010011
001001010110010011100100001000001011011000100110010110100111111110101110001001010101110110110111111001100100010011010001
010111010110001100111110001000100111100101001001111011111111100000101100010010100011101000111010110000011110011011001010
011010100100010010010011001011001100110111000011010011101111100010110101000000010001110110000111000110001111011101001100
100001010101101010111010000111111011011001101001000100010010000010011111101101011101010101010010100000011000001100001010
011101000010010101010010011101111001100000101111011101100110101011101110001001100100110011000001011110110100100110000001
000111011001101100001001110011111010111001111111010100101100000111111000111000011111100011010101010011101100000011000101
110101010101100101011110010101010011111001111101110000000111001111010000111100011001010001110110101101101011111000011101
011100010010010100111101110011101001000111101101001010001101110010001011111100010110111011001101011111011101101110100000
000011101100111100001011101110011100101100111100101011001001101000010000111011111101110100111010100011111000001000101001
111101001011000110100110100111111000000111110100000110001110000110101010101111010001101010111101101110011100100011110111
101111110101010001011001111101100110010011001001010000101101110000111111100100000100011101101110111000110000001100000101
111100010111111111100000111010001001011101101001001101111101011110011001100010110100101100000000001011000100100011000100
010001001011000101010001111011011111010100110101010001100011100110011010000101000101011110011001101010100111010010100011
000010000111010111001101101001101001001001101101001111000111101111100011010110001111011100100101101001010101001001001010
111001001100010110100011010010001111011001000010011110101111011110110100000000001100110010010010111101000001111110000111
101111101111111100100011000010101010101000000100011100101011001110000010001101101001101100000110010001110001111100000001
100011111101010001011111000001001110011100100010101001000010000111100010000111101010101100110000110011100010010001000111
011101011001001100101000010011000000110110011101000101101110110100111000100111110111010110001100000101111001000001100110
000100110101111101000001010001010100010100011100110011010000011011000001001001001000110011100010001110100010010111010011
101110110111100101000100100000001101111111110111110011010001011001111001000111000000110101101101011111011011000011111011
101001101010001011011011010000001000111000000011111110011001000101000001010000101101100010011100110110011100101011111000
010100100001011010100100000110001110001000110101011101110011010001111000011100110011100111010111001110110111010001111101
001011110110111011010010010000011000100010101010001101111110101001110111101110100110100101110010100110110010110100110000
271 280 255 135 157 122 49 85 