120
120
011111111101101010010010100010101011011100011011010111001001011010001110011011100000000000110110001011001100001101000100
000101100101011110101111101000100011111110111000010100101111001111110110111010010001010101110111100011110110001100100000
010110010100011010000101010000101101110110111110100000110001101000100101101000011011100001100110011011001000101000101110
111111000100011010110000110110011100001010101011100011011100111000001000111011111111101101101111011000101011011011100011
010001111100010110100100010011111101111100011111100111000000001001010011011100101001110111110101111011111000001101111011
111010011110101111100110110010001010101000111101010000001100000100100100000110111010000011000100011101001100100010000010
100011001110000101101011010001000001110111001011000111101001001000010001000001100000001110101110011110010110101001011101
111001011001011100100111100000011110111100011100100001010011001101110000010111011101001111100111100110111001010110111010
001110001100111100110000111010101011000100110000100110001100110111111101100011000010110010001110010101111100011111111001
100011010110110100101011111000110010001110001010000110000110110111111100100000101101101110101100111111000001001101001001
101000010110111110110111001100001111011101101001011000010110100110101000010110100110000001000111100011010001000001010011
010111111101001100101111010011001011010010101010110111001011111101101000110010101101100001001101000011111111101100011001
101100000001100011111110001100000100110111010111001000100100110001011011110100100011100001100010000011101110111100101101
000100100001111011100001011000011000010001101100010100110011011001101111111001011100001101010011100000001111100100110110
010111111001110011110111001001101011011101011110001101010111101100011100011010110101000100000010011101101010101111110011
110111011011011101001000001011010110001111110000100111100001110100100011110000100101110010100101000011101011011110101101
001110110010011010100111100011101011100101001101011101000001110110101111111001001101110110111111111111101011001001000100
110110001100011110001110111111001101101110001001101010111100001010001001011001010100010111000111101110001101001001010101
011111001010001010001101100010001110101000011110001110100011011011111111010001011010010001010111000101011101100010011111
011100011001100000100011100001000111111110010011100111101110111101110100000111000110110110111100000001101101110001011111
010001011001011000000010011010000011101111111101100110011101011010111011100010110011000110101100011001011001101111000111
101011110110011100001101010001111011000110101001101101101001101010100101100011010000010000010010101010110000111001100010
111101111011001010000111100010010100101100010100101011100001010010000100100110110000111011001011101000110101101011110110
000100110000001101100001100000110000101101111110011001101001110010111010101111110100001011100111111110101101111011101101
011100011101011000001001111010000110111110000100100101011111001001101000100011111000001010100000101101111000100001011000
010110101110100111111001100111110011110101110111001101010101110100110110011010001101101100110011101011110000110100111101
101111110011011100100111011000101000111000110100110110110111101010101010101111110010011101101011100111000110011101100110
101100101010001101100010010011100101101001001011100000010110101000010100000100101000010010010111111001001101000111001011
100001000111001011111010101110111001100100011100100110110010101011101001100011100110111110001001000110010000100011110001
000001001100010101000101111010011100101100010111110111100001010010111100000100011111001110011101101010001011101011000111
001110001101111000001001101000010011100011101001000100100100010110011000010010110110111000000001100100101001000111110000
101010010100111111111001011001011000101110001000010000110000110101111101111100000010111000000100100101100011111011101011
101110010110100111010101110001010001111010011010011100110000001011010011110110110111011010010101111111110001010110001111
111100100101011110111111100011000111100101100010011000010011010111100011001000100110010000101110110011011000001110000100
101111100101011001010010100111101011111001011001111100111011001110110110111111111101011110011101000001101011011011001110
010011101010000111111111111110100111000011010101001000011111110010110101001010010000000000000101010000010010100101010110
110000010111010000100011110111001110110010111100000001110001100101100101110000001011111110100101100110000000101010011011
000100011101010001111000111101110101111111110100100111101111101100110011010101011011011001010001010110110000001101100101
111001001001101011010000011111101011110101000101101001001001000100011100111011101111001101101001110001010100001101110100
011000000100000110001000111001111001001100100011111111010010000111110100110110010111010100100001111011110111110101110011
011100000101110010110011110101101100001101111111101011110010111100100100000000101000011000010010000101000101111001111001
010100000101100010010110111010101100100000101001011010111001110101110001011111010000000000011110011000111110001010010101
001101011000111011100011111100011001111101101000100011001011011000000101110101011101101011000000001001010101011001010101
001111001101110110100100011110001101011010100101111010111000010101111010100111000011100100000101000110111001001100011010
010111110111000101000110011100100010111100100100101001110000001011111010000100101101111101001000100011110111101010100101
110111011101011100001101100010100001110100000010001100001111000000011101111100100000100011111000000000010010100110101001
111011000110110100001010011101100001111011010011101011001000111011100100111111000001001100101010101001011100110110101011
001111101100000101010100000011101101011000001111011101001101111101111011100110011010010001010101101011010100101110100111
100110110111000000100101000110110001000101010001101010000010011110011011101100001101101110111010100000000001011101101001
110111001101100100101000000001101010011110100000001001111001101100000010001010000001101001000011010111100001101010010100
110100110100110001011111111100000111101110100110111011110001001100010100010111110111111100111001100100100011010000101110
101101100011001101101010010011110111010011000101111111011010101111000001100000001000010110101110100101010001100001001011
100110011000101111110001010100111000111011001100000010101001101101011010011110110001011100100010111000001110011011111100
010010001111100000111000110101100101010100101011000000001000001001000000011001000101101101101010001100111001100111001110
110110100111110101010011000010000101111000010001101110111010111101101011011011111101110011010101111101010101100011011100
100111111011011100100100111011000100100110100011010100001101111010110000000111001010100111011101011110010011001111111000
100111000100011010000001000111110011011011010010110111100100001110101011110000111111101001010111010011011000001101010111
000111010100000001001011111011110010101000110000001111101000001101001000011101110010110000000101001001101011111010010010
000011010011000001010111001001001110010101111101101111010101001011111110011100110011000001001000111010001000010100011100
010010101101110000011001100101101101101100000100001001010111011101011111101000110010010001100001100101011111010010101001
101011001100110000101110010001010111000100111010011101000010101000100101000011100000001100001110011110111001011101011011
111010110000110001111100100001011100110011001011111011110101100000000000011001011101101111110011110110010000101001000100
100101001010101100111111010100001111011000001110111000111011011110001000101000011110100101111111000101101001011010001010
100100111000000001011110001001110101010100101100101000110101010010110101110110111110011110100101011110010001110011000101
000101100111110101000111000111011011101101100111001010011100100000111100100010001000000001100110001101110000110001001000
100111101001001001001110111001010101000110111010100011000011001111111110111110000011001111000011000011101100111100111001
000101100001000001100110001101011011011010111010101001100011011000001101111100111110010110000101000101100011100011001100
010000101111000010010001100000100010101011110101100101001110110111110101000001001100000000001110010111100000111101010001
010110111010101100110001111011001110100000110101111111000000000010011010110101001011010111011010110000100110100110011010
101100110011010000101110100100100100101000000001011100111011100010001000100100101001100110111000011111101101110110111011
110011111001010001011000110010111110110011000000100001110110110010010110111111000110101011000111100010110111110110101110
111110101010110111011101101110111001101101100101111100100011010101111010011010111110100110001000000110111110011010110010
001100100100111100010100110000000001000001010110001001000110010000110100001010011000101010001101110011110010000110010110
011000001111010000000001110110100000001000111110001001001111111110110110101110011110010001001001010001100001010011000011
101010011001100001000010110010011010110111110010110001010111000101110100000011100111000101010001001011111001110110110110
101111010001001011010110100100110111010010111010111111000000010010001010101100001011010011001010001010011000000010010111
000010101010111011100011110010011110101100000001000000100000110100011010011110000010010111000101000101111010001010010011
000011110110111011100101111111101110100111100101001111001010101010111001011101001011000001000100011011000100111111000011
101001000010010001000011111101100001100000101001011110101100110011000010001110010111100000101101101001001111100001011000
100000000101100011011000100010001100111110110110100001001101110011001001100110000010111000001011111000000110110100101111
100010101100110001111101111100111011000000110010001000010011011100000110001100100111110101101010011000000011111101011000
010111001001111100111110100001001111101000001101101010001111001101101100100101110110100101100111110110010001111011101100
100001010000000110000011010000011000001101011111101100010110111101010001001111000101100100000101100001000101110010011000
111011100100000101000110010101010100111010111100011111001100000001111010001100110001000110001000000101111010111001001110
100101101000000111101111011011000000111110011000101010101010100110110000010011001111111110101001010111101001100101100111
101011111100110001001101100010001000100100000011101001101110000001111000111100011110101001000001110111111111101000100010
100000000100110001001110000010100100110010111001111101001111101101100011001000010111000000010010010100101110111101001110
100010010011011000111101011001010000011101101111011110100100100110001110110101010110110000001010111011100010001000111101
010101000000100000010000101000101111101011011111111011000101010001010101011001011011000010001110011101100111111110100110
011011101011111111100110001010100100101001000000100010110110111101010100001011110101000101100110110011000011001100001110
011010010001110110111011001000001011101101001011110110110000001000101010001111100101000101110110010101011001110001000101
110011111011010010111001100001101101111010101100001111000100010101010010101111010101000101010101000001010110110101111101
110101010000011010000100001101111010100010001111001110010010110001011001100100110101101111011000111010001001100111110110
000001100000111110011010001000011111111100011101011111111111011000100000001111001010010000101111001010001010011011111001
101000011001111001101101110110010111110101100101001000000110011001110111000110010110111111111101011111111111100001100110
001110110011110100100011110010111011000000101000110110110000001110011010000101101100001100111001001100001001110011001101
110010101000100010001000000011100101000111010101010011100000010011000001010100001011110111010100000001001011100110010000
110111101110100110111010110011110111000010111110000111110110110001001110110001100011000110000100110110101001011100000100
110100010100010010101010111101011000001000111100110000001000101001001100001010011111011100100110010100011111000011100100
100000101100000101010011100111100011010000000001110011110010011101101111001101100001000010100110011010110000110110100011
010111110111011101100001110010010010110101001101000001001100110011101101101110101100010111110110111001001011001110101010
110110110010100011011111001000000010110011011111000011100011111000110101000111100011000111000101011010100011110010100000
101101011011010010000010100000011010101101101110100010001010110101000001100101010001011100011101011010100001100001010111
101001100001010111100101110110010111111101100101011110110011001011111111111011111001101011111001100100100100000111010010
010100101110000011111011111010000000100100001011101001000010010011101100010101000111111110110010101111010100011110010100
011000111000000110111111001011001110011100101111000011010101011111001101011111100010101110010011001001010000011001011101
110001011011010001111011001100000010000010010101111011111111011000010000101011011101111110000000110001110011001100010010
000011111011011001011000100110101011010000101011111000100100110001111110011011110101100101101100011100010010011011001000
101000101110000001101011110010111010101001010010011110101110110011101110101111011001011110110000111010000001110111000100
111111111100110011110110111001011000100001110100100110000000010001111010110111110101110111000101100101000111100011010010
100000010011100010110001011000101100011111000110110000101100001110000000010010010010001010000100001111101101101111111011
110000101001111001110010110100110000001111100001010111110011100110010010000101011111111101001101101111010101011010100001
110101111000010101100100110110111101001110100100010111101110111100000000011000011010101000011000100100001110000011111100
101100101001001011000010000111011111001100010100000011110010111000001110010000010110111111110010000010010100011010111100
110111000101010010100000100010110110110001100111101100100000011111101001101100001101000011110110110000000011000100001010
011010100000010110110110000001011111110110101011001010010111001100101111110100111110010011100100010000101010110011110101
001101101111111111010001000110101011100100000001101101011011010001001101100000111010111001110100111010001001001100100101
101010100000011110101100101001010001010111000010000110111100101100111110111010010100011001010101000111001100110101011100
000001001100000001110110110100110111110011000001000010011000101010100110000010010100111100101011011110011010011001111101
110000100110100011111110111111011001110111100010011000010101011111100101110000111011001000001110010101110110111101001111
202 192 220 100 90 107 49 68 