120
120
111111111101111110110111111101011101110111111111111101111110111111111111110111111110111111011111111100101111111111110101
111101111111111111111111111111111111111011111011111111111111111111111111111111111111111111111111101111101110111111111111
111111111111111101111111111011111111111101011111111111111011111011111111111111111111111111011111111111110111110111111111
111111111111110111111111001111110111111111111111111111110111111110011111111110111111101111111111111101111111111110111001
101011111101111011101111110111111111111111111111111110111101111111111111111111111111011111110111111111111111110010111110
111111110110111111111111111011111111111111111111111111111000111111111111111110011101111111111111111101111111111111101111
101111111011111011110111110111111111111111111111111111111111001101111111111111111111111111111111111111111111111111111111
111111011111111111110111110111011010111111111111001111111011011111001111111111111111111111111011111101111111111010111111
110110111111111111111111111110111111111111101111111111111111111111110111111111111111111111011111111111111111111111111111
011111111011111111111111111111111101111111111110111010111111111110111111111010111111111111111011111111111111111110011011
111110101111111101111101111111111011111101111111111110011111111111110111111111111111111110101011111111111111111110111111
111110111101111111011111111001101111111111110111111111111111111111111111111111111101111111111111111111111111111111111111
111111111111111111111111110111101111111111111111111111111111110011111111111111101101111111101111111101111010011111111011
111011111011111111111111111111111111111011111010110101111110111111111111111110111111111111111110111111110111011111111111
001111011111111111011101111111111110101111111111011111101011110111111111111111111111111101111111111111111010111011101111
101101111111110111111011111111111011111111111111111111111111111111101111110111111111111111111110111111111110101011111101
111111111111111111111111110111111111110110111111111111111011111011111011111001111111111111111111101111111101111111111111
111111111111111101111110010111111111111111111111011111111111110110111111111111111101011111111110111111111111111111011110
111111101111111111111111011111111101111011111111111111111110111111111111111111111110011001111011111111111111111110111110
101111011011111111111111110110011111111111111111111111111111111011111111111111101111111111111111111111111101101111111111
111110011111110111111111111101111111111111111101011111111111111101111111111111111111101111111111111111111111111111111111
110111111110011111101111111111110010111111110111111111111110111111110111111111111111110011111111111111111111111111111111
111111110111111111111111111111111111111111111111111111111111111111111111111111111111101111101111110110111111111111111111
111111111111111111111111111111111111111111111111111011101111111111101110111111110111111111011111111111111110111011101011
111110111011111101111111111111111111111111111011111101111011111111111111100111101101111111011111111111111111111111111111
111111111011101101101111111011011110111111111111001111111011011111110111111011111011111111111111111111111111011011101101
111111111111111110111111111111110111111111111111111111111111101111111111111111111111111111111111101011111111111111111111
111110111111111101111011111101111111110011111111111111111111111111111111101111111111111111111111111100111111111111101101
111111011111111110111111011011110101111111101101011111011101111101011111111111111111111111111111111111101111111101111111
111111111011011101010111101111111111011111111111111110111110111111111101110111101011111111101110111111110111111111110111
001111111111111111111011111111011111111011111011110111011110111111111101111011111111111011110111111111111111111111111111
111111111110101011111111111111111111111111101111111111011111111111111111111110111011111111111111111111111111111111011111
111001101111111111111111101111111110111111111111101111111111111111111111011111111111111111111111111111011111101111111111
111110111111111111111111111111110111111101110111111101111111111011111111111111111111111111111111110111111110111111111111
111111111111111111101100111111111111111011011111111111111111110111111111111111111111111111111110111111111111111111111111
111111111101111111111111111111111111011011111111111111011011111111111111011101111111111101111111111111111101011111110110
111111111110111111111110100111111110111111111111111111111111111011111111111111100111111011111110011111111111111111111111
111111111011111111111110111111110111111111111011111010111111111111111111111111111111011111111111111111111011111101111111
111111111011111010111011111111111111111111111101011011111111100101111111111111111110111011111111101111101111111111111111
001111111111111110111011011111111111110110110111111101111111111111111110111111111111011001111101111110111111110111101111
110110111111111111110111101111111111111111111111111111011111110111111111111101111111111111111111111111111101111111010111
111110111101111110111011111111111111111111011101111111111111110111111111111111111111111110111111111110111011111111101111
111111111111111011111111111111111111111001111111110110111111111111111111111111111111011111111101111110110111111111111111
111111111111101111111111110111110111111111111101111111101111101111010110111111111111111111010101111011101010110011111101
111111111111111111101111101111111111110101111111111110111111110111101111110101111111101111111111101111111101111010111111
111111011111111111110111111111111101101111111111101111111111110101111111111110111111111011111111111101111111011011111111
011011111111111111101111101111101111011111110111101111100111111110111111111111111110111010111111101101111011100111111111
111111111111111011111111110111111111111111010111101111111111111111111011111111111111111110110111111111011111111111111111
111111111111101111101111111101110111111111011111011111111111111110111101101011111111111111111111111111111100110111111111
111111111111111111111111111101111111111111110111011111001011011110111110101000111111111111111001111111111111111111110111
111111111111111011111111111111111111111011111111111101111111011101111100110101111111111111111011101110111111011110111111
111111111011111111101101111110111111111111111111111111111111111111111110110111111101111111111111111111111111011111111111
111111111011110111111111111101111111110110111111111111111111111111011111111111011111111111111110011111101111111011111111
111101111111101111111111111111111111111111111111111111101111111111111101111111111111111111111111111111011111101111111001
011111011111110111111111111111110111011111111111111101111111111011101111011111111101110110111111111111111110101111101110
111111111111111111111111101111111111111111111101011111111111111111111111111011111101111111111111111111111111111110111111
111110111101110111111111111110111011111101111111011101111111111101111111111111110111111111111111111011111101111111011111
110111011111111111111101111111111110111111111111111111111111111111111111111111111111111111111111111110111110111111111111
010111111111011111111101111111011111111011111111111100011111011111111111111111111111111111111111111111111111111110111111
111111111111111111110111111011111111110101111111111111111101111111101111011111101110111111111111111111011111011111111011
010111111111111111011111101111111111111111111110111111111111101111111111110111111111111111101011111111111111111111011111
101111011111111111111111101101111111111111111111110111111111111111101111111011101111011111111111111111110111110011011011
111111111111111011110111111111111111110111111111110111111111100111000101011111101011110111111111111111111111111101111110
111011111111011111001101111111011111111111101110111100111111111111111111110111111110101111101111111111111111111111111110
011010110101111111111111111011110111101011111011111110111111111111111111111111111111111111011111111111101111111111111110
110111111111110101111101111111111111111111111101111111111111111111111111111111111101111111111111101111111111111111111111
101110111011111111011111111110111111111111111011111111111111111111111111111111101111111111111110111111001111111111111111
111111110111100111011110111111011111011111111111111011111111111111111111111111111111111010111111111111101110111011111111
111111111110111111111111011011111110111111011111111111111011111111111111101111111011101111111110111111011111110111110111
111101111111111111111111111111111110111111111111111111111111111111111111111111111110111111111111011111011101111111111101
111111110110110110101111111101111110111111111111111111101111111111111011111111101111111111111110111101111111011111110110
101110100110111101111111111111111111111111100111111111111111110111111111111111111111111111111111001111111111111111010111
111111111111111111111111111110101001101111111111111111111110101111111111111011111111111111111111110011100011111111111111
111101011111111111001111111110111111101111100011111111111111111011111111111111111101111111111111111111111111111111110111
111111111111111111111111111110110111111111111111111111111111101111111111111011111011111111111111111111111111111111111111
011111111111111011111111111111011111111111111010011111111111110101110111101111011111111111111111011110111111011111111101
011111111111111111101111111110111111111111111111111101111111111111111110011111111111111111111011111111110111111101100111
111101101111111010111011111110111111111111011101111111011110111100110111110111111011111111111101111111110111111111010111
111111100111111101111111101111011111110001111111111111101110111111111111111111111110111111111111111111110111111111111111
111111111111011111111111111110111111111111111111111101111110011111101111111111011011111011111101111111001110111101101101
101011111111111111010111011101111111110101111111111111010111111011110111111111111111111111011111111011111111111111111001
111111111111111111111010101011111101111111111111111111111111011111011011111111111110111111011111101111111111111111111111
101111011001101111111111111011111111110111111111111111111111110111111111111101111111111111110111111011111111111111111111
111011111111111111111111111111111111110111111111111111101111111111111011111110111111111111111111111111111110111111101111
111111111101111111111111111110111111111110111111111101111111111111111111111110111110111111111011111111111111111111111111
111111111111111111111111111111111011111111111111101111111111111110111110111111111101111110111111111111111111111101111111
100110111101001111111111111111111011011101111111011001111111111111111101101111111111111011111111101110111111101101111111
111111100111111111111111111111111111111111111111111111111111111111101011111111111111011111111111111101111111111111111111
111111111111111111011101111111111111011111111101011111111111111111111111101110111111111111111111011111111111111110111111
111111101011111111111111001000111111111111111011111110111011101110111110111111111101111011111111111101111111111111111111
111111111111011111111111011100111111111111111111101011111111111101111111111111111111111110111110110111011111111111101011
111111111111011111011111110110111111110111111111111111111101110111111111110111111111111111111111101110011111111111111111
111111111111111111111111111111111111101101110011111111111111111111111111111111111111110111111011111101101111011101101111
011111111111111110100111111101011111111111101111111111110110111111101111111101111111111011101111111110110111111111111111
101111101101110101111111011111111110111101111011111110111010111111111111111111111110011110111011111111111110111111111111
111111111101111111110101111010111111111111100111111011111111111111111111111111111111111101111101111111111111110111110111
110001011001101111011111111110111111111111111111110111111111111111111111111110111111111111111111011111111111111110111111
111110111111111111111111111111111111111111111111111101100111111111110101111110111111111111111111111111111111011111111111
111111111111111011111111111111101111111101110111011111110111111101100111110101111111111111111111111111111110111111101101
111111101111111111111111011111011111111110111110111011111111011101111011111111111111111111111010111111111111111100111011
111111011111111110111111111101011010110111111110111111011101111011111111111111101101110111111111011111111111111111111111
111110111111111111111010111110111011111111111111111111011111111101111111111101010101111111111110111111111011111111011111
111110111111110011101111011111111111111111111111111111111111111111111111111111111111101111110111111111111111111111011111
001101111110111111111111111101111101111111110111111111111111011011101101110111111111111111100111110101111011110111111011
111010111101111111111111101111011111111111110111111111110011111011111111110111111111111111111111110111111111111111111111
111111111111111111111101110111011111101111110111111100111011111111111111111111111111111111111111011110111111111111111011
111111111111111111111010111111101111111111111111111110110111111111111111111111011111110111111111111111011101111011111111
011110111100111111111111111101111011011111011110101111111111110011111111111111111111111110111111111111111111111011111111
111111111011010111111111111111111111111110111110111001111111010111111111110111110101111111111111111110111111110010111111
111111111111111111011111111111101111110011111101111111111011111111110011111111111111011110111111111111111111111101111011
110111110111111111111111111111101111011110011111111111111111111111111111111111111110111111111111011101011111111111111111
111111011111111111010111111110001111011001000111111011111111101110111110111111111111111111111111110111111111110011111111
101111111111111101111011101111010111110011111111111110101111111111111111111111111111101011111111111111111111111111101111
111111110110111111111111111111111111111111111100111111111110111111111111000111111011001011111111111111011011111111110111
111111110111111111111011111111111111111111101111111111111111110111110111001111001011111111111011111011111111111111111011
111111111111111111111111111111111111111111111110111111011111111111011111111111101101110111111111111111111111111111111101
111111111111111111111110111110101111111011111111111111111111101111111111101111111111111110111101111111111111111101111111
101100111111110111111111111111111101110110111011111111101111101111111111111111011111111101111011111111101111111111111111
111111101111011111111111111111111111111110111111101111111111111111111111110111111100111111111111111111111111111111111111
111111111111111111111101111111111111111111111111110111101111111111011111111111111111111111111111101111111111111011111111
308 299 308 159 140 156 72 74 