120
120
100101110110111111011101010111111100100011011111011110100110101111111000110100001100111111100000111001100111100110001000
010110011111111000100111111001010110010110111111001011010111010100110111101111010011101000101111101001100110100011101111
011100100000100001111011111111101100011000011110010110111110011011111001011111101010011101111101100110111101111011000101
101111100111100011011101010111110111110001111111010001010100101101111100011101111001100010001011101011111101110011010010
111001010101011101110000110101110101001011000011101100010011011100010001111111110101010111111011100111101111100110010001
100100111011011010110111111001011011100101110011111111100011100011110101111101010111010111011010010010011100110101011101
011100000100100101111010100001110101110111000011101011001010101011000101101111111111010100011011011111011100101110010001
111010111110010101111101000111111111000110111100011110101010101000001011111011001110111101101101000111001010110111100110
001100101101100011011000100100101110010111001000101111010111111001010111111010111000011011011101101001100101010101000111
110101101101100111100001101110110111110111010110100110001111110100100111011111001111110111100000110111111100011010101011
101011111111011001110011011101010011010111011001101101100111101101111110010111111100010111100011001111101011001000111110
010101110110111011110111101101011100101010110101011100000011110110110111001111001010001110110011111111110101101110011011
101111001011111010001010101010100100101010010111001101101111110110101101000111111100111010011110110100001101100111011011
111110110111000100110010111000111100011111100001011110101011010001101010111111110010110101001110001110001010111011110111
111011000001101101100000100011111010110101011100001011100100111011111100111110111101101100001001010101110100101110001011
010010111110111011110111111001011110111000001010000010111100110011111111001011110110110101010111011111101101111110101111
111111100001111010011000111111111010001101100101111101100110111011011110000101011010111010000011100110001111011010010100
110011011011101000001011111011101011111100001001000001010111101001000111110110110101110110001100000001110101011111001111
101000110011110111001111001100111111110001000101101111110111111011100001111111000101101111101101111111011111111110011111
010110111111100011101011010011101011100001110110111101011111111110100011101100111101111110110100000111100011101110110100
001110011110111000100011100000000111011010101011001111010010111110101011110011011011010111010011101111111101010111111001
001001010111101110101110011001011111011101111011010100110111100110110011000010110110111101111100111011111100110110000000
101101100011010011111011010011110101111011101101110100010110100011011111110101111110010111110111110110010110111001110110
101111100000001010011111000101011011111011110100111001101001010111110010101110011011101001111100001101101111110100001101
010000111111110101011001111011110101001011000101101001101011011010001000010001010011101001000100010010101111001111111001
100110001101000010000111111111111010110101111010111001001000011110101110101110101111010111001100111100110000110000011000
010111001010010100001001001011011111111110100011010011100111011101101011111011010111100010010011001100111101111010001110
110111110111110011100001111111101111111111010101101110000011111110001011100111111111001010111100011011011100001010110101
001111100101110101001100001111110000110011111010011100110011111111111111011001011001100101110100001100111101101011011110
011111110110111111001101000101110011101111110010111001100100011010001101010100110110111111011110000001011001010111101100
111100010111001110110111010011001101011010010111000001110110110111011111111000011111011111001011011011100001110110101111
011111011000111001101101110111011110111011110110100110010111000011110100001101111001111111010100010100111011111101101100
111011011111010011100000111111111000011010111010111001110011000111100111110110101111010111001000111110001111110000010111
101011011111111100111011111110010111111011000110011111010101111101110000111011011000001010010111111101011010010001101011
110100000011111101011111111110101101101111010001101010111111001111100001010001101110010111010011010111101100001000111100
001011111011001111111111111011100101111001111101111001001110011111001111001101101110000111010101111000001101110110111010
000110000100010110111011100111111001110111111001011100010000100010111001111110110101110010101100001011111011011101101011
111000101110011010110100000110100010111101000001011110100111000001100011001011111111011101101101010011011011100110011100
101001111001101010010111010011111110001111111010001011101100101001010001111110110111100011011110000100011101111101111010
011111100001011110110111101001100100111010011111111101111011010011110101111110110111010111111001101101101111010001100110
100110101011110010110111111100001100001111100011111000111111100110111101110000110100111011100111100010110001111101001010
111011011011110110000100111001110110010101010001110011110000001110110011111111101101100011111100110110110111111101101101
100000001010100111101001001010001010011111111111101101111100001100110101101111011101111111010011110101000110110100101100
000011100011110111110011111110110001011011111100111101000111010110110011110010110111110101111100100010110101010011011011
110011010011101011110010011011010110111111111000110011010011010101010010101101100110100100111111000011000111111111100001
101111001011011110101110111101101011011010111100001010011100000001100101110100111110000010001111100000111101111011111110
100110010111110100011100011110010010100111100010110101111111001011011010001001110001110010110000110010001010110111010111
010110011111110111101111011011000110111110011111111101110110000011001111001110101101101111110101000100110011101000100010
111110010010110101110001111101111010001101111110001011011111111101101010111110101001110000110101110110100111100111001001
011000110001111111111010110011101010011111100001110111001101000111010111111011111101000110111111101101001010101001011001
100000011101011101111001010110100111101100101111100101111011100011011111110011101110111101100001001100101010101100110111
001100011100001001110010100000101101101111111001101111101001010011111010101000011101001011110111111101000010111011111100
010101000101111100110011111100101110011010101111011100111010011110111111001101111001011001110110000000111001111100011001
100110101110101101000011010110001111111111010111011000010110110111001110001000111011101111100111100100011110101101011011
011101011100101010101011111011101011110010110011111011110110111111100010011110011000001111001111000010111110111111110110
101111010001111100001110011101110110110100000001010110101101111001111110100011100110111100111011111011011010011111111110
101011110111101111110110101011011000100010100111011010111110111100101001001100100111001111111111011100110111110111011110
011011111101111101011011101001110010110110011010010101110001111110011011101110111101001111110011100111000010100101011110
110111011100110001001001100011111101011100010010111001010011110111010101110110001111101110011000001101110100111011011101
001010000101101110011101111101010111110101101010001110110101111001101101010100011110000001111101110100100110101011111011
100100100101111001000010110000111010000100101010011011011110100100101110111001011111101111110001101001101011111111110010
101111011111000000011101100101111110101111111000111110100100001011000111101110000101111111011110101011111011100111101011
110111001001111111001000101111111101110000101100011011010001111000011111011100111111010101101111111010101111110110000111
101110101110101101011001011110111111101010011010001010010011110101101011010111011110110011010101011111001110101000111111
101111111110000101111101001100001111110011110110000111111100101100000110110001101111111101101100111111100011000111011011
011011100111111011110110101011000011100111101110000111011100111011100100100111111101010101011011011101101111011000111111
111011001101100111100010011110001111010010100110000010001110110011100000011111101011010110101100110110101001011111011101
000111001011111111001001101110111111101010101010110011001101001101101101011101010101011001101001110101101111101001100010
101010110011111011110110010110101011110110111111100111101111100101101111110111111010010111101001110111001111110111100001
101100010111010100001010111110001110101111001111111111111010011111111100010010001101001111011011111011101101000001111000
010101111111010110110011100000101111111110010111110101011111101010010001000111000111110000111100011001110010111111010001
011011110100101110011111010100101101110111001000010110110100011111000000111011110110010100011000111110110110010010001101
010011110001111110011111101101101010100010110101111110001001100101111100111011101110101111101000101010100011110101011010
001101110000111011001011110111100101010001001100111011010101110101001011101100011011011101110101000011111110011011011110
111000110011000101001010010001000011110101110110110011000001011011000101111010011111101010010110100011100001110101101010
101010011001111001111111000101010010010001111010010001010111110011010100101001011011111011111111101010011110111010001001
100110111110010111100101100101010110100001110000010010110101010101111111000100110100101111111111110000111100100111001000
110011001111010111100110011110011001111111111110111111101100011101011101011100001100010101111110111111101101001111100100
011111111000001011011111011110101110111111011011011000110111011110001000110100010011111110011011011001111111001101101001
110111010011101010111101100010101011101101001100010111111011111001100111111010000101010101110101101101101111011110011111
110110011010010001111010011000011011000001011010111011001001011100101111111101011110111001100110011101100001101011101011
010111010101001011100011111101001100100101001001111011110111110101101000011010010101101011010100101001111100101101110100
011100100001111111111000111011001011001110110100011111100011010110110111101000110110110111000111110101111110111111010110
101001111111100101101110101000111000001001011011110110111110111110010111100110010101110000111110001110101010011110000100
001110100111100011101110011111110010101110001010111001010100101110000011110001011010111111100010101110011010001011111111
111110000100101111110100101111101111111011100010001110110010011111110101010101111011111100111101001111101011111011011110
111110111101011010111101011011100111111111011101101101100011010011111000001110000001100001011100001111100111101011110011
110111001001000111111000111100011011111101101111100011100110110001111111000111111101001010001001101111110000110101111011
110011110100011111100011111110101111101011100101111010000010101110111110011010010000000110101101111101011111101100011011
011111000001111100111111110101111110111101111010111111111010110111001100011111101110100110110001001011101111000100010111
111001111111010011010110111101101111001010000001110111001111010111111110100100101111001001100011111011110110001100000011
111011101011111101100011010001110000101101110011100111100010111100010010010111011110000010111110100100011110110011111001
010001011011011000110100101111111100001101011111011101101011001101101110001100000011111110011100111001011100111100111101
110001100101000100101111010111101001011010111011111001100111011011111111010010011011111001111100001111010010111010110101
111111010010111011111101001000110000111100011010111111001101111101011100111111101111011111111001001100101001101101011111
111101110111010010001100110011100110111001010001011001010101111100110010000001111110111010101010111111111011100110110000
101011010100101110101101110111001101001100101101011111100111101001111111011010111111100101101111011101111100000111000100
010111111111011010001011111100000111110111011111000111110101100000111001111100100101111101100110101111111011100011111001
101100010111111011010111101011110111110010011000100101000001100010110101011111100110110001110101011011001100101110110010
111100010110011000000111111110001110000100011010001000101100100001011011000010111100110011001011011110110001010111011101
101111110110011101111110101111110010111001111101001111111101101110011110011001111000000110001100101100101111100101101011
011100000110101111101111011110101000011100111111001100100010010000100101001000011010010000110101101110100111100011010010
111101000110010000011111111011111111001100101101110001110101100010111111111101010001000111111110100100011100101110011100
110101101111100111110101000010011010101111001110110101111110010100011111111000010011110010110111101111111011011010100101
110101001011010111010011010111101110011010011011000101100011010001110010111001000011110011100100011011101111010011011111
011010111111101101000011011100101110111100111101101001010000100111100101110111111111110001110111011010011011011011111101
010010001100101001110101001110100101010111111001011101000101110010111010010001101010100010111101100110111110001100110111
011111110011110101001101100010111011001100110111011111011111010001100011100010011111011111110101011101001100111110111011
101100111010111110111101000001001111000011111011111101111000111111011101111011000111100011111111110111101001001101111111
001101101001000101111101101110101110001111011111010110101010100110110100010111010001111101101000001101011010100101001000
011010111101110111000110100001000110011101010101111100001100010010100101010010110101011101101011010101111001001110101010
100111110101111010010001110111110111010100010011000111010110011101101111011110111110011111110001011001101101111001001101
111011111101011111001110000011101011110111010111011111101111111101100101110010101011011010110010110100011111110000111001
111100101001011110100101011110101010110001000101101100101010010111010101011110110111001001111111100100111101110101010110
101010010011110111110101000111110111111011001111010001111001000111010110011110101010001111111111111111001101001000001010
011111011111111001110011010010011011001111010111111010010111101010110111101010101111011111111100011010000101011011001000
111011100111101100110111111010110010011111110111000010100011010101111011111111110100110110011000101111001111011110101000
100100101101100101010011101010111011111010101111001011000000011110001111000001011100100101111111001101010111001110000101
100011110111110111100111100011001010110011111111101111101111111001001110010111011110011001110011010000011000011111011111
010101101011110111111001011000101001110101101000001001000100100110101101011010001101101101011001111111001000101011010011
274 307 260 139 150 161 71 96 