120
120
111110111101111111111111011101100110111101011111101111111111111111111101111101101111111111011111111011111111111111111101
111111111110110011111101111011111011111111011111111111111111111111111111111111111111111111111111111111111101111111111111
111111111011111111111111111101101111111111100110110111111111111111111101111110110011111111110111111101111111111111111111
111110111111111111111111111111111111101011111111111111111111111111011111111111010111111111111111101111110011111110011111
110111111011111111111111111111110111111111011111111100111111110111111111110111101111111101111111001101111111111111111110
100110110011100101111111111101111111110111111111111111110111011111111111010110011111111111111110111111111111111110111011
111111110111011111111101111011111111111111111111111111111011111111111111110111011111110101011111101111111111111111111111
110111111110111111111111101111111111111111110110111111111111010110111001111111111111111100110010111111111111111111100111
111111111101101001111111111111111111011111111111111111111111111111111011111111111111111111111111111111101111111111111101
100111111111111001111011111111111111111111111111111111110111111111001010111111111101111111111111110111111111110110110101
111111110111111111111111110111111111101011111111111110011101111111111111111011111111111111111111111101111111110111101110
101111100111011011011111110100111111111111110111111111111111111111111101111111111101111111111111111111111101111110111110
011111111111111111111111111110111111111111111110101111111111111111011111111111111110111111111111111111111111111111111111
111111111111110111111111101111111111011111111111111111111101111111011011111110111111111111111111111111101011111111101111
111111111111111111111101111110111111101111111110111111111101111111101111111111111111110111111111111111111110101011110111
111111111111101111111011001111111111111111111111111011000010111101111111111111111111011111101111111111010111111111111111
111101111111111110111111111011111111111111111001111110111101111111111111011111111111110111111111111111111111111111111111
111001110111110011111011111111111111111111111111111111111101111110111111111111111111011111110110111111111111100001111101
111111111011111111111111111111111111101111111111111111111111111111111111111111111111111111111111111111111110110111111111
101110100111111111111111111111111111110111111111111111111111111111111101111111111111110111101111011111110111111111111110
111111111111111111111111111110111111111111110111110111101101011111111111111111011111111111111011111111111111101111111110
101111111111111101111010111111111111110111110111111111111111011111111111111111111111111111111110111111111110011111111111
110110111011111111111111110110101101111110111011110111111011111111111100111111011111111111111111111011011111101111111111
101110111111111111111011111011111111101110111111111111110011111110111011111111011011111011111111111010111111111111111101
011111111111111111111111011111111111111111111111111110101111111111111111111111110111111111011111111111111111111111110111
111111011111111111011111111111111111111110111011111011111111111111111111111101111101111011111111111011111111111111111110
101111111101111111111111111111111111111111111111111011011101111111111111111111111111111110111111110111101011111001101111
111111111101111110111111111111111111111111101011111111111111111001011111111100110111111111111111111111011111111111111111
111110111111101011111010111111011011101111111111111111111101111111011111111111111111111111111011111011101101111111111111
111111111111111111011111001110111111111111111111111111101110100111111111101111111101111011111111111011111110111111111111
101111110101111111111111111111111111111111111100111111110110111111111011101111111111111111111111111110111011111101111111
110111111111111111111111111111111010111111110111110111111110110111111111111011111011111111111111101111110111111111111111
111111111111110111111111110110111101011110011101111111111111111011110111111111111111111111111111111111111110111111101011
111111101111110011111111111011101111111011111111111111011111110101111111111111101111110111111111111111111111111101110101
111111101101111111111111111111111110011111111101111111111011111111111101111011101111111110111111111111111111111111011111
111110111111011111111111111111111111111111111111011111111111111111111111111111101011011111011111111111111111111111111111
111111111011111111110111111111111111101111111111011111111111111111111111111110111111111111111110111111111011111111111111
111011111111111011110111111101111111111111101111110011111101101111111111111111111111111111011111111111111111101011111111
111011111111101111111011111111111111101110101111111111111111111001011111111110111011111110111111111111111111111111111110
111111111111111111011111111111111111111111111100111101111111110011110111111111111111111111111011111111011101011111111111
101110111111101111111111011111111011111110111111111111111011111000111111111111110111111111111111111101011111111111111111
111101111111111111111111111111111101110101111111111111011111111111111111110111111101111111111110111101111111111111110111
111110111111111011111111111111011111111111111111111101011111111111111111111111111111111111010101111111101111111111111111
110111101111111111110111111101111111100101111111111011111111111111111111111111111111111011111111100101011111101111111111
111111111111111111111111111101111111111011111111111111110110111111111111111110111111111111111111111111011111111111111111
111011111111111011111111111110111111111101111111111111111011111111111111111111110111111111100110111111111011101111111111
111111111111000111111011101011111011110101111111011111110111111111110011110111011111111111111111111111111111111111011111
111111111111110111011111111111111111111111111111111111001111111001111111101011110111111111111111111111111111101111111111
101111111111101111111111111111111111111111111110111101111111111011111111111111111111111111101111110110011010111111111101
111111111111111001111111111111111111111111111111100111110111111111111111101011111111111111111111111111011011111011111111
111111111111110111111111011111011111111111111111111111011110111111111111100111111111101011111101111100111111111111111011
111111110111110111111111010111111111111111011110111111111101110111111111110110111111111111111101011110110111111111111111
111111011110111111110111111111111110111111111110111111001011111101101111011101111111111111111111111111110111111111111110
101111111111011111111111110111011111111110111111110011111011111010111110111111111011111101101111011111111111111111011011
101111111111111111111011111111111111111111111111111111111111111111111111111111111010111111111101111111111101110111010111
111111111101110111111110011111111111111011110111111110111101110110111111111111111101111101111111111111111111101101111110
111111111111111111111101111111011111100111110011111111111111111101111111110111111111111111010111111111111111101110101111
111111110111111111111111110111101111111111111111111011111011100111111111110111111011111111111011111111111111111111111010
111111111111111111111110111101111111111111111111111111111101110111111111111111111111111111101111111111111111111111011111
111011111011111111111111011010111111111111111101011111111011111111111111110111100111111111101101111111111101111111111110
101111111111111111101100101111101111111111111101111011111101111111111110111111011111111111111111111111111111110111111111
111101111011111110111111111101111111110110111111111101111111111111101111111111011111111111111111111011011111111111110111
101111111010110111111111111110111011111111101011111111111111110111011101011001111111111111101111110111111111111111111111
111011111111111111011110111111111111111111101111111101111111011111111111111010011011111111111101110111110101111111111111
111101111111111111111111111111011111111111111111111110111111111111111111111101111101111111111111111111011111111110101111
111111111111011111110111111101111111111111011111111111111111111111110110111111110111111111111111111111111101100011111110
101111111111111101111111111111011011111011111111101110101111111101111111011011111111111011111111111011111111111111111111
111110010111111111101111111111110111111111111111111101110111011111110111111111111101111111111111101111111111111111111111
111111110111111011110111111111111111101111111011111101011111111111111111111111111111111111111110111111101111001110111111
111111011111110111111111111011111111111101111111111111110110111111111111111111101111111111111111111111111011111011111111
111110111111011111101111111111111111110111111111111111110111111111110111111110111111111111111111111111111101111111110101
111111110111111111111111111111111111111111111111111100111111010110111001111111111111111111110111111100111011111011111111
111111111111111110111111111111111111111111111110111111111101111111111111111111111010111111111111111111011111101111111111
111001111111111111111111111111111111110111111111111011111011111111111011111111111111111011011110111111111110111111111111
111111111111110011111111111111111111111111011101111111011111111101111110111111110101111111111111111111101111111111111111
111111111100111111111101111101111111111111111010111111111111011111111110110111110110111011111111111111111111111011111111
111111111011011101111111111111101010111111110110111111111111110111111111101111111110111011111111111111111101111111111111
111110111110111111111111111111111111111111111111110110111111111011111111111111111111111111111111111111111111111111111011
111010111111111111111111111111111111111111111110101111111111111111111011100111111111100011111101111111111111111111111111
100111111111011011111111110111111101000110011111111111111111111111111111111110111111111111001111111111111011111111111111
111111111101111111111111111010111111101111111011110111111111111111111111111101111111111101111110111111111111111111011111
111111010111111111111101111111011111111110111011111111111111110111010101111111011101110111101111111111110110111111101111
111110101111111111111111001111111111111011111111111111111111111111011111111111111101111101111111111111100110111111111111
011011111101111111111011111101110111111110111111111110011011101101111110101111111111011110111101111011111111011111111111
111111111111010010111111111111111111010111111111111010111111011111010011111110011111111110001111110110111111101111111111
111111111111111011111111111110110111111111101111101111111111111011111111111111111111011111111111111111111110111111111111
111111111101111111111101111111111111111011111111110111111101111111111101111111111011011111111010111111111101111111111111
111111101111111111110110111111111110111110111111111011111011110111101101101111111111111111110111111111101101111111111110
111001101111111110111111111111111011111111111101111111111111111111011111111111111011111111111111111111110111111110111111
111111111101110111111111111111111111111111101111111111111111111011111111111111101111011110111111111111111111111011011101
111111011111111111111111111101111111111111111111111111111111111111111111111111111111111101111110110111111111111111110011
111111111111111111111111001001110111111011111010011111111101101101111111111111111111111111111011111111111111111101111111
010111111111111111111111111111111111111111111111111110111110111111111111111111111111111111111111111111111110111111111111
111111101111111111110111111110111101111111111111111011111111111111111101111111111111111111111111101110111101010111011111
111111111110101111111011110111111110101111101111111011111111111111111111111001111111111111111111110111111101111111111111
110111111111111111111111111101111111111111111111111111111010111111111111011101111111111011111111111111111111001101111111
010011101111111111111111101111010111111111101100111110010111111111111010111111110111111111111111111101111011110011111101
111111111111111111111111111011111111111111011101111111111111011011111111111111111110111111111101111110111001011111111111
111111110101111110111101111110111111011111111111011101111110111011110110011111110111111111111111111110111110111111111111
111111111111111110111111110111111111111111111111111111111111111101111011111111111111101011111110101111011110111111111111
111111111011111111111111111111111110111111110111110111111111111111111111111101111111111111010111111001101111111111111111
101111111111111111111111011111111011111111111111111111111111111111111111111111111111111110111111111011111101110111011111
100111111111111100111111111111111111101111011111011111011111111110111111111111110111101111111111111111011111111111111111
111011101111111110111111111111111101111111101111111111111111111011101111111101111111111101111110111111010111011111111101
101111111111111110101111111111111111111111111111101100111111011111111111111111111111101101111101111111111101111110111111
111111111111101111011111111111111111111111111011111111111111111110111111101111011111111111111110111101111111101111111101
111001101111111111111101111111111111111111110111011011110111011111111111111111111111111111111111111111111111011111111111
111111111111111111111111111111011111111111111111111110011011100111111111111111111111111111111111010111111101111111111111
111111001101111111101111111111111111111111111111111110111011111111101111111111111111111111111111010111111111111110111111
111111011111111111011111111111111101111111111011111111111011111111111111111111111111001101111111110111111101111101010101
111111111110111111111111101111010111111111111111111111111011111111101111111011111111111111111111111001111111100011111111
110111111111111000111111011101110111111111111111101111111011111111111111111111111110111111110111011111111011111111111110
101111111011111111101010111111111111111111111111101110111111111111101110111111111111111111111111011111111101111111111111
111110111011011111101111011101101111111111110111011011111111011111011010111111111101101111111111111111111111111111111110
111111110111111111111111101101101111111001111111111101111110110101111111111011111011111111111111111111111111111111111110
111111011111111111111011111111111110011101111111110101111011111111111111111111111011111111111111111111011110111111111111
111111110111111111111111111101111111111111111110011111111111111111111111111111111110111111111111111111111110111111110111
001111111111111111111111111111111111111111111111111001111111101111111111101101111111011101111110111111111111111111111111
111011111111111111110111111111101111111111111111111111010111111111011111111111111111101111111111011111101111111111111111
111111111110011111111101101111111111111011111111111111111101111111111111111111111111110111100011111111010111111111110111
525 508 475 237 256 257 118 110 