120
120
101111011101111011100111111010110110111101111001011101011001101011101010111111111101100111001101110011011011111001111101
111100110110011001011110011110010111110010011110111101110110010000111100011011111111000101111011110111011000111111110111
011111110111100111001111010011011111111001011101111101111010111111011111100111111111111111101011111111011101110111011111
011111001111110101011111111101001111110111111110101111001110011111110111101010111111111111001111111001101110101111111000
101111111110011110111110011111110111110111101011011010111111111011110011111111101110001011111100110101111111101010111111
111111001111101011111011011111111111110010111011111011100111110010100111011010101111111111110100101110001101011110001110
101111110101101111110000111111011111111111100010001110011011111011111101011111001000101101100101101111011000111010001011
101110110101100011111111110111011111111101111001101101111011011111111110110011110011111010101111011111011001101110011111
011111111010111100111101111011101101101011110010111101111100111111011111111101111111111010111111111111110111101101110111
111010111111110111101111111010111100111101011111010001111001011100111111101011011000111111010111110010111111011110111111
111101101111011101011101011011110111110110101110111010110111111111111101100101000111011111111111111011111011100110111111
101001111111110111111010111011110111011101011110110111010110110101111111110110011110110111100110101110111101001110111001
101110111011011111011100111101111111111011111001110011111101110010111111101111011000001001011011111101111111100011101111
110011111110111010100111111111111101011101111101111111110010100111011110011111001010111100101010011111111100110111011111
110101111111010110011011001110111111111001110101111111111111111011111110011101101010101011000101000111011101111111111011
100111101101101110111011101110011111010010111101110010111111101010001101010101111111111110111011010110101001011111111111
101110101011111011111111010100110111111110111110110101101111110111111010101111011101110110011011110001111011110111001011
111111001101010101111111111110101101011001101111111101101101001001010111110111111101101100101001111110110101111111011001
100010010010111111111101101001111110100000101011101111111010111010111011101101001000111110101101111101010001111111010110
110101111110111110110101101011111101111010100101101101100111111100010111111111111111111101110101101111111011110110101001
110011011110010111101111110111100111101011001010010101010101011111111110111101111011001111111111101011011011111010011000
011101010111111000111111111111110011111001111000111110101111101110101111001000011010011011101110101111111111111000110111
101011111001111111011011111111101111111010011111111011111101111001111111111110111101111110101111101001110111110011011101
011111100101111101111101011111001111011011110111100111010001100101001011111110111110101111011000101111011110100011111110
100110011110001111010111111111011111110111110111011111111001101001111111110100111101111100101110101111111001110010110111
110111100111111100111111111110011110110111101111111010110000111111001011011001000000001101010111011111011000111101111000
101111110101101111111101011110011111100101100010011011010011111111101011111011111011011011111101110011111010110110011101
011110111011111101010011111111010111111010001101101001110110111010011010100111000111111101010111111110111101110111111110
100111101100010111101111101010101111111011111001111110110011111101001100111100111100111111111111110100101111011110110101
111100110011111111110101110111101101011101111010000011110001011011111011111010101111110111011101101101111110100100111101
100101010110111110011011001010111110011011011011011111111101111100111111011001111110100110011001110001100111111111111101
011111011100101010011111000100110101001011100101111110110010111111100111101100010111110111110111001101110110111011001011
001101111111101101011110110111111111111111110010110001110101111111111101111101110100101111011111110110010111001101001101
010111101011100111111111111010101101111100111111111111100111001101011111110101111011101011111001101111001101011010111111
110111101111100111111100101111101111011111011011111100111111101111111110011011110001110101111101110110010001100111101110
111000110100111001101101101010101111100111101001011001111111001111110010101100101111111111111011101111101111011110101110
011111111001110011111110101111111101110000100110111100100010111111111001110001101111100011011110111001101111000101011011
110110101001011111000100001011111110111101111110111110010111101111110100101000000000101111111110110000000111011001101100
110111010111011111111101010101110111000111110101011101111110111111001110111110011111100011110101101010000111110101011001
000101110111010011111111111111011111010010010011101110111101111101001111101111011011101111111110110111101111010101101111
111010111100110111111101110111110111111000111110101110111111101011111111110101110111111110111111100110010111011111101111
101111101101111111111101111011110100111100101111111111001000111101111111011101111110110100110111010100011101111111111111
100101111110110010011110111011111101111101001111111001010111011111111110110011111111010001101111111011111001111111111111
010111111110011011001111111111110111111111111011011110011010111011101111100001011111111011000111011111000101111001110100
110111111010001111110011001111001001110111010111001101111111111111111011011000111011111111100011111110010101011101100111
101110111101011111110101011101101101110101011110101111110111011111111100111100010011101111011100111101100011110111101010
101111111111111101101111011010111011010111010011110111110111111010001000111011000111001111101001101001111100101101111111
100011101111111110111101001111110111111011000100111011010101011110111111100010001110110011110111111011010100111111011101
111111110011111111111101100110111011111001101101110101111111101101101011000110111011011111011101011101101000110101110001
101101110110011111111100111011111110110110111101111111111111111111111111110111111110011111111100010111111011101101111111
000001010000010001111101111101111111010100111110011100101001111111111111111110011101111011101011011111110111011111011110
011011101100101011110011001111111110111011001011100101011111000111011111111111011111011011111101100111001010010111011101
111010110101111111001111001111111101100111010110111111111011111101000111111010111001101111111110111110110001101010011111
100011101111101011001100010111111000011101011110100010111011111101110110110111110001110001001110100111111110111111011010
110011101100111110001011010111101111010111111110111011001111111111111110110101101011011011110101010111001110111110010111
011000011111011101011111000001101010101101110111111111101110111111110111101110111010111111110111101001100011110100001101
001011000110010110110111111111011011011101011000110111111011110111011101011111011011010111101111001011101111011100111101
111011111101110000111111100011001011001111111110111111111110100010110111011010011111001111110100011111111011011011101111
110110001101101011111111110101110011111111100110000110111001011110111111111111111011111111111011011110111111010101111111
011000111010111101101011111101101100111111111110110110000111111111111011111111011101111010110111111111110111110111010011
101011110111010111111100111101111011011111111101001111111011111101111111111000111110010101111101011111111101101010111010
111110011101111111110011010011001101110111111100110011111111100101001110110010111110111111111100111001111111110100101011
011110111101110111111110111111101111000111111010111101111110111111101010011111011101101110110010111110101011001001111110
011101111011111100111101100110011110111000011010111100011011101110011101011111110000111010111011110111110010011101011000
101111011111101111011111001111110111001011101111100101011110111011011011111000111101011111110101111111010111011111101100
101111100000100111011110101111111111111111111011101010111111110101111101110001111001111111100000101101110111111000110111
001001111101111100111100101101111110011001111101010011111111011101101111011011111100011111001101010010111101101111011111
111111101110001110101101111111011111001010100101101011111110101000010100011101100110110111111111011001110111111111111011
101111111111111011010111011011010110101111010010011101101101111110011011111111111111010111101110000111100101111101111001
000100101111110111011001111011100011010111011011101101110001111011111001011100100111000111011001101111010111111001111011
101110111100101111001101110111111111111111011111110101001110110110110011111111110110101111111011101111111011100011111111
011111110011011111111000111111111111111100111011101000111111001101100111111010111101011100011101111010011111110011011110
011111111111111110111101011111110110101111011111100000001111100010111111100111111101001000010010001100111011001011101101
110111101111111010101110111111110000101101111110111001111110111011111011111110010010111111110011100110011111011111001101
111101011110101110111111111111111010100111101011100101010111011110101010100111101011000111000100110100111001111111111101
011111110110111110011100111111110101001110110011111101111111001001110011001001111110110100011100111011111101101001101111
011110110101111010111011011011111000011111011110110110011101111011010101011111110101111111100111101111011110110110101011
010110111111110101110011001100110110111110110101111111011111110111011101110000101111111011001100100101110011111110100101
101011111101101111111111111111111111111001111110001111101011111011110101011110110110100111110111111010011101011111010110
011110001110011110111111111000110011111110111000101011101111111111100110011011111101110001110111110111111000110010111111
111100011111111110101010100100011101001110111111110110001110010110011111001011111111111011001111111110111111111000011111
111001101111111111011111110101111111111111000111010011100110110101011000101111101111001111111011011111011111111101101101
111111011101111111111011101010011101110111110111001100111111101011111010011111111101110001101111111111000101111011011010
111111100111101100110111101110111011111111111101111111101111100001111111110101011111011001111111101111111111010101111111
110011010011101101010111011011101110101101110111101011001111011110111110111111101111101111111110110101001011100101010011
101101110101111010101111111101010101111111001001110011011111101111111111110111111011111101101101011010011101111101101111
011011111111100100011011100100111111111100101111001001010111111111111011110100110101111001000111000001011000111111101100
101011011010111110111111101110011101011001110111001111110101000110110001110011101001111101011111100101111101111110010110
111001000111111011111010110110111101011011001111110010111011100100100101111101111111111101111111011111110101001101110111
111101011011111101111101011001000000010111011111111111001101000011111001110010100111011111011011111111111111011101110111
011111010111111100110111111100011101100111001011100111111111110011110001011101111101111110111111101111011111111101111010
111110111101011011011011101111011001111111101110111100111000111110111011111100110101011111110101111111111010110111111001
111101101111101100010110101101101110011110111110110010111101011011011011110110100111101100011101100111011111011111100111
111111011101101110111111101101101110001111111110011111011111110111111110111111010101110010000111111111111011100111011110
110110111011001111100111001111110111100111100011001111111111111111110111111011001110110001011011110111101110101011101011
111010110110011111111111111011011101101010111111101101111111111111001100111111101111101111111111011111111001111110011101
111011000011001111111011111111011111011111001011101100110101101100111111111111101101011001111010111011010000111011110101
111111110110111110111011110010111101111111011111101111111110110110011011101000101101011111100111111011111111000111001010
111100111011111110111111001111111011101111110111110110110111111111110111110000101101111100110110110110100100100010011011
111100010010111111101111000101101111101001110110011110101100100111111111111101110111111101101110111110100011111111100101
111111101101101111101011111111011111110010010110111111111110101101111110011110111011111001111110001110111110110111101101
110111101110011001001101111010100011110110111111011001110101011110010111111111101111111111101111011111101010110111111111
011101010101101111111000100101111110101100111101111101110110111101011111011011011011111111010100101011011111111101010000
111110110111111011111100000011111110101011101011010011111101101011101100001011111101111110111111110111011110010110110111
011110001111110111001011101110010010101111101111011111111111111111101100101011111111110101011101110011011011011111111100
111101111010100111011110110011010110110010111101111011111011101111011011100111111100110100001111111111110011110110111010
111010011011111110111110111110111110101011110111001011110111111111101111101111111110111011011011111111110111010000010110
111011011000111100111000001111111111111101010111010011111011101111111111111111111101101001111111111111111111011011111001
110011011110101011010111101111101011111011110111110111101011111010101110010011001001101101111011111111110111111011011010
101110110110011101101101111111001111011010101111011110110010001101010111101010000111010111011011111101111111101001100111
011111011011111101100010110011110011110011010011011100111101110011001101001111110011111111001101100010110001100110111110
111110011111001001110111000111111011111010111100110110111010011110100110000101011001111011111111111111111111100011111000
111111011100010101101101111110110101110011111110101111111110100111110101000011111110011011111000111111110000101111010111
110011101110111010111110101101101100110111000011011111110101001101011000111001110111110111101111110111110111111110011110
111000111101010010101101110010110101010111001011110011111111010111111110111100111011100111010101111011011011111111111110
011011100001110111011010001110101111010111101000111010001111111100101001100001101101110111011111101011111110001111011111
011011010010011110111111100100111100011111110101100010011101100101011110100110111110111011100101010101011001101111111110
001011111111111110111101010110111001011000111100111101101100111101111100110111111011101010111111010111110001111010111001
011010111001011011101001110111100000001111010111101111111111111011100101111110111111111111101010110111110101011101011111
000101011111110001110011001111011110111011111101111101100001011100011011010100111010001110111011110011110111111111001111
425 382 390 204 199 221 131 91 