120
120
011100000001101001111111011011011000011110110011110101111100100100111111010110100100101011101100011111100011010011111101
000001111001111101110111110000010011110100110111101111001101111010100001100101010100101010100011110111011010100111010110
111111001101011010110110100111110111111110110011001000100101111111111100000000011101001111110011100110110001101001101110
000111011110101111100000011111011011111010010111100001110110101101000111001110100011110001111100011011001000000101101110
111000110111111101110100111010011111011101111101111111111101101100010010001100000010010111110000110111111111111101010010
101111111001101110011011011000001111001010100001000010100101010111100101111011001011010101010010001000001010001011110101
111110000001100101100111001011110011100000010001111011110110111000000101110010100110011110111100010011001000010101101111
110110100111110111010111011100011101111010011110000101010011110111001111110111011011101100111111111001001010101000100001
000011111011110011001100110011101101000111111001100011100000011110110000101111011111111010001111100100011011011111011111
101010111110001101111001000010101110110001010011101111001001001010110100011000111110001111110101111111100110111001011010
111101100010111110101111111001111011101110111001011100100110011100110111000110001010011101100001101101011011110111101110
011111011101001110110111111101011000001110101100101100111001010111111001110001111010111010101010100111010100111010111110
011111100010001101010111001100100001000101010001010010000110100100110110110111011011010011110001111111101000101111110110
101010100011111000011111110011011101000001111110000110110101111010010001011000000101111000010100011101111010111110010111
111101001011001111111100101011010010101010101111111010100011100001100011101101011001001010100111011100001110101101011111
001101101001111110110011010011100010000011011111011111010110111101010010010110001011111111011010101101110001011000100100
110000011110011100101111011010111111111111110111111101111111010010101010011110011101110111001100111111110101110011100011
100101101000011110001110011000000111101111101100110010111111100111110111001110011111111100111110110101110111011101110001
111011111110011001110010110011110100011000001001111111111101111001001111111100000000101101000111010011101101110111010001
001010100100100110110111001010110111111111000001011101011111110001111101100011111000001100111100011111101000111011011100
001101110100110111101010000010111101111110110111001010110110100100011111101111101110110010100011101001111110101001110001
001110101101100111001011111110111101101111111100110111100111010001001111110101111111000000111010111101111000110111011110
111111101011111111011100000110010101100101001111110111100011110011100101111100001110010001010111100101101000100110100010
011111001010011010100000001011110100011000011111111011110111101000111000111000011111101110111011011111011101110011010110
010100100000011111000111011111000011100010000011101111001100111100101111100000111111000111110111101011011101111111111111
101010011010111111011011111111000001111110010111101010111100110111011000101011110000000100110011111111110001100111100110
100011001110011110101111000110000101001110100101011010111100111000110110111111011100101110101110010101000011101111100001
110011011011011110000100010111101001111000100011110101110011100001000000101101111101001101101100101111010110110111011111
101011001010001101010010000001010111001110100101000111100001011111110110010111001101101000011111110011011111101111010001
010100011110100111110011101000011010111111010000111111011100011110101110010111100001111100010010111100001011101110001100
101111111101111101110001111101011110001111101000001111101100101110110011011101110011000011100110101001011101111110001111
110000110110001000111101101001010011010001001100110001100011010000111111100101010100010010110101101100111101111011011100
000011011101010001100011001100000100100001010100111111001010010110101011111011001111111010011011110111101000101111110100
000111011100001100000111111001010101010111011010001111100000111010011110110111110010111011010101000011000101110101111000
110000100011000110110110011111111010010110111000100010110111011100101011111011111010000101111111010111111100001111100110
111111101111111001101011100111010110101011111111100010111111010101011011110111111010001011110011110011000011000101001111
110000110011111111100011001111011010110000111110100110110000111111010101101011111011101011011101100001011001111111110111
011101100101010010101001111101011110011110000101101000110011101001001110111111010101111011111010101010110111011011111101
111011100111011000011101100110011111011101101111100011100011011110001111000010010111011110100111111010011111110101101010
011001111101111011101010101111000110110111100011111100111111100011110111100101011100110001001001001100111101110011011101
110000100101110001111010001111010011111101101000011101110110111001111111011001000101111011111111000110111011010101111111
010011001010111110111111111100111011001011111110010010101011111100011001010011001100110010010001100011001110111110101101
010111110011011111111111110000110101100000100001100010101011110010111101111000101111110110101101101010110101101101000011
001010101101010010000011011010010111110101110011101111000000111110010110000001101010100000101001001111001110100010010110
101101000111100111100010111001110111110110111101101110111101101000011110011110110111011111001110000101101101011111101111
111111110010100111000110011011011110100111101011011110000010111001110100010001011111101010110111111111110111111010001011
111101101110001100111100111111011110111010010101001110101010101110011011010001010011011010001110100010010111100110111010
001000111000011101000111111111111111110010010110001101001100100101101111001000001000110110101100011111111111011011111110
001110011101111010011101111011111111111011100111101100101011110100101010101011010110100011001011111000001111110001110111
010100101100110000111111011010000111011111101110101100101001101010011111001111010111001101010001010111001101110110011101
101110101101110010001100110000110110001111010111110000001101011101000000101011011111111101101011111110010100001110001000
011001111111111000110100001110010111101100101100100000100011101000001011100110111001110101001010100111000010110010011011
111110110010001101001011111101111101000111011010110111111001001010100100110001001100110110101010111110110110101101111110
110001100111001011011100011001010010101111111001111100110010111001000001111111111110110101100110101110111011011011010011
101001111101001111110001001110111101011110101101001001100111000010111111011010111010001011011000110110101101000001111011
010010111010001111111111110001111000101110110010100101101010111000101011111101100111100110100011110100111000111100101111
100100110101011011111100001111011001011100111011111101111010111111100001010010111110010101011110100001111001110101011011
000001000111011011110011011001010011010010101010100101100111111101001010111101001100101101111101111001000111111000010011
111110000110101110110011110110111101011111010110110101110010000110111111110010010010010110101010111111010111011101000100
011111010001111100101111011111110110111001001011111101111010110111010011101100111111110010111111111111110110011111111101
100000000011100011101011001011011111110111011110000110110001001001100110001110111011000011011101111101010101110110010101
111011111110100110010101110001101111111000011111001111010111011111010101111001110000010111001001111011100011001110111101
011111011001001011010101010011100101101110101110111111111001001110110011111010111000100010001101111101101101011101001100
010111000100111101101111001101011100101111101101111010101100100111100100000000101110011001011010010100111100101001111111
001100111101000011010010100001001100110001010111110101100111110110100111011111010110110110111001110110011101111000100111
010110100111010111010101110011101101011100110011010110000010011110110011110000100010110101010110101111100111010100001101
101110001010010100011111011111010111000111011011101111011001111110110110001110010111101110001101001110100110011111111000
101111011110111011111010111101010101001110001111111101111110100100100111001111111011101100010111001110101101111111111101
101010101110100111001001111110111010000111010110011110111100111101001000110011111111111011101100111101101010100001000101
001101101011101000101010111111010100101000110101100011111111101110001011110110111101001011110010010011100010011001011010
101101001100111111011001100100110001111111101110111100101101110001000010111001110100011111111110001011110011011111100110
111110011101101101111110000011101101100011001101011001111101000101100111101011111111111010100100100111101111111101010111
111111111001111111100010001000111011101111111111100000111001000111011011011001110100011100001101010010111010111001100001
001111011101100100101100101001110010100111011111111001100110111111101101011101011111001111111011010110010010011101111101
101111110101111001111111000011000010111100110101000111100101011111010101010011111110000011011011101101010000101011111001
101101101100100110011101101001111111100101110011101111010111101010111111111000101101011101100111101010111101110000011000
110011100111111001011001110001010011101110011101110010101111010110011111101101011011111101000101100011001011100100011101
011111111110110111100000010111010011100100111110111001010001111111011111100110011111011011111010011000100101111111110001
111011011111000110001010001101110101110000100000011010011110100011111111001100111111101111111101101011010100010101110001
111101010011010101000011101101011111000011011110111011111001101111011011010101101111000101110010110110011101100001110000
111101101010011011110101011011011010011101100001111010101101111011011011010000111011110010010001111110001110111010011000
001101010000010111101111000111001111000101111100110011111101000111100111010111010010110011001101111010001101110010011111
100111000100111110100010111010101011101011100001010111111101111111010101010110000111100011101111001001111100110111011010
111111101101000111111100101111100011111101111100101011011110001011011111010011001000110011010111110111100100010111101000
011111110110000011101011110101100011110110100110111011011111010111000001111110010100010100010011101101001001111111100111
110011001101001111111000000111011101110000000101111000000101101110000001100100110111011000110000111111111101011000101011
000001110101110010001010111100010100011110100001010111010010111110110111111101101100001111100101001011000111111100010001
011011001010101100100101110000101101100111110111111001010110000011010111001101100110001101010100111101000101010010000010
101011110101100011111110011110110101111101010010101001111100110011111011110011001001010000110101011100010001111011100001
011101111000111011111111010111110110111101010110101111011110111101101010110110110101110001010011111100110101101011110111
100111111101110000111111101010011011011101110111001111111010111100101001001000010110111110000101011111101101111011101100
111110011101111001111011100011111111101010011111100101110111001111011001101010111110111110111001011100001111111011111001
011000101011110111110111110111111110101101011110111111110001111010011111010110110010101111101000011101110011011100111011
011110010110111011101010011011111000100000111011101011000101101111001110110111111100011111110111111000111101011001011111
111001010111101101100011001011110110010011011000100110010010101011010010111111101010000001111110011100101011010101101011
111101110011010111100111100100110010101101000110100101010011111011000111111010110000110111111011110111011011001000010101
001011111100101101011111011000100011111011010101110011110001010111110011100110001110101000011111010111111000010101010110
100100100001110001011010101101110010111011111011101101110010100110011101100001001001110000100101111000110011011110101110
101000110100101011111010101111001111111111100101110110100010111111110001111100111111111000010110101111111111011001011110
101100011000011000101111101110110011110011111011110110111011011101110101100011001110000101011101110101110111101011011111
111101001110110000010010011001111101101111100000100100111100111011011010101001010001010110011111010001111000110110001100
000000110011111101111000101110111110110010111100101111010100110100100011001101010111110101111101101110011001011001111110
111111101001001001110111101010111111111010101110001101011110101011001001110100011110111001111000101111100110111100010110
111111011100010100110101000011001011010111011001111111010011011101111111011101101011100011010111000001101110101001100000
001100011010111001011001110000101011011001101101011111000111001010110011111011011101110010101011010000000010110111011100
111111011010000001101011011111101111111011101010001101011010101011001110101011110000001100110111110011100111010011101111
111110011111001111101111110100000100100111010111000011110100011011000111001110011100101110011111010110001111101011011110
001100101111010111110011101010100111001110010100011000000111111001010101111011101111110100111111101011111111111110111101
010100111011100011100000101011001110100011110000010100100110101011111101110100000101101111101001011111110100110011101011
101110011111011111011110101101010111001010010010110010110101101101100011001010110101110001111000000110010111011000111010
010111110100101000101100001000111011100110111011100111111111101111111111111010110101100011011100111101111111110010110111
111101001011100010101001110010101111110110110001011110000111111111010011001101111001001101010110111111010110100110000101
110011001101110011101111000011111111100100111101011110111111000000111110110101011101111110110010110100000101101011010101
111110100001001001110011110110110000101111100111101101010110010101110001101111011101111100110001110110011011111111101110
011100011101101100111101011000111011011111010000001111111110010111111111111001101111111011010011010001110110010001001001
111011100110111011111111010110100111001011011011011110110111110110011110010110111010011100011101111110011111111111111110
111011110110101001100011110110111000101011101101110111011100111010001101110010110111111011011110001111111011111100101010
101000110111010100111110011001011110110101101011111011010011011101111111100010110100101111001100010110111011010110111100
110110011100111111010010000100111110001010111111101100101011011110011101010001010111101001101111101001110110000000000101
011101111111010111001110101110110001011101011101111101100101011100111011101100011110001100011111011011101110000001111111
379 337 349 192 192 165 92 73 