120
120
000001011001111101111110000101011011001101111111010100011011011010111001101101100011011010110101001101101111001100000000
011100001010100011011111000111101000111000101100001110101101001100001011011010011101001100100001111111100010111011001001
111001001111011000000011111111000010000010000011011101010001011000010100011100111100000111111011110001110111100110000001
100111100100001000100010010101011100111000110001101101011011001111110001101010110011011000000010101000111000010001110101
110001000100111100001001000011001010010100111111110011100100110000101111100001111110111000011001111001000000111101010011
011000110010101110010111000111101100100100010101100100011110000101000111010101010110011110111011000000100111010011100001
100101111000100111011011100111000001111101010010101101000000011000100110001100000001000100000011000101101101110011111011
000101110111011100011011111010000000111000111011110001100011010010011110000101101111000111011001100010100011101010001111
000101110000011100010010111100111001001100011110001011000110011110000111001101111101001100111110000010001011011011011110
101000011110110110111010001010111001100101110101011011101010110001111111110001010101110111100100001001010111101000001110
110110010111100110000011111111111001110001101001010011010010000000111101010110000011011000110011111010110010000111011110
100111010000100110100100011110000100001110111011011100101100100001100000101111010000110101011101101100111010100101100100
001001001001101101010001001010110001111000110110011100100001111000100100010010000000111011001010000111111011001010011000
101100110101111011001010110001001100000101101100110000010111111000101010101111101011010101010000101100000011111110101100
110010111011101011010100000011001111101001110100111110110110110000100001010001010010100100000011011110100010101111001110
100111010101101101100111111001011010001100001001111100011001110110111001110111100100001101110100010010101010011111000010
101100001110000101010101010111000001110010010100100010001111101111110110111000100100110101001000110100100100011110011000
000110100101111101010011110011111111000001001010110100100010111001110110101000001010011110001111111000111010111101000101
011110110100100010010110011011100111100110010010100101101100001001010111110110101011000101011011100101110001010100111010
100010010011111011101010010111110100111010110101010110100101000011110110000111111001011001011101111100100110001111110111
000110111110010100100111011011111000110011101000010111010011000101010101101101111001100101001111010000011000001110000010
000001101101001011011010101011111110010001000000110100001110101011101000111101101101001100101111100001011110100101101110
110001111000000110101001000111001100110100111011100110100011010101000001010111111001100111011001010011101101011011010101
010011001101100100100001000001101000100110011101101100111100101011101000101000001011010011101011010101101101000010010111
011110010111000101001110011001100111010100011011110111010101000001010100000101100010001010011100111011001011001000000001
111011101010100101011001001111110100010101101011100110010101010110001110001011110111111001001101110011101101001100010110
110000111101011110010100001111001001111110110100101011000100101101110010111011011000101111011011101000000011000110101000
000101010110001001111010111100011001100110011010100100000010011111010001000001011000100111110101101111000010101000111100
011010011100011011110011011111011010011001110111001010010100000110101011011100010110011000000001101011000100000110001011
010111111011011110011001100011110010100011110011111100100110110010111101100010110100000101111111100010101111110110101111
111011010100100001110011001000001111111010101010110010101101111011110100011011001111010111110011011001000111011100101001
111100011111100100010000011101001101100100010111100110110100000100100100111101000111001100110100010110111100101000010011
111110100001001100111011110000011000011001001000011011011000111001000111110100101101101111110101000100101001100101011011
111101011000001110000010000110001001010011101001001110000110100001000000110100000111011001001100001111010111011100101110
000001010011001111110111000110101111101010011101010110011011100000111110010010011110101111110010010100100111101100111011
100111101101010010100001110010111000001111010111000011001100011101111110101100111100001100001100100000010010010000010011
001111111100010011000010111100000101000110101010000000001000011011110101100000000110110111110011100101101000010111001001
101001100000010010001001000101001100010000001001101010110111011111110000001011111100101110011110000100101111101001000110
111011011111101000000110010110001101101010010010010011110100101100000110001010101111101001101110110001001010010111101011
100001100101101101000011110010111011110000111000110011010111010110000101010011110000000111111110010101111011010000100011
100111000010100110001101000100110101011000100110101111011110001011110001110000100000111001000100100101101010100111001100
110000101101010001100100100001111010100011010111000100111011111101101010001000000100101011111001000010111100010011100101
001111011001110100010010011101000011100011000000011101000000100011011010110101101001001001101111111001111100110101111110
100111111111100010001100010110101110111101000000000010010000011000000110000110100010000010010110000000000100101111110101
101010101111100010101000011100110001100010001000010111011111100011100010010111000010101100000100001101111001111000100101
001101010110011101001110100100010111101100010110011111111101001001111010001001000001100011001010110011011100001100001001
011101000110010100011101101010010101010110101011111110110000011010001100001100000100011110101111010000001000001100011001
001010001110111010111001101010101111010000111111000100000000101100011111011010011011000001100100111110001011000100000100
000011101011110001011000100001010110110001000110000001001010111100000000110001001010010001010111101100110111111100001111
100111000001000101010100111001000010111110101101100110111010010110101000010100110100011101100010011110001111110011001101
110110001011010011000101000001010101010001001101111101001010010100001011001111011011011010000001110010010000011010100010
001101011001110010111101001110000111001110010110000011101101111100010010101110110101110101000000101010011101110100111011
001001000101010100111101100010110111110101011101011011000111011111101000001010100110100010000100100010000110010100010110
000000110011101010010011101000101001000110100101010100001001110011110000100000001111011001110011100111100100011010010010
010000010110100100111101101011100011011101001100010111101001001110101100110110111100110000000101111101010111001110100010
110110001100111000000011110111110101001101110010110011110111001000110111000000001100010101000111101001010101001111011110
001010000100100010001101111010101001101111100111111001100010001001011111110000111010010000110000110110011110001110110001
000010110011110011110001111001110111110001011001111111101011110100000111100011100011111100010011110110000101000001100111
100011111011110001001111001111001111010111110111110001010011001011111000110100001001100011011111001000100110011000110011
110111111111011001110001001001011100001011010110011010000011001110110011101011100111111000110000011101111100011110111111
001010011101101000111011101101001101100001100011001100111111001010101101011000011101110110110110111010000000110010001111
101101010000100110010000111000000010010010010000111010010101001010010101110111100000111100101100110111100010010001110011
010001000011000100011111101100000001101000010110000010101101101011110110101101100010010010010000110100100111110011110101
101011011111100111110111010011011100000011101111101001010001010110101010110110110101101101110000001000011010111100111110
011100111010101110010001010110000101000110010000111010101100000001000111110001001001000000010111101110010000001000101000
011001100111110100110011100100110010110100111110101001010010111100111110101100001001110111001011100011111011010111000000
010101000000110001110111110100010000110111100001101011010100000110010001101111000010100110010100010110001000001010111010
110000001101010100010101011111011011101101011101110011100111101010001000011010010101010100010011100111001110011011101101
110001101000001111000100111010110110110000000110100100010110010010101100101101100000011000101000000001010011011100111011
010111010101100000101000001100011000011010011001011101011011010001101100011111111010100100111000110110001100101010010111
010111110000000101111100010011111110000000011100100110000011000101111001111101100000000001010101000000110111011001101100
110101001101100100001110110001010100111100101011101011001111100111010001111010011001100011010010010111001101000100110100
100001001010110111010111010100110001101000000011101111000110101111101010101000110101010101100111001110110100011001100011
110000101110100001101001001001100011011100011010111100010010111000101000011111000110111101111001111111101101110110101010
110110001010010010110101100000100100110100111111101111101101000110011100100100001010111011111010001011010001110101000101
000001010111001111000111111011011110110001011111010010100101101010101000010110011000010001101000101101101110110000100000
010000001010000111000000011101100010001001011010100100011100011010001111110111100100000111110010101101101101000101101011
100111000011010010011010100000010111001110101010011100011010010100001100010011110001001101110101101111001011111100001110
101001100100101011111100010111110101101101001101000101000100111011100101000111010100010001110110010001101111011011011110
100111101100110001001000000111101110110101101011001101100000100000110001000010010010010111001110000000100010111000011000
011001001100101111100011111010111010001101110101101001101000010101100111100001100101100001111011011100011110111111101001
100011110110001100010011111110001000011100100000111001100101100010001101000001000001011011001110000001100011001011110101
111100110100110000100001100000101001000011111001001010010000000010010011010100011010010000010101000101101100111010100100
011000000001101011110101111010001000011000011111100000011001001111101101110101100101000111011010011001011000011111001101
101110101100100110010101110001001011010010000010100111000010011001011011011011011100110001000001000100110111110100000101
001010111001110101100100100010100011110011010110011111010101011100100011000001011100000110001110101110000001000001000000
100000110110101101100101110010010010110001010000101111001101101100011100100110011000101000011000111100011110011101010111
100001000000000110100111100001100110101001100100100101101000010011110001100000111111111101001110110111111101100000111010
011111010111001000010001011100010110011100100110100100101101011110100111111010100101011110011001110010011001000101101001
011000010111101110011000110011100010001000001101010110101001011111001011000010010100110101001001011000111111111010010100
100110100000100111110110101110100010101011100000101100101110110101011111101110001110010001101000111000101000001011101001
001010001100111101101000101001111001101011110101010110101110100100010111001110010000010000101000011001011011100111011100
011010001001110110010110100001001010101010101111100101000001110001111111110011111110010110000001001100111111010010000001
010100010011100100010100101110000011010001010000010000000100101000010101111000110010000000010001001110011100000101000010
110000001111010110000101101000001001111111111001100101110011011000010110001011101110111101001110010010111001101111110101
001001000101111001001001010110100011001001011111101111111100000000111110001010101011011101111001011000100101000100111011
101101001101001000111100111101100000110010011001110001000111111001111111110011110111001100101111111101010000000001110010
111000010010110111111011111111110111100100000111100101011111000101011101000001001001010001111111100001000101101110010011
010111100011010011100111101110001101110110101010110101101010110110110011011010100111011011000111011101100111101000100101
011100110011100001001111111010001010010101101011110101010000101000110010000110010111111101011011100010101100111010010001
111010110111101010101101001001011011101010100011010000000001001101000110100111000001101101001110111000110010010001101111
101011000001110101010011111111000111010011011000010000001001110000000011001100101000010100000100011100001111110101110110
011110110010011000100111001100110001001000011011001001010111101101110011100110110000001101010111101101110001101010000000
001001111101101101111111000100100000110101111101111100110101101001101000110101000001101111001111100001011010011000001000
111001001001011101110110111000100000100101001101100011111100001000111101001111000100000111011111010010011001101000010101
101000111010110000011001100101010110110101000111010011000111111110001010010100011001000010100100011100011000001111000111
000101010001010110000100011010011110101010110000101111010001010010101010010000111010011110101110010010010101001111101100
001000100110101000111101000100010000100100010110100101110101111100010101110010100011101010010001000111100011101000100100
001110000101100010100000000000111100110101100101001100001111000011111010100100101011110110101111001100101110001011010010
101100000110110101010000010111001111100000111011001010111001011001010100011110011000101111000110101001100110111010101110
011111111111111100001111101000101010010001111011000101110111100111001100000010101100001101001111110101101110000001011010
011100001001110000011100101000000010011011111000111101001110100010010111011011100010101011001110010011110001010101111001
101100111110001011111010110001000110011010111011100001100001000010110001001001101110111101101000010111000110100100110101
100000010100010101111010000011000100011001010100000000010100010001011011011000101101100110110001111010111101011111101010
110001101111110000011100000010001000100101110010000101011111110111111000111010110100000001001010011011111001000100100011
010011101001110101001101000101010000000100000000000011011001100000001010101111001011100001101110100010011000000010100011
001001001110110000110000110110111100111101101010011110101011010010110111011011000110101111111100000000000111100111101101
011011001111010000010100010100111011011110100010101000111000000000100000001100000010010000100101000000110101000010100110
000000111100111000101111000000010100011111001011010001100001010101001000100111011001011000011100100010111111011110001101
010101111111011000101111110101010101111111001010110001111010000001010000001111011000010111110010001110000010110101100011
157 150 126 56 61 52 32 33 