50
45
110101101110111010100011001001110111101110100
110011101101111010111100111010000010111110011
001100011011111011000111110010111111110101101
110100111001111100111111011111010001111111111
111110011101111111000001101111001111111110111
000101101001011100111100111001011011111011111
110111001111111110011101100110011011001100111
100100011111110011101001011011100110001111110
010111001110001101100100111111000110110111010
000011010101101110011011111110110101100111110
111100100101001111000111100101111010011001010
110111010100011010111011101111010101011101010
111010101111101010101010010011111011000001111
110011111001101110100110101011011111101000111
001001010110110001110000101011010011000000001
101000000100100101001000011111001010001100101
010111111110000010111011100000011101100101101
011010011110111101110001011101111111110100011
101000110101010011011111111110111000010100111
001110111111010001001101110111101101111111001
111011111110101111111111001111010110111111111
110111100110010110100011101100101001111000000
000011111011001100011111111101100100110011101
010011110011001110101011101000001101000110110
011011001101111000010110101001000011111110111
100111110101011010101111110101001110100011000
011110011110001111110110010011010111110001010
110010110101100111101001111001101101101100011
011100101111111110111010011011110011101111110
101111101000111110000101011100111100111101011
101010011001010101001011100010110101010010110
000101111011011100011101011011111101010001010
110000011011101101100111111111111110011011101
111001011001010111001001011101111101111101001
001101000110111111000101101010010000111011111
110000111100111011011101100111111100011011001
101001100010011101101010011000011001011101111
111011011110111001011110111011001010010000110
110110111101011101100100001011000110100111011
110000110001001101001100000100000101111110111
111111111011111110111110110101111010000000101
110010111011011100011111011110011001110111101
011110011001111010010011111011101011110000000
101001111101101110100111100001100100111001101
010110110101011100001101010000111101011110011
010011010001011101101111110110001010110010101
001110110010011110101000111101111010010111111
010101011011011100101110111111011111111010110
011011111101110111101110010011110011111110001
110011110011010010101111010101110110000010000
136 315 59 32 7 7 0 9 