50
45
000011110011110010001000011111110101011111000
111100011011101010110110101010001011101011110
111000011100001100111111101011101010011100111
101000000111110110110110001001011100100101011
011011111101000011110100111101110101111001001
101000011010010111110010110011111110110010110
101011101010010001111110001011101111110100101
111111101010101100110110111100111011100101100
111111010111011011110010111101110110010011111
001111100010001101011111101100011100111010111
111111101111100101111101010111101100001110111
110101000110101011001001100110110000101011011
100011011111101111111010101010101100001100101
110111111101111101011111011011011011100111001
100101111100100110110001001011000110110100100
111011111111111110111111101110111001100101111
100111111010111110010011111001111100010110110
110111101000001101010001101100111110010111011
000110111110010001010001110110110100011000100
111011110111111101011001001101100110011010111
001011100011001000100011001100110010100100001
010011111000001110010101001111110010100110101
110001101010110001011010100111011111110011111
110001111101010101001101000011010011011001001
111101110011111011010111100011000000110000111
111001111010001110011111100111001000010111010
110011101011011101111001111000001111000111000
110100011010110010100110111101001111010001000
001000111111011100110101111000100101000011000
100101011110011011111001010110011111010111111
111010001001100010001101100111011111001000101
001101100100110000011010011001010001101111010
110000101001111100101101010011101011111110011
000110110011011010111010001100011111110101101
101010011010110100111111111000101010111111011
101101011011100110011011011110100011110010011
011100011010101111011100011000010001010000110
011010001000111111101110001001001110110101111
001010010001110011011001101001110101101001010
110100101001101000101011111011110101001011110
111001100101011110111111100101110110011111111
001010111101001001001101101111101101000001101
110011110000101011111110010110001111110011011
101100001101110110001010111010101011110110010
111110000010000110011101001111111110011100011
101100111111011101011101111011010110101000001
010111101001001000100001011111010111001110111
001100111100001001011100101000001011100001000
101100111001001011111011011111001111111010110
111010010011101001011111011101110010111000101
56 160 24 11 13 8 0 6 