50
45
000111000011111010011110111010010000110111000
010101110000111000011011011010111011101010100
100100100001000000110101000100010001110000101
111110000001000111000110100001110100001100001
000110000010110000110110000110001011010001011
011000011011110100110001000100010001001010010
000110011101000010001101010010101000100000010
000000011100010111010110001000111101111001111
011100001110000010000000000011011000010001110
001001001101000101001000001001110011100110100
100011100000011011000001001000000010110100000
011000100000111110100001000110010000100101011
001101000101000100001000100010001100100000001
010100001000111101110111001001000010000000110
001110101001001100001001001001100001101011011
000000010110010101111100110000010010001011101
101100100010000100000001111100010100111000000
001010011100110001000101111100110101010001000
001010000011110110111111110100000001000110001
100100100100011011000000010101010000001100000
011000000010010101110011001110100000000001001
100100011111101110011010111001111000011101010
000010000100010100001011010100110001101010000
000010101010101111001001101101001100101011111
000110011010110001111100000010010001011000100
111000000011111010101010101011011011011111101
000000111100111110001100110001111000010110001
111010101011001111011000011001000001000010001
011001101011110100001101101011011110001101000
010101010110101010111111011110011101100000010
111110100000000010011111001100100111010101111
101110001011011010111100001001010000011101100
011001000000000000000110011001000001000110010
001001001011001010000110001100000110000011001
010111001100001000001010000100110001000110100
000000000010111010000010101010010101000001011
101000000010000000000000000011010010101010111
101100001000010110011110110000010000000100010
000100100001001000101010011010000010011100001
110110100001010011000111101011000000001011111
001110000001101100110110000100110100010001010
010100111101000110000110010100000100010101100
110100010000000111100100111000100001011111001
101001001011100101000100000110000001010010110
011100111000111001110101000100101000111000000
100010000100100001011010101001100001100110110
011000100000010001101001111111101010000100110
010011110001010000001000000100011000101100100
000011000010000010000011110110111000101000001
000001010000001001001101100000100010110011110
50 182 38 14 5 0 0 5 