50
45
100001100000010000000000001111110100000101001
110001100111011011010100000000100001000000001
010101000111101011100010000110010010011101000
001000111001111100100110101010101001100010010
000001000000100001000001010000001110110000001
001010101110001011100101000000010100000110111
100000000001110011100100101000001100011001001
010011000010111010011000110100100111011100001
100100010001101001001000010000000000000110000
010011000110000111001010010111011010011100100
111011101010000010101010001110000000110111000
000101000000000010110111011001000100110001001
000011101101011110010010000001100000000010011
101100011000001100110101101011100100101100000
000110001010010000000000000100101000110010110
111100010000100010000100110010001000101001011
000101111011001000010010100010001100010101011
001010100010000001110010111101100111001100110
000011000111101001001100110000001001000001010
000011100000110010001110101000011010100000010
100100001011100110001011001100010000100110001
000100001011100000000110111011010000000000000
110000010001011011000011101010011100010000001
100101001101010101000001001000000001110001110
010000011110000010000100011100001010010111101
010110000000000011000001110100010001000001010
100110111011110010111100010101001110010001111
001110011011000000110110100110001100101101001
011000001110010000010001010100010010100000111
000000011000000011010000001100011000011000011
000011000100010011100001011010010001011101100
100001001000110010001101011010110100000010110
010000110011110101100110101010010100000101100
001001010010000011100000110110010000011000110
110000010011000011101000000001001001110100101
000100111011011100010101100001110000000010100
000000111011000100010110100011000010000000100
001010000011010110010001011001100001010010111
000000001000001011010001010000000001000011010
111011100000010011010001011011010011010001101
000101100100010101111000000110000000010101100
000111011110010001000011001110001101000000000
110001100001001001100100000111011001001000001
011001010001100110000000001011000111011010010
000000111111010101110001110000010001011110000
100101111000001010000000001111000001100010000
000100011000000110000101100110001000100000101
000011110110001101001000000001001000000101001
111000001000111000110100101110001000001000011
001000011111011101010101010111010010011001101
56 117 23 12 5 0 0 0 