50
45
011111001110001000010110100111111110001011010
101000010100101011110111101111011111110111101
110111100011011110111100011101011110011111000
011100110001110000011100011111101111110101011
110101000110001111101001101010110111110101100
101010110011011101100101001011100110010011100
101010101011010011100111111001010010011010011
010101011100000000001111111111011110001110101
101101010010011001011010011101110101000110011
111111110100111110111110111101111011100011110
111010101101000000101101101101010001010000010
111111111100100010000010100111110110100011111
101011110011010011011100100111000100100101001
110001011010111011101111110011101100111011001
111110011011110000011000110010111011010011100
100001001011011100011111011110111111011111110
111101110010101010111010111110101111101101001
100011010100101111110110110000111001011111111
101011101000110100011111101111111001111101110
110001100011010110001101010101110111100111001
111100100110001110010011101111011001011110111
110110011100010111101101110001101110110101010
110111110110011001011111010101100111101100101
011011011011011110101010010111101111111111101
110101111111111111011111100111011101011010001
000111011100111001111101100001110110111000111
101011110010111000001110011101111111100110000
111000100111111111111111000010010011111011101
001001110100101111110000111011001111100000111
011111010111011011100001011111011001011110110
011000100111111001011101001011011010101000110
111010100011001011111111111111111101100100001
011101001110011010010110111011110101111010011
110000110100001111111011111110101101011011110
010111110011001010100111100111110100111000111
111101111111011101101111101001100101010001011
010110111000111011110110111110011101000111111
001111010111101101111111100101011100010111110
101001101111010000010011111111001110001010010
101001111110001011111011110110110000011000101
110001101100101101001011111010110111101110111
110000001110101110111011010111010011110100010
011111011111110011011010001100000111110000110
101010101101100010111111010111111101011000111
011100011011000010010100111111111111111111111
110010011000100101000000110111101000111011110
010011010111110111001110001010011011011001001
100101011011011111011110101110010111110111100
011101010111110111101011100111000011001110001
010001111001101100111111011100010100110000010
48 114 24 10 2 2 0 0 