50
45
111111111111111111110011011111001001101110111
111111101001110011011111111011111101111111111
111101111111111111101111111011111111111110111
101001101110111111111111111101111011111111111
101100101100100111111111111111111111110111011
111111111101111111111011111111111111100011111
101011010011111111101111111101101110101111010
111011111111111111111111110101111111010110111
111111111101100111111111111111110111011111111
111101111101011110111111100111111111110111111
111101111111110111111100111111101101110011110
110111111111100000101111111000111110011101011
111111101101100111110100111011111111111100111
011110011111111111111100011011111011101100101
010101101011100101010111111111111011111110011
011110111010010101111111010110111111111111001
101101111101011111110111010111110101111011111
110110111111110110111111110110011111111100110
001111111111011111110111111111111111111101110
111111111111111011011110011111101011101011111
111111111111111100101111110111011111111111111
111111001111100110100111111111101101110111111
111111111111011111111101111111101001111110111
011010111111110111110011001111111111110110110
111111111001111111111101111111111111110111110
111101111110111011111111101111111111111111111
101101111111111111011000111110111111110101011
111111111111111111111111110111101111101010111
101111111111100110010110011110110111111111101
011111111101101011111111111111111111111110010
111111111101111111100011111111101100010111010
111110111011111110010101111111011111111111101
111111111111111111110111111101111111111111011
111010110111111111111110111101100111100001011
111111100111101111110010111111111101011111110
111101111111001111100111011101111111111111111
110111110111110000111110111011111111111111111
111111101011011011111111111111111111110111101
111101110111011111111111011100111010101011010
010101111111110111111101011111111111111011111
101110101011111111111111111101111101011100111
111111011110111111111110111111000111111110001
111000111110011111001101010110111110111111111
111011110111111110011011111001111111111101111
111110111111011110111111111110011111111111111
101101011111111011111111110101111010111101011
011111111111111111110111111111110101111111111
011011111001101101111101110110010111110010001
111111111111111111101111111110010101101111111
110111111100111101111011001010111111110111111
54 157 26 13 6 2 0 1 