50
45
101100100000110000010111010010111000010100101
011001111011110000000100000111100000001001001
110000011110011001001000010001111011001101010
101010000000000000111110000001101100001010010
000000011000000101010100000010011100000001110
010001000010010110010111000011100100110000110
100100000011010000011000110000101110001101100
110100100110110010000001110010010000011000101
010010000100100001001100010110101010100100000
001101010111110000110100110010100100110110000
101010100000000000100100111111110101000101001
100011000010000110000100100100110001000101101
110001010110001111010101111010000000111010100
100100000100110100011011100110000000100100001
001010000110001101010101000100111001010101000
000110110000000010000000001001101100000110001
101001010010001110100010001101010011010100000
011100000000101001001010010011001000001110001
000110010000011010001000110110110110100001000
011011001110001100010101100010010010101100110
000111101100101000000011101101000111101000100
000011000011010101100111011010010000010100101
101100000001111100010010000101101010001100000
001001010001011100100100111100010011010101000
000100101000000010100000000101101001011000000
000000111001101000011011011001001001101000001
101100001001000111001100110110010001101101100
100100000001111010010000110101000101000000010
100100000001001000111111010010110001011000010
010001011100101010011111100001101100000110011
010010000101101111011000010011000100000100101
001110100000011000011011110000000001111110011
010000000011000001011101101000000011000001000
000111010101011010111110101011110000110100001
011001011100100111001101000010101001010101000
000001001110010111010101010101101000100001100
001011010010111001100000011000010100111010110
100010001010101000101101110000000000000010100
001001001000110101100101000010001010001111101
100101100101101000100011000011100111001011000
001110001011010000101011111111000100010100001
100101010000011011110010111001010100011000111
011000010011000000000000001001001000111110000
100110001101111000011000000000001111011010010
001011100111001101001100100000100000100100110
100001010000100010100000000001001100000000010
010100100101111110100001001010001101111001000
111001000001101010000000101010110000001110101
110010000100100101110100011010010111100100001
110010110100101101010010101011001010000111001
54 167 33 7 9 4 0 6 