50
45
111111010011110100010111111011100100111000110
011100000001011100100000011001110110101100111
111100111111100101111101111001000101101110001
011110101010000010011101110001001110100011001
111101111111010101011100110111010010000101011
001010001011011000110111111011100111111010110
111110111011110110011011110000011111100001010
010100000010110101000100011100101111101001101
001111111100000011011010111111000011011011100
100101110001110010101000100000111100111111101
111101111111111000001111100101011010001001000
000111001111010010011010111101111010111110110
011011000111100011110111001110100101011111101
101101111010111011011111111011110011010011011
001010011000101111111001100110111010111111101
111000111001111110011001100101011111000101011
100100000101100111111111011101001001111001011
101111000100000101101011101111111111000010110
101110101001111001101010011010100111100101100
001001011001101110100111110010000101000101100
010111011110110111110111001111010011101010110
011011000001101010010001100111111101111001011
011011011110101111111101010011101000000011101
111011001111110111011111010110100010001010101
011011110011000010000101111111010100101011101
110010001101111110001001010101011000110001101
011011110001111101001011001111000011100111111
110110110111011011011011111011010000010010001
110100001100010110110100111110100111110011111
111111101111010100011111110011011001011100000
101001000111101001101111111000101001101010000
110011011000000101011000111000101001101010010
011100100110110110010111101011111111101010011
111111111110100001101111101111000010110111111
101111011111000111101001110011110110111010011
001101100111001011101111101011111111101011111
100001010011111011001011111101001111100101111
101101100100110100101011111011010011110110101
101010111100101011110001011010001110011000100
000010110111010110011011001111010001100001101
000010000110000111101010111111011010100011110
100110110000101011010000100110110000111101101
100111010101100111001100011101010010111101110
100011101101011110111100011111011011111010110
000011000101110101111111000011101110101000011
010001010111101010111100111011111100111101111
101111111110010110100111111111101010101100110
101001110111001100000010011111111001011010001
000011110111111001111110100011111110111110010
001101011011110001101100010101101011100101010
40 109 19 12 5 0 0 1 