50
45
010111111111111110111111111111111110110111010
110110111111111011111111110101111111011010111
111101111111101111011101111111111111010101111
011101101111111011111001010111101100111111010
111101101111111111100011101111101111011011111
100111100111100111111110111111111111101010111
001110010111111101101011111110011111101011111
111110111100111110111111101111111100111101101
101110110111111111111111110111101111111111111
100111111110111111100011111111101111111011111
111011100111111011111101111110111111101111111
111111011111111011111011111101111111111111111
111111111111111011001110110111111010111111011
111101111111011110111111111001110101111101111
011111001111111010111111111111111111011011101
001001110111101111111011101101111101111111101
111000110111111101111111111111111010101111010
111110111011111111111101001110110111111111110
111110101011111111111111101111111111100111011
111111111111111000111110110001111110100011111
111110111101110101010111111111111101111011111
111111011100111100111110111111111011111110111
111110011111110111011111110111111111111111111
111111111110111101111101101111100111111111010
111111101111111001011111111111111111101111001
101011111111111001011111011111111001111111101
001111111111111110111110111110111111101111111
111101011011100111111111110110101111111011111
011111111110011101011110111101111100101101110
011011101111111111011011111111101100111110111
011011111111111011101110111111111111111111111
101111110111111111101110011101111011010011011
110111111111101010111110111110110101111110101
011011111111111101101101110110110111011101011
111101111101111111111111110111111111111111010
111111101111010111111111111111011111111011111
111111111011001010101111010111111011101111011
111101011111110111010101111101110110101111100
101010011011010011101110111110111110111111111
011111111011110111111011011110111111011111010
111111111110100111111111111011111101111101101
111111111111001011111101011101111110111111111
111111111110111111111110111111111011111111011
100101111111111011110011101011111111111111110
111101110011100101111111101110001001111111111
101010111111101111011110111111101100100111011
111111111111111110101111111111011111101111011
001101111100111111111101101111111000111111111
110101111111111011111111011100111101111110011
111111101001111111010110001101101111111101111
80 261 42 16 11 4 0 5 