50
45
010001001010001110110000010100000110110000010
000010001110010010110010011011000010011010011
000000000001000001101000001100110000110011111
100001001110001111000010110100110000010110010
000100010110100000000010110000000001000000111
011000010000011110000001000001110110101000101
000000000000011111010100010100110011011100000
001001001101000110010011000110011001111010100
001010100001110111000010011100110000000100001
001001101001100000001110110000010101101000011
001100011001001000011001000001010010110110100
010001000101101110110000110110110111001010000
000011111001001001010000010010111100101001011
010100000100111101100010100100010100010000100
011001000010101000011001101101101000001010000
110010110001011000100010001110000001010010111
100110001000101001001000101010000011100001010
000100001001101111110101110110000001110000001
001111001001100011110010011000000010110011110
010000000001000011000000010110101100000111100
000000000100111010110110001100001101001001011
110000111000011101101000001001001010000101101
000000000100011110001000111100000100011000001
100011000001011001010101100110100011001001000
111001110000110101010001001010000000000001101
011101000111010011100010110011001000001000001
010101011010001001011111000010010001011010111
011011100011101010110101101011001000110000001
000011000011000101110011100100100001011100000
010100100011000111010000000010001001100000011
000101011001010010010011001001101000000111101
011110001100001110010001110110001011100111100
011000100010110010111111010011000011101001010
000010000000001111000100011010000010010010101
001111010000010001000000111001001110110011000
110100100010000101010011010000110000001011100
111001001101010010100110100101001000000010000
101100111100101001000001010001000100101111100
011101010001000011101010000001111101000110010
011000001111000011000010110101010101100000000
101000000010001110011100010010000111110001110
001110001010000101001010010010111001101010001
101010100001011111100010000001011111110111101
001000010110111100101110011001010010000111100
100100010010010011010010000001000010011101100
010011001010101010101100011001010100111100001
110000001000110010101001111110011101000000010
100111100010001110011001011001001111010000111
010010100000101110000011010001100010000001000
110000001100110010001000001101000000110010010
64 181 29 20 4 4 0 0 