50
45
110101111101011111111111101110111111101101101
111001011111111101011111110111111110010111111
111111001111110100110101101011111111100011011
101111111111011101011111111111011101111111101
010001010011111111111111110101111100111111010
101111111011111011111111011101110111111001101
011011110101111011111101111110010111111111111
111111111111101111011111111011111111011001111
111011110111110100111011101111011110110100011
111100111100110111111011010111111111011101101
111101111001010110011111111111011111100111111
111011111111010110111111111011110110100110110
111001101011010111111111111111011111111110101
010110111111110111010111110001100101111111110
110011111011111011101111011110101101101011111
100011101111111011110111111111110101100111011
110011111111111010101011111100011111101101111
101101111111110111111011110111101101111110110
111111101011100111111111111011111100011111101
110111111110100111101111110111111101111111111
111011111101011011111101101101111111111111111
110111110011111011100111111111010111110101111
111011011111011111111110110011101111111101110
001101011110010110110111111111011111011111011
111101110011011111111111111111111111111111011
111011011111111111011111111101111100111000101
010111101111111101110101011101111111111110111
111111110111111111110110110111110111010001011
111111011111111011111110111111111111111101101
010111110011011111010111111111101111110111111
110101111110101111110001101111110111011111101
111110111011011010011111010110110101011110111
010111111110011111011000010111111011110001111
111111111111111111011011111111111101101111101
010011101111111001111111110111111111111011110
111111101100011111111111110110111110111111011
100110111101110111111101111111111111111011111
111101111111001101011111111101111111011111011
111110101111110111000111110111111101011111011
111111111111111011110111111010111111111110101
111111111110111111111110111111111111011001111
111111101111110111101111111111110111010100111
111111111011111111111100011011111111111110100
111111111111011111110110111110110011011111110
111101111101111111000100111011110011111111111
111111101110011111010111111110101111111101011
111111111111010111111111111110111101011111111
111111101110011111111011101110010011111110111
100110111100111101001001100111111111101111011
111111111111111111110111111111111101111111011
80 230 35 20 11 6 0 10 