50
45
010111111101111011111111111011110111011001001
011111101111110111011111111111110111101011111
111011001101111111011111111111110110111111111
111111111110111011100111110111011011111011111
110111111101111110001110111101111111010111011
111111111111001110110111110110110011111100011
111111011110111111111001010111111111011101111
111000011110111111111101101110111001111111011
101010101110110111110111111111111010011111010
111110111100011010110101011011111101111110111
111111111111111110011011111111111010101011100
111110111111111111101111011111111111111011111
110101111111001001000111110101011111111111110
011110101111101101111111111110111111111101010
111010110111100110111010111011011101111111111
011011111111111101101111111111111111111011111
111111010100110011111111110100010110111111111
011110101111010101101110111111111111111111110
111111100101001100011011110011011111111110011
010101111111101111111111100111111111111111111
101111110110111111111111111010101111111011111
111111100110111111111111011110111101010100111
110110111111101101011110101100111111011111111
010111010101111101101111110111111111010110101
110111000111011101111010101001111101111111011
111010111111111011111111111101111101111111101
111000110111011101111111111110111110011010111
001111011011111111111110111110011111110111001
111101010110100100000111111101101110110111111
100010101101111100110111111010001101111111000
011111111111111101111111111011111111011011111
111110111011111111111011111100101110011111101
111111001111111110101111111110111010111111111
011111101101111111011111111111111111111111111
011111110111111111110111110011111010101111010
111101101101111111111101101110011011011111111
110110010111110111111111110111011110111001011
101111111111111100111101111101111111110101111
111110101011101001011111111111111111011101111
110100011101111101111110111101001111110011111
111011111100111111110111111111111101110111111
011001111101001110011101111110111111110101011
111100111111111111111101111010111111011111111
111111110111011110111001110011100011111101111
111110111111111110101110111111101111111111110
111001111001011111101111111111101110101010101
001111010111111111110110111101010011110111000
010110101101010011111001101101101101101110001
111111101111111010101111101100111011001111100
111111111110111111111111111111101101101111111
121 323 57 34 8 7 0 10 