50
45
111011110111011111101111101111111111111101001
101111101101111111111111111111111100111111111
100111011111011110110100111111111111101111101
111111011011101111011111011111101111011111111
111011011111011111111111111111111110111001111
010111101101011001111111111101111011110011000
110011111110101101111111011011111011011110101
110111011111110101110110011111101101101010111
111111111101111011110111111111111111001011111
010111110110011111111011011101111011111111110
111101000111101101111111101111101111100111100
011101111111110101001111101011111111110111111
011111111011111101111011111110111111010101101
111110111111101111110111111101111011111100110
110101101111111111111101111111101111111011111
111110110111111110111111111100111101111111111
111100110001011111101001111101011011111101111
100111110111111111111001111111101011111101011
111011100111111110111101111101101110110111111
011010011111111000010111111111101111011111111
100110110111110111101011111101110111111111111
111111111101101111111111101001011110100111111
111111101101110110110111111111111111111011111
011000111011111111001011011011110101100111111
111111111111101111111111111011111001110111101
111101101111101101111111110101111111111111111
111101011100110111111111011011110111111101110
111111111111101011111101001111010111111111111
011111110111000111111010111111111010111011110
111111111111110011111011111010110110110110111
011111111111011111111011110101111111001111101
011111110111100111011111111111111111111111011
100111100111111111110010111101101111111111111
111110011111111111111111010101101101101110111
111100101101100000111110110101011111101011011
011111111111011111111101111111111111111111110
110110111110111011111001001111111111011101011
111111101110111111101111111001011111110011111
000110111011110111010111001111111111111101011
101111110111110101111110110111111111111111111
111110110111111101010111111111101011111110111
110011111110111101111111110111000111111111011
111011111110011100111101101111111111101111111
111101110101110111010110110011110111001111011
111011101011110111101101111010110101111010011
001111110111101111111111101111111111111111111
111111100110111010101111110111100111011010110
111111011010110111111011101111111011011101110
111111111111111111111111010111001101101111011
111111011111111111111001111110100010101101111
103 372 46 25 9 8 0 10 