50
45
001011011100001010111110111111010011110011111
111111100111010101011110111011010001111101100
011011111100011101101111101100111100100111100
101101110100010001000010011011110000001011111
110010111001001011001111001111101010111111000
001010110010011000111001000001011111010011110
100101111100111111111101011111111011100001100
000101100111011011111110110111101110101111011
100001110100011010010101100101101111001101111
001000010101011101101101000011110001111011011
011110110001101101011101001000011011001111000
001011101110100011111100010001000110101111011
101010110011011111110011011011011110010011100
011110010111111100111110101000101011111010000
111011110000101011110111111111100111101111111
000111011110110111001111101101011101000111101
111101101100011111001010110111110111100100111
111100100000111110011001000101111001001010110
110111111011011110101001111000010111111100011
000111111111000111011011110001011010011101011
110100011011000011111101111010110010111101011
001111110100010101110110111110001010110001010
001110011000010011001100011101101010101001111
110100110001000011000101011000000000111101111
011110011110111001111101001111011000111001010
110110011101110011110001111100000110100101110
001110101001011111011001101101100110000001001
111000100110110011111010101111111111110011010
110111110110110110101110011001000000000011111
000000000101001001100101110001111001111110101
101010110110101001100101000010011011011011110
100111100100111111110010001111000101100101001
110010111110000100010111000111001011011010101
110111011101111111001010010011111010010100001
010010101100101001100100001110111111110001001
001000110101010001010011101001100111001111010
101101011011111001101111111011110111110111001
000101110011011110000011111010100000001111110
101110010010111011100101110001101100011110001
101110001010100000110011110111000010100010010
110011101110100101111101111001011110111110011
101000110100101001010010110110011100111110110
111010001111100111001000100000111111111010001
111101011001001101111100100111111101111100011
100111111111010101010010110011110100011111011
101100101000011111110110101010110101010111101
111011001111001101111001110101111010111111111
011011111010111111101111011110111011101100001
111011111111001100111000011110011101010101011
100101110000111100110111010011011101100110100
55 191 26 16 5 2 0 6 