50
45
111111111111111111111111111111111111111111111
111111111111111111111111111111111111111111111
111111111111111111111111111111111111111111111
111111111111111111111111111111111111111111111
111111111111111111111111111111111111111111111
111111111111111111111111111111111111111111111
111111111111111111111111111111111111111111111
111111111111111111111111111111111111111111111
111111111111111111111111111111111111111111111
111111111111111111111111111111111111111111111
111111111111111111111111111111111111111111111
111111111111111111111111111111111111111111111
111111111111111111111111111111111111111111111
111111111111111111111111111111111111111111111
111111111111111111111111111111111111111111111
111111111111111111111111111111111111111111111
111111111111111111111111111111111111111111111
111111111111111111111111111111111111111111111
111111111111111111111111111111111111111111111
111111111111111111111111111111111111111111111
111111111111111111111111111111111111111111111
111111111111111111111111111111111111111111111
111111111111111111111111111111111111111111111
111111111111111111111111111111111111111111111
111111111111111111111111111111111111111111111
111111111111111111111111111111111111111111111
111111111111111111111111111111111111111111111
111111111111111111111111111111111111111111111
111111111111111111111111111111111111111111111
111111111111111111111111111111111111111111111
111111111111111111111111111111111111111111111
111111111111111111111111111111111111111111111
111111111111111111111111111111111111111111111
111111111111111111111111111111111111111111111
111111111111111111111111111111111111111111111
111111111111111111111111111111111111111111111
111111111111111111111111111111111111111111111
111111111111111111111111111111111111111111111
111111111111111111111111111111111111111111111
111111111111111111111111111111111111111111111
111111111111111111111111111111111111111111111
111111111111111111111111111111111111111111111
111111111111111111111111111111111111111111111
111111111111111111111111111111111111111111111
111111111111111111111111111111111111111111111
111111111111111111111111111111111111111111111
111111111111111111111111111111111111111111111
111111111111111111111111111111111111111111111
111111111111111111111111111111111111111111111
111111111111111111111111111111111111111111111
154 411 69 41 16 6 0 14 