50
45
000001000100110010100010000001001000011001000
000101100001110100100001000001001010001000000
010001000100000011000100010000000000000000001
001000000010000000000110010010010000001000010
000110001000000101000100001010000100000001001
000010001000010000011000001000101000000100011
000000000010010000100000000000100001010000010
001000010000010000000000000100100011000110000
001001010000001101000000010001000101000100011
000000100000000000001000000000101100000010000
110001000100101000000000000000110000000000001
000000000001000010000000101000011001000000000
110100000011001001000000100001000111000000000
010000000000000001100000000000101001100000000
010000000001000001000000000000100001100000011
000000000001001010000010000010100000011010000
110000000100000110011000000010001000000000000
000001100000000010000010001000000000000000000
010010000001001000010000101001000001100001000
110000000000001000101100001001000001000000100
000000010001100000000100100000000000000000000
000001001000000000101000000001000000100000000
001000000101001011010101100001011110001000001
010000000010001000111001010110101001000000010
000000001000001000110010010000100000000010001
100000001010000010100000000000000011001000100
010010010000000000000000010000001000100010000
010000000100000000100001001000000001001000100
001000000000001001100010001000100000000000000
000010010001100010000000000010000000000011100
100000000000000100000001011001001000000000000
000001000000000100010000000000000000000000000
000010000000000010000001100100101010000100011
000010000111100000100110000111000000100000010
000000010000000101000001000100000000000001000
000010100001000010000001001000000100000100010
000000000011110011000001001011000110000010100
100000000000001010010011000001010010000000000
000100000000000001010100110000000010110000111
101100000000100000010011000000000100000100000
000101000110000000101000010000101000001100010
000000010000000000000000001100100001000000001
001010000000000000100001000000100000000000100
001010001001000000010000000000110000000001000
000010100000101000001110100000000000010000000
010000100010000110001100000010000001000011100
000000000011001000001100000000100001001001001
000000100001100000000000001011010000110010000
000000000100110011011101000000001000001000001
000000001000000100000100100000000000000100110
29 84 6 4 0 0 0 0 