50
45
000010100100000000011000000000010000000111000
000000010000001100100100000101110001001000000
000000001000000100000100000000000000001010000
000010000001000000000011010100010000100000000
100000001000010101000010100100011001010000000
000100101010000000000001000000001100000111000
010001101000000111100010000000000000000000010
000000000000000000011001010001001000100100001
100000000000100001100000001100000100010100000
000000001100100000010000101000000000101001000
011000000001001100000100000000100000010000000
000000000000000001000100000000000000001000000
000000100000000100000010000001011001110000001
001000001100010000000000010000001100000010000
010001010000000010000000001000100101000000001
000000000001110001000000000001000000000110010
100100000000100000000000000000000000000000000
000001001000010000000000000110110001001000010
101001000000101010100100001000001000000000000
010000000000000000000010000000000100000001011
100001000001100000000101000100010001010101010
000010001011000000011000100100000100000001000
000100000010110010000100000100100010000000000
000001000011010000000111100010000001100010101
001000110000000000001010000010010100000101001
001000101010000001000000000000010000011001000
100001100000001000000001010000010010010100000
100010000000000000010000000010101100100010000
010000000000100001001100000000100000010000010
001000010000000000001010000100000000000000110
001000000000000010000001000000000001000000000
100000000000010000010000000000010000001000100
010000011000000001000000000000000011100000101
000100001101000000001000000001000001010000000
000000111000001000010010011010000011000000000
010010000000100000000000111101100000100001000
000000010101000100000000100000100000000000010
010001010100000010100100000000100001000011001
000000010010000001000000000000011010000010100
000100010100000000000000100001000000000001000
001000000000011001010000000101010000001000000
101100000000000000000000000000100001000100010
010000010110000000110000000011000100010100000
000000101010000000010010000010001000000000000
111101000001000010100010000010001000000000000
000010000100000000000011100110000000000000010
001010001000000000000000000110000000000110000
001010000000000000000001111000100100000110000
000000000000001000000000000000000000001000100
000000010010000000000000100010001000000001000
30 71 2 9 0 0 0 0 