50
45
101100010011000110101100011010100111100100110
110001110000001001100100110111110101010101000
101100100100001000000000100100101111100111001
110000010111100010101000000110110101101111000
110110010100010000101101001100010000000101001
001001100100000111001001111100101110000110010
000000101011111010001001111001001101101110000
010000001001101100000000100011001010010100100
001100111111001000000010000010100010011001100
110000110110101111000100001101110001000100110
110100011010010011000001011101010101101011010
010111000010001001000111111010000001011000110
001000011000111101111010000000010000110111111
001111000001010101100100101101000001000111000
110101101001000000110100011101010011000001110
010000000100000100010000101101111010011101001
100000000101001000110000101001001001101010011
010010000000100001110000101110011110000101000
101000010001100000011111001001100001010010011
100110110110000001110111000101000000000000000
100001000111000010011010110001101010101110110
010000010001101000000010110001111000010011001
010111111100100101010001010000111010000010000
001110110010000000110110000110101101110001000
011001100111000001100000011110100100000001011
000000000100011001000100001010011111001000100
011101001110011010001101101000110001011000000
110000110011000100010100110100111100010000000
000100010101001001000000010110000000101000010
100100001011111100000101010010011001010010001
110011100101101011001111011000000100000111010
010000011111000001111110100010001010100000000
000100000101011011100011100100110100100010001
010001010011111001101000000010100000000001011
001001101001010100001110000010001000010011001
000010011001101001110110001110000110001011000
100111011100100010110000111111100001001011011
000001000100000010000100001000000111000000011
001001000000001000110100000010100110000011001
100010000111001001011001101001100010100110101
110000000010000101111010000010101010010101101
101000000000101000001000010100000011111011000
000100000000101100000111111000000100110110110
110010100100000100010000011111000000110000010
110100000010001011011011110111001000011101101
101101010001001010000100100000110001000001000
100001100101010010100001011011000001110100110
100100100010001000000101111100010101001110001
001011110010000000011000010011100011100101100
101010100101101110101110110011101011010001011
40 84 9 4 3 1 0 0 