50
45
100111111101001010011111111010111111111111110
101111111110111111111111111111111111111101111
111111111111110110001111111110110111110111110
111111110111111111101111111111111110101011011
111111111010111111011001011111111101011011011
101111110100101111111111111111111100100111111
100011101111111101001111101111111111111100111
111011111101101011111111111001100110111111110
111111111110110010111110100111101111110111111
011111111111111010011111011101011111111001111
110111111011111101111101011110101111101110111
111110111011111011111111111111111111101111111
111101111101011100110010011111111111101011111
111111111100011111010111101001111111111011110
111001111111111111111110111011111111101111011
101111110110111111101111101111101111111111101
101111111111011111111101111110111111011111111
111110111111101111111011011111101111000101111
111111111110101101110110000011110111111111111
111101111111110011111111101111111111011111111
111011111101010110111101011110010111111101111
001101111111101001111001110101111110100101111
111111111110111110110101111011011111110011111
111011111110101010011111111111111111111101110
110001010111111111111111011111111001110111111
011111111111001010011111110111101001010111111
111111101011001111111011111111101111111111101
111100111111111111111001101111101111111111101
111101110110011111111110100101101111110110111
101111100111111111011011111001111111111111101
111111111101111111111111011111111110110111111
101111011111111111111110111110010010101110110
111111111000111111111101111111111110010111111
111111011110111111111111101111111101111111001
101011011010111101101110101111111101111011111
110111111001101111011001111111001010100110111
010111010111110111101111111111111111111101011
111110101111111111101111111011010110111111101
111111111100111111011110111111001111111111110
111100111001110010111111111110111111111011111
011011101000101001111101111111111111110111010
111011111110111111111110111011101001111011111
110111111110110101011011111110011111111111110
111010111111111111010001101110011011111101111
100011111111111111111011110110101111111011111
111011111111111011111111110111111011111111101
011111110111111110111111100011111111101101011
011111111010111111101101111100001111110111111
011011011111111100100011111101011110111100100
111101101111110100111111110111111111111101110
50 142 21 16 5 3 0 5 