50
45
101011111011011011111110111101100011000101110
101111111111011010110100100111000111101101011
101111011100011111111100101101010101010100011
101111011101111101001100111001111000110101001
111110101010001111110001100011111110110110001
111111100100101101111101110111011010010010100
111001111111111001111110000111000111101111111
100001111011111110011111110111110111101001111
100001110001011110001111110011111011110110111
111101111111010111101100011100110111111111110
111011111111111111011011101111011011011110101
000001011101010001011011001001100011011111110
111001101010100110010111110011100101010111111
111010010001111010110111011111010011110011111
101110001110010100100100101011110011010111000
110000111101000000011111111111011110111111001
000011001011011101011001011111011110100101011
000010101011010100011010001000100101011100111
111001111100101010001100111100011111011111100
101100001001111001111000100111110111001001000
000010000100001001101111101001011100111000111
111100111111101111011110100111000001111101110
010101011111111101110011001101001000011001111
111001111011110001011010000110011010010110100
010111111011101100100101100010011001001001011
100010111110101110101111110100111110001110010
101001001111111010000111110111100011111011011
011011100100110101111100010010111001010101001
011100100110011110011111011111101011111111110
010111111010110011111111110011111110101111100
010101001011111111110011110011100011111101000
001101111011100010001011101101101101011101011
111011111000111100100001011001010110111010011
011101110010001111111110110101111111111100010
000010111011111011111010110011101011101101101
011111110010101110011110101111010111111111001
111101111110101000011100110111110110001111101
101000100110001001110000001110111111011101110
100110001100010000110101010101110111110001011
011110011110000110111000011011010011001001111
101101011111111110001110010001110100101111100
001110001010100100011010011110011111100101110
001101101000100101111101001110100111111001001
110011111101110100100011100101011101101100001
000010110010110101011100110110110101011101100
111010111100111111101011101001101001001111011
001010011110100010010101100011101001011111111
000000101111111101001011011100101111111100111
000011110111000001100010101101101101010011110
001101011011011110010101000111101111101110101
66 177 35 20 7 0 0 6 