50
45
100001000000000000000000000000000011110000100
010000000100001000001100000000100000000101000
100010000000001000000000001000100000100010000
000000010000110110001000000000000010000011000
010000100000000000001000001000000000000001100
010000001010000000000001000100000000000001000
000100000010001000010000001001110000010001010
100100110000011100000000010000000100000000000
000001000100100000011001000000000010000001000
001000000100000000000100010000000110010100100
001000000000100000000100010000000110000111000
110000000001100000000000000000001100000010100
000001110000001000100010000010000000111010000
000000100000000000010000000100000100000110010
001001000000001010001010010010000000001000000
100011000000000100000000010000000100000010000
100001001000000000001000000001000100000010001
000100000100101100100010000011000001100101100
000010000000000100100000000000000000001000100
000010100001001000111001001011010100000000101
000000100010100100000001000000100001001010000
000010000010000101000100000000000010000000100
100100100000000000100100000001000010100000010
000000010000100110100110000001000100000000101
000011000000000100000100100000010000101010000
000001001100100000000001100000000000000000000
110101101000010000000001000011000000100000001
000000000000000000000001100110011100000000000
001000101110100000100000000000000100000000100
000000000000100000000000000110000000000001110
100000000000000100100000000000100000010000000
100100001000001000000000000000010100000000010
000000010011100000000010100011100000000100010
000010110000000000000000000101001000110001000
000000000011010000000010001000000000010001000
111000000100111001100100000110001010000000000
000000010000000000110010001010000001000000011
001000001000000010000101000110000100000000000
000000000100000110000000000001011010010000000
000000010100010000000000000000000110110000000
001101000110000000000001000000010000001000100
000000111001110000000010000001001000010000001
100000100000001001000010010000001000100000001
000000010000000000010001010000010000001100100
000110001000101000110001100001000001000001000
010000000000010000000010010010011000100000100
000000101000110010100010000010000100000000000
100000100000010010000000001000011000000000000
100000011000000000000010000011000010001011100
100011001000001001000010010100100000001001000
22 105 16 7 0 0 0 0 