130
130
1001110011111101100110011111000100111111100100011101101110000111101110111110000111101110111111110101110010111011011111101111100101
1110011100111101111110010011010101011110101110101110110011111100000110100100001111001110110100011101111111011000101111111011110100
1111010100110010100111111000111100100100110111010101111010001100111110001000101011001001000010111000110111000101101011010100110111
0110011000111011001010111111100110111111100110010111111110110100101011111001001111010011101100011111001111001011010101011101101100
0101011100010111010011111000010111100000111110101111101111101111010101011110010011110100100011011100111001001111100111100111111011
0010100111000101110010010010111110101111111110101001101011111010011001101110101110101111111101010111010101101100000000010110101010
0110101000111111101111110101110011111101100100001010110111000111111110111011010111001001110111101011010010001110010101011000111000
0010111101111110101111100111110111011101101001110000100101001111011010100011101111010011010111110010100000111000000101111011001111
0110110111011001101011100110001100100111111101111011011100111111000011100101111001011111011111011001111101110101111111001100111111
1001101100101011110110101101110000111101011000110000011100000111111010010111101000011111010011110111011011110011111111101101010100
1110111011011111110111010111110100101010011110111011110110110100101001000010111111010101111100011011110111001110101100001101110110
1110011101110101111010101111001000100111111000110001101010111101110010101110101101100101001110010000011001111100101110110011101111
1000011000000111001011011110000110001111001110011101101010111110000101001101111110101001001101011101101110101111110011111000100001
1111011010101011111101110010101011001110111111001001011100111101100010100010110100111110110000100001110101111001011001011010111100
1100111100110101001011101001111010111010010001100111110011110111110110100011111111110111011011111101101010100111110110011011000100
1000011011100111011111010101011011010110011011111011001100100111010000011111001010111010010100001110110001111000111100011011111000
1010111110010101011001111111110000011110100001100011100000110010111011001111101101111101111101100111101010110010001101101110110100
0000001110111001110100011100100101101001110001000100111011101001000100111111100101110111110100011100000101110010001110111001001100
0101110000110010010000001010010001011011011011110010001101110101001000000101011111011111111000111110001111010011010101011111001000
1101101011000110111111011110100110111011110111001111101110010011011111010111110100001010011001100111001101000001110001011001000101
1100010010011010011100101011100111011001101100001110111100000110100111111001110111100100111000001011111001110011001101010111000010
0100011011011110010111100001001110111010111111001111111110101110110101111111111110101001001010111111110010000000101101010100111001
1100111110111000001111101101111110100000101111101011101111100111111111111101010110111100000110010101100101001010110100101101110110
0110011100010111000110001111010110011110111011111001000110011001001001111111110011010110110101101101111101101111110010110110001010
0011001101100001111010111000111111010010000111101110100111100011011000100101110111111110011111110101111001000001101011011111010100
0011110110001110100111100101101111111111001101001001110111111110011010110110100011010111101001010111011000111001111111111111111111
0111110101111111111110001101100111010111011101010110011000011110110101111011101111101111011000111111110101010011111110011111011101
1110110011110001010100010011100011111011101101000011100010111101101110101111011001111010010100111110110111101010011101110011110001
1101101100000010001011011001111110101000100001100110010111000010110111011111111111101110110011011110100111100101111111010010110010
1001110001011011011111101010110111100001110111000000111111101001001001011010011100101111110110001101101101100111001000001001111010
1111011111100111100011011111101011011010110110111000011011110010010111010111010011010101001010110101101011011110111110111000100011
0111101011100111000000101011110011011111111011101101101001110100111111111001110111111101110111100010010111110010111110110000011100
1110100011001101101000100110111110100110010010110010011111111001001000110100011111111110011111110111001110110011010110010101100110
0111111110111110111001100111011100110001110110001110101001101011111100011100011011101110110100000111010111101001111101011101001101
0011110110011010101111011110011101101111101101001010100111000011001111010011111110010101011011110100110011111101100111111110111100
1100011011001100001100011111110011001010011001001111001001110110111011011011100110000100110110011101100100011111101100111111111010
1110111111010111011111111101010100101110010001000100011111011101111000111100100010111101101001111111010011110001101011101110110100
1101100011100011111010010010110101101000111011100001001000011111101110111001001110110101110011110111101011011011111111110111110100
1001001100111101111101001101111110101101111111101011101110001100011000111111110101101011101000011110100001011111110111110011111100
1101011001100011101000100111011000110000111010010101011111111111011010101000000011111011100111101101110011101101100111110110111111
1111000110111101011100111111111011001100111010110001110111111110111011111011101110011011100010110110100101010011111110010100110011
1011111111111101100111110110001001001011110111001101000100111111001111110101111110001111110111001010000111101101101110010010111111
1100100111111011101111010111101111110111001111111100111110110100011011000111111011110001010000111110000110011000111010010111011000
1001001100010100101101111111101101101100011111111011101111011111111001110100010010011011101011101000111110111010111100001110001001
0111011100100011110101001011010101011001110011000000111011111111000011110101101111011101011111011111101010101100110010110101110010
0001111100010110111011110011001010001100111010011101110101011011100010000101110101111001010111010011011011111100110001110110000111
1110010011111110101111001111110011011001011101011011101000111010101100011111111111110110111001111101001101000100011010010001000111
0000101111000111010111110101110011001111100101011010011101110110111010001111100010011011101000110011011101110111111010111101001110
1111001011101000000000001011001100111010111100011111100110101111100011101011010001100110001101001001000101111111101111000111111111
1001010101001110110100001011100100100111110100111110101111101101111001011000101011011111000001011111011100011101101100111100010111
1110110111011001111111111010000101100101100111101000101111011111000010000100011010100111001000001010100110001100110100110111001010
1111010010100101011011010111010011100010111101100011110111110111010000111101011111110101010011001001010011110111000111001110001110
1110111110111001100001111110110100111101110101111001001101111100011010010001111000101010001000011110110100101110000010011100101000
1111111011111101111110110100111001001110010111001011000110100110101001000111011101111000010110010001010011110111111011001101111111
1111101101011011111101010101111100111110011101100001101100111101010101100010100110000101111100101010101011110000111011000100111001
1100010011101110111011100100011100111010110111101000111100101101110100101001110111111010000111001101010100101001011001111111011110
1011110111110000011110010110100111001110100111011100010110111111001100011111010110111110011101010101111001110001110111011111000001
1110011111100110001111101011000011011101111011100101111110111001111011101011001110001111011100101010010100110110111100101001111010
1111010100001011110110100010011101010100110010110011100000101101110011001111111000110011111100001001100010010111010110011110111011
1110011111010101110011001111011111101101001000101010111111001111011000111011101011101011010000111001001011111101000010100011001100
0011011101111101000001111011111101011000001110111100111110111111011101111111111101101100111001001110111110110111111010010011110011
1100011111011011010110011011100001111101111000000010010110110010111001011110111111111110101011100111110110010111110111111101001110
0010110110111110001011101101110110101101011111111000111011111111010111001100011000101001110000011011100110011010100111010001000100
0010111010100100100011110000010011001110110000001111111011100110110010110000011000011011111110010111010101100100110100011101111011
1111111001110011010101100111010111100011111100111100101111000111111100000101010001110011111001100011010011101111111010111011110011
0010111010001111110100001110111111101111110001111011000111011011111100101110110011100111111011111101000011011101001101110111011001
0000100110111000111111111011011111111100011110000111000111100010011101011111111011001000111110111111000000110011010111010110111110
1000011101010101011111001001011000111100100000010001011101111011111100001011001010011010101011101011111101000001101001110001111001
0011011011011011110101110110111101111101110101111111011010101100101011010111111101010011111111110111011111010001011111111011111110
0110001111010000010011001001111111111111100110111101011111111011111110101111001111010011100000111110001111101001111010111000000011
1111110101011011100101101010111101111101101100000011001111101011110001100011010110011011010010010111110111000011001010110110100010
0011101101110001101011111111100111111111011101010011100000011000111110110011011011111111110100100000101111111111101011101000111010
1010011010110110111101110111011100000011111000110111110001100110110111101111100101101011110010000101011101101001010011111100010101
0111110110011010011011101110000011111000011010011011010110011111110111011111101010000110011011100101001111110000111001110000110011
1010011101010100010001001010111010100101010111000010110110010001100000100001001011111110111101101011011111111111100000000101000111
0010100111001010111010111101101100110010110111101111110011110011111111011100010000110111010001001000111010110100011010011000111001
0010110001111110111111111110110011100101010100111011101101111110001001111011011111111111100110100111100100010011100111010110111101
0011101111011100011101010010111001101111111011101110011111100111000110101010100110010011010111111101100110101101110011010111101010
0011010111111101101011111001100000111001011111010101101010111010110010000111111111110100111100011000001100111111101110001101110111
1110000110001111001010101001000011011011000001101110110010110100001100111100100110001010111100101111110011001101100011011110011111
0010101110111101000111111001110111000111101010010110010111111111010111111000101001110100001110001110100111111101010000110110010111
1001100011111001100111011111101001100011111011111010001111011110010101011011111010011111110010011100001000010110001100001111101101
0101110000010111010101011001110100100100001111110111111011011110100111111101111001111110001101010110000011001011011011101110011001
1000101110010100001100111001001101111111110010101001110110011110001000100100111010100111111011101010001011010000101100111111110111
0101011111111111111011101111011011110101001101110001011100100110011001110101011101111111101010011000110101111111100100010110110011
0101001111111110110110111111001001101001110010111011010011011111100111100100101011010101011011101111110011011111011110101001110000
0101001111110101101101100111111100011000111010101011011011111101110110110111001100110011101100011110010101111011100110100010110001
1011101101110000011111101110000111111011011001101010101011110101111001110011011010101110111011100101011010101110111011000110011011
1110001110011111110011111011100101111100110001001111010001000110111010000111110000111101011010000101101001011110100011101111000111
1011001111011010011111110011100101111010010001101010111001101010110010010001101110001010011000011011011010111010101111101011010001
1111101100000001100111110000111010101001001111011111111101111101100111000101010100010001100100110011011101000011110101110110100101
0001101011011110001110110110101110111111000011100111110011110010100101011000101110110011010111111100111111111011001111010100001001
1101010111011110011011001110011011110101000101111101100011111101011111011010010101010110101000111101101010101101101111011110011101
1011111000111101110011111111001010010011010111110000100110100111111111000111111110011101110111100011000010100101010000111101111001
0101101110100010110110100001111111000010101010110011111110100101110110111011001111001101011010101011111101010110110010110111110110
1101000011110011110110100110101101101111110110101010010010111111110101111110010101010111001101011100111110100100111111010111100101
1110100101011100011110111110111111110111011011010111101110101011100110000010111001110100001111011110011010111111101011011100110011
1001111101000111111110001111001101110010010011111001011101100111111110000101011111101011011000001000100010001110100100011101110101
0100111000001011110001111111100100110011111101110101100100101110101111011000111101111101010111111010001110010001111111111101111001
1011111011000111111000010111010100101011011100111111100011011111011110001111001100101001011010110101100000101111111101001010111111
1110101110011100101111101011010111011001111101100110110101010111110101001111001000101011000011000101111001011011011111101000101011
1011011001000111011011011011011111101111011110101100100010001001111111111100011101110001000011110101110001111110001111010101110010
1110101111011100101111111010001111011100101100011101100000111100010000001011110000000010111111101101010111011111100111110011011111
1011001100111100111010111111001110000110111100111101110001001100110100011011111010100100110100011011100101101101111111010111100011
0101000110101101001110000000111111110011100001110100101100101110111010111110011110011100111010010011111011110111101111000111001111
1110101010100100011110010000110101000010011100011101101111010011100101111001111111111100110011011111101101010011001111011111111000
1111101011011101111111111101101000111111010111101110110111101101111010110101011100010100001010110100101000001101101100010101111000
1110111101011101110010101001011111011111111101011111011111111011011111011101100110111111010000110111111001100100110001011000110010
0110111101011101011011000001001111111011110011110011111010110000100111010100010111110110110110111111010100100011011000010111101111
1011110001101001111011110100101010111011000001111111000010111001111000100110101110011011011111011010001011101010101111000111100001
0010101111010100110011111100111001111101111110001111101110000101010011001111111001110100101011110111111100110100110101001001011010
1100110100010011011111111111111111110111110100010111111011011111000111111010100011111111010111011001011100011110101011100001000111
0000010100111100001110011011110111011010011111101001001101011111101111101111110010100100100011011101110011110001011111010111000110
0010110000100011110101001101111011101110110111101111111111110011100000100101100010111101111001111111011111110101000000101111000110
0100111010111111110011111101110101110101010011101101010111111000001110111111010111111110101010111111001011101101011011101110011111
1110111011000111110110000010011110111111101001111101011110101101001010011101010001101111110111111010001100001011011001101110001010
0111100011011101000010000011000111101111110100101111101000111001100000001111111111010111111000011111111010101101000110100011110110
1011010111101011011011110011111001000110111110010010110001100111001010111111011001110110010100111101101100110010010011010111010011
1010001111111001010011111011111100100001010001101111110101011000111101101011111101010000011100000110100101101111001100111001101011
0011000110111111110111010000101111111101100101001111111010101111100010001001100011001000011011111000000100100100111100001000000100
1101111110010111101111101011111010110101111101101111110111110111100101000111111101101000111011110010111110101001110000101101111011
1001001011010100110111101110111111111100101011001011110000110011011111011110010110011011111010110111110101001101111001110110010110
1110110110001100010000111110111001110000010101010011110001011110010011011111110100110001010010111011111100011111100001101111001011
1010101110111101011101000011010011110101110101101100011110110110111001111001111100100111001110001010101010011011011110000101011011
1001100011101111101001111010101111000100000111000101111000110010011101100110110100011110100000010011110101101000111100110101011011
1011010111011000110110111101111110110000110101111011111101101110110100011111111111101001000110010011101001111010000011111110111111
0001101010011110001101000000100001001110111111110001011110101110011010110000110111100000011100001100101011110101111001110110001010
0011101101100100001110110110000010011001101011011011011101111011010000100110011011111100011110111101101111000011101010111001100010
1110111111001000110110100110101111110100001000001110110101111111111110001011110100000111001100111101110111101100100100011100000111
0101101111110101001001011101100111011110011111100101111100110101011111010000001100101110111111110010010011110010110011010111111110
381 339 344 175 173 157 102 99 