130
130
0001011101001111110001001011110111100111000100001011101010011110011101010110110100000001000101011101110101010100000001111110111111
1110101001010110010010001101000110011001001001110010010111001101110100010110111000000101011000000110101011000011010110101100101011
0011100110101000111100101010100111010010000011000011000001010010110110011100001111111001011111111101011100001010111101111011010011
1010001100000001101011111010111110001101111110010100000011101101110101100110000100100000001111111010010001001110100011000010001101
1111000100001010111111000111001101101110101001111000111010001001100111011111000101101100100001101000010010111010101001011010011101
1101111110010111000110101001111110100001010001010100011111100011100101110110110000100010000010101100010011100001000011001101111110
1101011100111001010011010101100110011000101101001101101101001110000001111000101000010010110000100111000000000011101100011000100111
0011110000110111101101111011011010110110011101110101011101001111110110101000100111110000001100010011110111111010001110010110000000
1000000011101010110011101001101100111110100010001110000000001110100111000001100000110111110101100110001001011001100000111010100011
0010111100000101000001011101010110101000111101110110000101000101110000110011111110000101000011001111011010101111101110110010001100
1111010011111100101000001101000101101001000100111011001001010010000011101100101110001100000101101011101000101011000101101101111011
0011010011011010011010000011011001000101100001101101011011100000000100001101100010000001011011101110011111011100100000010101001110
0100010111000111001111110100011010000011100101000111001011000010001001000010011000000001001110111100011100110001010011011110111110
1100000011000001000101001100111111110101110000111011100011100010101010000101100111011101011010111000001000111000110101000000010000
1101010111101101100000011001110100011110110101000111100101010111001001001110110111000101101111110101110011111110011110000101011100
1011100010010010101100011011111010100000101101110100110100111111110010001010010111011010000011001000111101011111110001110011110011
1111001111001110110010001110111111110111000111001010111110000000101110010011101011001001100010000011110000100011110110110011111111
1110010000011010001010001010001111010111001101111100001011110011100101100010010001110100110011111100011001111001100110011011100101
1011100000000001101001011111001111000001111010001111011101001000000100110001101101111111110111001100000000110101101101101000101010
1000111100011001101110000100011100010111010000010100110010110101111010000100001011100100011101101110000011111000001110111110001100
1110110100010010001101101000100110000100010110000111111100101110000010010010100111001010001010010111101010100010100010111110011001
1001000000010100000000111011001001000010011001011111111000001011100101010111011100101000100101011000111011010001000111111000100100
0001000001010110111010110101011010011010110001101110100011000111111100110011100010100100101010000111100111100010100011010010110101
1111110001000111011000001000010001101100001000010011101101110110110101111010111110011000101100100111011001001011000000000111101010
0001010001010010101010100011000101010100001101110100110011100011111001000100110011011100101100110000000011101000000010010110010010
0010000000011100110000100001110001100001000011101100010011100011110001001100101000000101000101111100101011110111111010010011100100
0100001000101001111001010111101011100111011100011101110000001010100111000100011110000000100011111001000100010001010001110000111101
1001101100110000100001001110111111101111111110011010110011010001000010001010000011000111101110101110001010100011111101100001100100
0011001101111101000100010110011010000011000010111110000000110101100001010110101100001111000011010001010111010100101011111001111101
0101001100010000111010101111011101111010000000001011001000010000110011100011101001000110010000101011111001111011010000011100101101
1111101000000100100001001111011101010011110100010100010010001100001001010100010000111101001101010011001010100000111111110111111101
1110001000011011100011001110110011011011100111101111111100101000010000000000000100101001011111101111011011110011110000100010001000
1001011100101101010000111111100000000110101111001111111100111001100100010011111011011010011010110100000100000010010011000101101110
0111100011010111001011010001000100111011101010010010010000010110111111011000100100100000000000001100010010010110010000110111000010
1100001100010000111101110110111110101100111101011101001010100110100001111010100001011000010010101110101010101011000011010000001111
1011011111101110111001001101100011110001111001111010110001111101111111110111010101111001101111101110111000111000011110111100111101
0001111001011001001010001000101101010000000010111110010110110101101110101101100100111011111110010010000011100111111111100101111000
0000111001000101000100000000001111011010011010110001010011110110100010110011000110000110000100000100000011011001001000001100011011
0101110100100110000111000010000000110011111000011111101011011010100010011001101101101111001010000110010000110100010011010110110100
0011111010000010010110000110110011000100110111000000000101010110011000100100110100101101011100011000100101010111011010100110001101
1101111010010110000100011111110110001011100110111100111100100111001001001110010101010000111100101110110110100000110001100100010100
0110101011011010001011111001011101010011011111001010101110000000100111111111001011011101101010001111011100110000110001000111011101
1100010111010000111011110000010010001010011110011010111100001000001011110010101110100010010000101011101100001011111100111111100111
0011000101000101110001010111001101011100110110111010100101011011000011101011011010001110100111101111000001100110010011011110111110
0001100011100111101111100111111101011100101101101101101010101010111110101111110110111101000000111001110011000110011100101001100101
0001100001100101010011001110001001100011101000111100010000111001000101110101101100100101111110011100101111111000100100110110010100
1101101100010001100010110111101000110011010111000000101010101111011011011001000001101001000110110101100010010010001100001011111111
0010100110010111010100100011011000011000100010100000100111101000010110011001001010100011111000101110000001100101110001010101010101
0101111000010000101110011110000000101110110000001000100110110000101111111010010110101110001110000111111111010111110101100000000101
0111000111000010010100110101000010111101101110000100111111101001011001001100101001100001000110111110101110101111010001000011100111
0100100100111110001111111110110100110101010100010011111011001000010011011001100010001110111011010001001100010001111110001110011110
0111011111110110000100100010100101011111001100010000110100101011000110001110000101110111101110111001010001100111001101111101101111
0000000001100000111011011010100101101110001001011000110101010011100001000010011100001000011110110110111110100110110001110011110000
0101101110010101001110001111101010100010111110001100110101100111001100010011101010010000010011011110011110001011101000100101000111
0111111001100000000000111100111110000111011011011001110101110110001010100100000001100010100111011100011110011111111110010000101101
0001010001101101100101110001000111101100001110101100000010011001001101101010010101010000001011001010100000101101110100001100110000
1011110100100100000000110110010111101011111100000110110011100100010010001001010001100100100111001111100101110000011010001100111111
0001110111010011011000101111010100100111010100000000010101010001101000111011000100010000111110011100111110110010101100110010011101
0101110110101001001100110101011100011110010111001111010011111111101100100110000100010111101000101010010010110101010001100011001111
1001100000111000111001010110110000110111010111000110101101000001101011011111010101100101001100000011111110011010101101110101100101
0011010110001101011001101011000001011101010100010010011110101001001110010100110011110000010001110010101110001110110000001001110110
0000000001101011111101011010001010000000100011010011000111101100100111111010100000011111011011010011010101101100010011101000010011
0000011001000101100010011100010101101001110010111101101011100110111101001100100111011100011001100010011101000000101111010010101100
0101001100011000011111011101101000011000000000100111100011100110010000010110000010101100110010111011000011110010001101111100100111
0111111011001011110011010110011010010001010101000100111001010000110011111011011111111000101001110010001010010001001000000101110111
0011000010010011111111011011100011010001010110111111110001001101010100011011110011011000000100111000001101000100111000001101011101
1100010111010110010010110111001100100111110111011100111110000111110011100101001110000010111000010000000001101110010010010000100110
0110001101101011111000111101001111001011001001010010001010100011001010000000010010100111101010011000111010101111110111111111101011
0100100001110101000001110110111000101101100110110111000000001001000000100001001000110000110100000111101001101000001010011000110011
1110111100111000010101000110101110100101100101100010010011011100000001111001110101100101111010010111100001010000011000100110000110
0001011000111000010001011000011001000100110000110111111110101010000100100001110001100101010000001100010111100100110110011100010010
1011101010110000001000000111101101110010011101010010011111100011111101100010001100011101011101111011000010000111111100100111110000
1000000111010100100101011001101010001111110000110110100010010110000001000110010001010000111001101110100010101001001101001100000100
1000000101100011101101101010101010000101111110001011000000101110001001011110001010110000101000100010110101111011101001100101011011
0011111000101110101011011010111001111001011111000101000001010001110011011110111011011111100001000101101011010101011001111000010110
0010000110011110110111100111100111101101000001011011110101111100001011111111111001000100011011111011110101000001100111000101001010
1110101011100010101111010101110010001100111001111101110010010100111000101000101110000100010011100010010111101001010110101001100001
1010111010000100111111101100111001100011010000101000100100110000011001111000010001101101111100111101101110001000100010100001010001
0110110111010001111101010101001100101100111101010011000101110110000010100100110101110111101010100100100100000110110011110110000100
1110100111100011000011111110011111001000100011000111011010101101111110111111000100100010111100111100011001100101001001101000001000
0100010011000000100001110010011001000101011111010011100010010010000100111100100110111100011010001011010100010001111100111011101111
1001100101001111010100101011110011110110111000000111000110100111001110110000110000110101101011000101101011111001000001110011010001
0101010101000101111011011000110111110001011011111010110000010101000100110101001011011110101111011110011100111110000001111110000000
1001110010100110010010011001001111010111010111100010110100000111110100110111101101100010101011111111110011010000101101101011110100
0111110001110110101010100100100010101101010111111111110111110101111010010110011001100000001111011001100100001100100000001101101000
1011001010000101111011001010100010010100000010101011011111110101111110110111000111111010110110101010000000001111101101100100101110
1001010101001100011011101001101110001010111010010100100111000100000100100001101101111111100000010011000101011111001001010110110100
0000110100101000011010111010100100101100100011110110110100010111101010000000101011011100011111000111101101000111001010000000011100
0101100111101000110100100101000101000100101010100110100011010000000101000011011110011001000010101000001101100010100011001101100111
0110001110101010110000110000100101011101001100110110111001110010100010000000010110101000000000001100001101100010100011010001101100
1000101100110001000001010110000011000000101110001001100111100100111001011111011000111111101001110011101000101001001100110111001111
0101000001101011010001010011110111000001111110101101001010110111001011010111000101100100010001111011001011101110010101011101000101
0111011100111101000010000101110000011011011000000001101010010100011110000111111011000010101011101110000110110110011111000101011011
0110100100111010100111001010000110000000100110001010111111101111011001000010100110111011101011100101011110011111010010000010001011
1100100011001011110001110100101000100101001110001101011111011010100000001001001100111100111101111110011000000100100011001001011101
1101001001011111111011100101000111001010001001101100000010011101010011111101100101000110101101111010110011001100010111000110111100
1110010110100001011001001001100100100100110110100011111110101001101100010010000010001011010010001011000011001011010011100111101111
0100001100001000001110010110010000111101110100001000010110101001100001100111110111101110011101111011101010101011011010001110001000
1010011101010100100001010011010110110010000111101011111101001011100000110011110111111000101101011001000010111011100100110000100001
0100011010001010100010110101100011001101000100000100111000010001011000011010100000110100011111100000100001000000001101001110000001
0100000101101010110010110001000110011111011010110100111100111111001110000111110000111100010110000110101111001010000010001010100111
0000010011111111100000111010001110000010100101100110010011011100010101000001101010001001111101101110001010000100111000101110111011
0000001100000111111111100111100110101010100011110110111011101001111010100100100011110110010001000110100101110000010100110000001000
0010010110001101001101110111001011110101010111101110011110101001111000001110111111010111110011111110110100010111110000101100100011
1101111111000000010010001111011101011101111111101110011010101001001111011001100100101110000101100110010010100100010000011110101011
1010111101111100100111000101101000011110001101010010101111010100001001000011001101101100111001101101111000101001010100011011010010
1000111011101001010010101111010100111001011110101010111101011110100110010011111001010000001101001000101011001010000010100011010111
0100110010111000000000111000101111011111001001111111011011011111101010100001101010001110110111011000010000100010111010010000000000
0110000010011010011100010010000010001101001111000011010110011011010010101000001011011111000101100101101011110001010110100110111001
0011101001101000010010100100101000110010101000000001011010101001010011010101001110111111000110010100100010111111001110011100111101
1101111111010001101011011101111010001001001001110100110010100100000110010001011101010101101010011000010111110101010110110000101001
1110111000100011001111111011000101010000100011011101001000000000100100101001011001111011010101001010100111111111011011011010000011
0010100111111011000000010100111001101100000110011011011110010101110011111001111010010111100010110101000110110011101101010010011110
1110011111011011011111101110000110001110100010011001100111101101101100101101100100001001011001100110101111011010011000100010000110
0011100110010111101011100100000001111001010100111101000111101111001000011110101010111111100010000111100111101101010001111101101001
0111010011111010100110010000101000001001100001101011011110110000011111010110111010100101011000100011011111110010011101001110101010
0010001100011010000000110000101010101010010011000011010101001100011110000001011101010010100100100011000000110000101100111010110100
1100111101000010111000000000100000001011001011101111110011110101111101110000100101110101011001111011110011111011001110101110101001
0110100111101101101010110101100111001000101010111011000111000111101110110111101100100011010100111011001111111101001100001100001011
0101011101000101011000100010111000000011101110110000011001110011100111111011011000000110011011101100000101011001110010001000010111
1100010001001010010111011111001110011001000011100000001110110110000001100100010001111011011011010010110010111111110011101110000010
1101110101000010110111110110110011011110111000110100011100100110010001000000001110111000101100111000111100111001110001000001111001
1101111111001010010000000001110111101001000100100010001000100001111011000101110000111010100110110001010101110100110111011110000100
1001011011100000100000000011111101001001011111101100111111010001011100111111001010110100000110010011001001011011100010100000011001
1011011111010111011101111101001100110101000100001101101011101000110000101000101101101111001010001101111100010011011110011010101000
0101001011111001001111011111111101010100001000011110001011110011000000101110011110101011110010001101001100000111110000010101001110
1000010001111111000000110000110000101111011111011001010010111100100000011111010011011101111001100110010101000000001111110001100010
1011100100011011001001111011001110101010011111010011100111001101101101001101100101011101111110000011010101010101001001101000001111
1100110101000101111000001100010100000100000010011011100010100111000001100001010001010001111011100110110010001110100110110100100111
1010110000010011100111011101101001111100111110001010010110110011100110001101001011001101001111010000110110101101001100000100010100
314 300 287 149 148 150 70 73 