130
130
1111111111111111111111111111111111111111111111111111111111111111111111111101111111111111111111101111111111111111111111111110011011
1111111111111101111011111111111111111111111111111111111111110111111110111111111111111111111111111111111110111111111111111111111111
1111111111111111111111111111111111111111111011111111111111111111111111111111111111111111111111111111111111111111111111111111011111
1110111111111111110111110111111111111111111101111111110111110111101111111111110111111111111111111111111111111111011111111111111111
1111101111111111111111110111111111111111111111111111111111111111111011111001111111111111111011111011111111111111111011111111111111
1111111111111111111111111111111101101111111111111111011101111111111111111111011111111101111111111111111011111111111110111111111111
1111111110111111111111111111111111111111111111111111111111111111111111111111111111111111011111111110111111111111111111111111111111
1111111111111111111101110101110111111111111111111101111111011111111111111111111111111111111111111111111111111111111111111110111101
1111111111111111111111111111111111111111111111111111111110111111111111111111111111111111111111111111111111111111111111011101111111
1111111111111111111111111111111111111111111111111111111111111111111111111111111111111111111111111111111111111110111111011011111101
1111111111101111011111111111111111111111111111111111111111111111111011111111111111111111111111111111011111110111111111111110111111
1111111111111110111111111111111111111111111111111111111111111111111111111111111111111111111111111101111111111111111111111111111011
1111111101101111111111111111111111111111111111111111111111111111101111111111100111111111111111111111111111111111111111111111111111
1111111111111011111100111111111111111111111011111111111111111011110111110111111111111111101111111111111011011111111111111111111111
1011111111111111011111111111111111111101111111111111111111111111111111111110111111111111111111111111110111111111111111111111111111
1111111111111111110111111111111110111111111111111111101111111111111111111111111011111111111111111111111111111111111111111101110111
1111111111011111111111110111111111111111111111110111101111111111111111111111111101111111110111111101111111111111011111111111111111
1111111111111111111111111111111111111011111101111111111111111111111111111111111011111011011111111111111111111111111111111111111111
1111111111111111111111111111111111111111111111111111111111111111111111111111111011111111111111111111111111111111111111111111111111
1111111101110111110111101110111011111111111111101111111111111111111110111111111111111111111111111111111111111111110101111111111111
1110111111101111111111111111111111110101111111111111111111111011011111111111110111111011011011111111111111111111111111111111011111
1111111110111111111111111111111111111111011111111111101111111111101111111111111111111111111111111111111111111111111111111101111111
1111111111111111111111111111111111110111111110110111110111111111111110110111111111111111111111111111101110111111111111111111011111
1011111111111111111110011111111111111111111111111111111111111111111111111111111111111111111111101111111111111111101101111110111111
1111111111101111111111111111111111011111111111111111111111111111111111111111111111111111111111111111111110111111111111111111111111
1111101111111011111011111011111111101111111101111111101111111111111111111111111111111111111111111111111111111111111011111111111101
1111111111111111111101101111111111111111111111111111110111111111111111101111111111111111111111111111111111111111111111111111111111
1110011111111110111111111111111111111110111111111011111111100111001111111111111111111111111110111111111111111111111111111111111111
1111111111111110110111111111111111111111011011111111111111101111111111111111111111111111111111111111111111110101111111111111111111
1111111111111111111111111111111111111111111111111111111111111111111111111111111111111101111111111111111111111111111111111111111111
1111111111111111111111111111111111110111111111111111101111101111111011111101111111101111111110111100111111111111111111111111111111
1111111111111111111111111111111111111111111110111111111111111111111111101111111101111101111111111110111111111111111111001111111111
1111111111111111110111111111111110110111111111101111111111111101111111111111101111110111110110111111111111111111110111111101111111
1111111111111111110111111111111111111111111010111111111111111011111111101111011111110111111111111111111111101111110111111111111111
1101111111111111111111111111111111011111111111111111111111111111111101111111111111111111111111111111111111101111111111111111111111
1011111111111111111111111111111111111111111011111111111111111111111111111110101111111111111111111111111111011111110111111111111111
1111111111111111111111111111111011111111111111111111111111110111111111111111111111111111110111111111111111111111101111111111111111
1111111111111111111110111101111111111111111111111111111110111111111011011111111111111111111111011111111111111111110111111111111011
1111110111111111111111111111111111111101011111111101111111111111111111111111110100111111111111111111111111111111111111111111111111
1111111111111111111111101111111111011111111111111111111111111111001111111111111111011111111111011111111111111111101111111111111111
1111111110111111111111111111111110101111111111111111111111111111111111111111111111111111111111110111111111111111111111011111111111
1101111111111111111111111110111111111111011111111111111111111111111110111011111111111111111111111101011111111111111111111111110111
1111111111111111111111111111111111111111111110111111111111111111111111111011111111100111111110111111111111111111111111111111111111
1111111111111111111111111111111111111111011111111111111111111111111111011111111111111111111111111011111111100111111111111110111111
1111111111111111111111111111111111101111111101111111111110101111111111111111111110111111111111111111111111111110111111111111111111
1111111111111111111111111011111111111110111111111111111111111111111111111111111111111111111111111111111111101111111111111111111111
1111111111111111111111111011110111111111111111111111111111111111111111111111111111111111111111111111111111111111111011111101111111
1111011011111111111111111111111111111111111111111111111010011111101111111111111111111111011111111001111111111111111111111111001111
1111111111111111111111111111111111111111111111111111111111111111111111111111111111111111111101111111111111111111111111110111111111
1111111111111111111111101111111111111111101111111111101111111111111111111111111111111111111111111111111111111011111111111111110111
1111111110110111110111111111011111111011111111111111111111111111111111111111111111111110111111111111111111111111111111011111111111
1111111111111010111111110011111111111111111111111110111111111110111111111101101111111111101111111111110011111111111111111111111111
0111111111110111111111111111111111111111011111111110101111111111110111011110111111111111111111111111101111111111111111101111100101
1111111011111111111111111111111111111111111111111111111111111111111111111111111111111111111011111111011111111111111111111111011111
1111111111111111110111111111111111111111111111111111111111110111111101111111111111111111111111111111111111111111111111011111111111
1111111111111111111111011111111110111111011111111011111111111111111111111111111111011111111111111111111111111111011111111111111111
1111111111111111111111111110111111111101101111111111111101111111111111111111111111111111111111111111111111111111111111111111111111
0111111111111111111111110111111111111111111011111111111111111111111011101110011111101111111111111110111111111111011111111111111111
1111111101111111110111111111111111111111111111111111111101111110111111111111111111111111101111111111111111111111111111111111111111
1111111011111111111111111111111111111111111111111111111101111111111111111111111111111111111111111111111111111111111110111111111101
1111111111111110011111111111111110111111111111111111111111111111111011111111111111111011111111111111001111011111111111111111111101
1111111111111111111111111111111111111111111111111111111111111101111011111111111111101111111111111111111011111011111111111110111011
1111111111111111111111110111111011011111111111111110111111111111111111111111111111111111111111111111111110111111111111111111111111
1111111111111111111111111111011111111111111111011111111111111111111111111111011111111111110111111110110111111111111111111111111111
1111111111111111111111111111111110111101111111111111111111111111111111111111101111111111111101101111111110111111111011111111111111
1111111111111111110111111111101101111011111111111111110111111111111111111111111011111111011111111111111111111111111111110111111111
1111111111111111111111111111111111111110111111111111111111111111111111111111111111111111111111111111111111111111111111111111011110
1111111111111111111111111111111111111111111111111011111101111111111111111111111111101111111111111111111111111110111111111111111111
1111111111111111111111111111111111111111111111111111111110111111111011111111111111111111111111111111011111111111111111111111111111
1111111111111010111111111111110111101111111111111111111111110111111111111111101111110110011111001110111111111111111111111111111111
1111111111111111111111111101111111111111111111111111111111111111111110111111111101111111111110111111111111111111111111111111111111
1111010111111101111111111111011111111111111111101111111011011111111111111111111111111111011111111110111111111111111011111111011111
1111111111111111111111011111111111111011110111111101111111111111111111111111111111111111111111111111111111111111111111111111111111
1111111111111111111111111111111111110101111111111111111111111111111111111101111110111111111101110111110111111111110011111111111111
1110111111111111111111111111111101111111101111111111111111111111111111111111111111111111111111111111111111111011111111111111111111
1101111111111111111111111111111111111111111111111111111111111111111111110111111111111111111111111101111111111111111111110110111111
0111111111111111111111111111111111111111111111111111111111111111111111111111111110111111111111111111111111111111111011111111111111
1111111111111111111111111111111111111110111111111111111111101111111111111111110111111111111111111111111111111111111111111111111111
1111111111111011111111111111111101111111111111111011111111111111111011111111111111111111111111111111110111111111111111111111111111
1111111101111111111111111111111111111111101111111111111111111111111111111111111111111111111111111111111111111111111110111110111111
1111111111111111111111111111111111111111111011111111111111111101111111111111011111111111110111111111111111111111111111111111111111
1111101111111111111111111011111110111111111111111111111111111111111111111111111111111111111111111111101101111111111111111101111111
1111111111111111101111111111111111111111111111110111111111111111111011111111111111111111110111111111111111111111111111111111111111
1111111111001111111111111110111111011111111101111111111111111111011111111011111111111111111111111111111111111111111111111111111111
1101111111111111111111111111111101011111111111111111111111111111111110111111111111110110111111111111111111111111111111111111111111
1111111111111111111111111111111111111111111111111110111111111111111111111111111111111111111111111111110111111111101111111111111111
1111101111111111101110111111111111111111111111111111111111111111111111111101111111111011111111111111111111111111011111111101111111
1111111111111111111111111101111111111111111111111111111111110101111111111111111111111101111111111111111111111111111011111111111111
1011011111111111111111111111111111111111111111111111110111111110110111111111011111111111111111111111111111111111110111111111111111
1111111111111110111111111111111111110010111111011111111111011111111111111101111110111111111111111111111111110111111111111101111101
1111111111111111111111111111111111111101111111111100111111111111111111111011111111111111111111111111111111111101111111111111111111
1100111111111111111101110111110111111111111111111111111111111111111111111111111111111111111111111111111101111111111111101111111111
1111111111111111111111111111111111111111111110111110110111110111111011110111111111111110111111100001111111111111111111111111110111
1111111111111111111111111111111111111111111111111111111111111111111111111110111111111111111111111111111011111111111111110111111111
1111111111111101111101111111111111111101111111011111111111111111111111111011111111111111111111111111100111111111111111111111111111
1111111111111111101111111111011111111111111111111111111111111111111111111111111111111111111111111111111111111011111111111111111011
1111111111111111111111111111111011111111111101111111111111111111111111111111011111100111111111111111101111111111011111111111111111
1111111111111111011111111111111111111111111111101111111111111110111111111111111111110111111111111110111110111111111111111111111111
1011111111111111111111011011011111111111111101111110111111111111111101111110111101111111111111111111011111111111111111111111110111
1111111111111111111111111111111111111111110111111111111111111111111011111111111111111111111111111111101111111111111111111111111111
1011111111111111111111111111111111111111111111111111111111111111111111111111110110111111111111111011111111111111111111110111111111
1111111011111111111110111101111111111111111111111111111111111111111111111111111110111111111011111111111111101111111111111111111111
1110111111111111111111111111111111111111110111111111111101111111111110111111111111111111111111111011111111111111111111101111101111
1111101101111111111111111001111111111111111111111111110111111111110111110111111111110111111111111111111111111111111111111111111111
1111111111111111011111111111011111110111111111111111011111110111111111111101011111111111111111111111111111111111111111111111111110
1111111100111111111111111111111111111111111111111011111111111111111011111111111111011111111111111111111111111111111111111111111111
1010111111111111111111111110111111101111111111111111111111111111111111111101111111111110111111111111111111111111111111111111111111
1111111111111111100111111111011111111101111111111111111111101111111110011111111111111111111111111111111111111111111111111111111111
1101111111111011111110111111111111111111111111111111101111111111111111111111111111111111111101111111111111111111111111011111111111
1111111111111111111111111111111111110111111111101111111111111111111111111110111111111111111111111111111111101111111111111111101111
1111111111111101111111111111111111111111111111111011111111111101111111111111111111111111111111111111111111111111111111011111111111
1111111111111111111111111111111111111101111111111111011111110111111111111111111111111111111111000111111111111111111110111111111111
1011111111111101111111111111111101111111101111111111111111111111111111111111110111101111111111111111110111111111110111111111111111
1111111111101111111110111111111111101111111111111111111111110111110111011111111111111111111111111011111111111111111111111111111111
1111111111111111111111111111111111111100111111111111111111111111101011111111111101111111111111111011111111111111111111111111111111
1111111111111111111111111111111111111111111111111111111111111101111111111111111011111111111111111111111111101111111011111111111111
1111111111111111111111111111111111111111011111111111111101111111111111111111111111111111111111111111111111110111111111101011111111
1111111111111111111111111111111111111111111111111111111111111111111011111111111111111111111111111111111111111111111111111111111111
1111111111011111111111111111111111111111111111111111111111111111111111111111111111111111111111111111111111111111111111111101111111
1111111111111111111111111111111110111111111111111111111111111111101111111111111111111011111111111111111111111111111111111111111111
1111111111111111111111111110101111111111111111111111101111111111111011111110111111111111110111111111111111011111111111111110111111
0111011111111111111111111111111111111111111111111110111111111110111111111111111111111101111111111111111111111111111111111101111111
1111111111101111111111111111111111101111111111111111101101111111111111111111111011110111111111111111111111111111111110111111111111
1111111011111111011111111111111011111111111111111111111111101111111011111111111111111111101101111111111111111111111111111111111011
1111111111111110111111101111111111111111111111111111111111111111111001111110111111111111111111111111111111111111111111111111111111
1111111111111111111111111101011111111111111111111111111111101111101111111111111111111111101111111111111110111111101101111111110111
1111111111111111111101111111101111111111111111111111110111111111111111101111111011111111111110110111111101011111111111111111111111
1111111101111111111111111111111111111111111111111111111101111110111111111111110111111011111111111111111111111111111101111111011111
1111111011111101111111101111111111111111111111111111111111111111111111111111111111111111111110111111111111111111111111111111111111
1111111111111111111111111111111111110111111101111111111111111111011011111111111111111111111110111111111111111111111101111111111111
542 584 561 286 294 269 133 139 