130
130
1110011111011011110111111111110111111101011111110111111111011111110111111111110001110111010111111111111001010110001111111101111111
1110101110101101011111111110111010101111111010111001111011111111111011101111111011101111101111111101111110111111111111100011110111
1101011101111111101111111011111110001111111101111010101110111011111111111111011101101111010101010011111111110111111101110111111111
0111111111111101011111111110011111101111110110011111111110110011111111111110111111111111011111111101101111001010111111111111111111
1011110001011111111111101111111111111111111110111101111110111011011111111111110111110111011110111110111101001010111111111000011111
1111011111111101111111111111101100111111001101001110111111111110101101111011110011011101111111101101101111111111111111111010111111
0001100111111111110111110110111111111111011111011110100111111111110111111111111111111110111111100111110011010110001111111111111111
1101111110111100011111101110101111110111111101111111011111011111111111111100111111011111100111011111011100010111111110110111111101
1110101111111111111110111111011111010111110111011001110111111100111111111101111111110111111111111111111101111111110111101111100001
1111110111110101011111111111111111111101111111111111111101111101111110101101111011110110111111010100011110111111110110111111111111
1111011110011111111111011111011101111110110111110111111011111111011111011101101101111001111011111101111001011110010101111010011111
1110111111011011111101111111011110111010111111111101111111111011111011111011111111111111111111111111110111111100111100111111111011
1111101011111111001001001011110111111111001011111110111110111111111111111011111011011011110111111101111111111110111111100111111111
1011101010111111101011111110101111011111111111110001111111111011011101111101111101011101111111111000010111111111101111111111111111
1111101111111110111111111101101111111111111111011010110111111111111111111101101111101011011111111111101101111111111111011111011111
1110010110101110101111011111111111111001111111111111110111111110111111101101111111111111110111111001101111111111111110101100111110
1110011111111001100111111110111110111111011111111111111110111110101111010110011011011111100100111110110101011110111101111111111001
1111001011101011111101110101110101111111110011011001111111101110111011111101111101111111011111111100111101011101101101111001110111
1111111110111110100101011110111111111111111110111110101110111111101011111001111111101111110111111011111101111011101111111100111101
1111001001111011111111011110111101111111011101111111111011111111110101111111111111110100011111111011110111111111111101111101111011
1110111111111110010111001111111100111001101110111111111111111111011011101111101101111010111111001111111011111011101011011101001111
1110111101011101011000111111101111111111011111111011111111111111110111111101101010111111111110111111110010110110001111100111010011
1110100101001111111000111111111111111011111101110111111111101111011011101101011011111111110101111001000111101111111011111111110111
1011111111101111011111111111111101111011111111111111111111111111011011011101101101101110111100111111101000111111110111011101011111
1111111101101110011110111111001101101111011010110011011011011111011111111111111110101111111111111110110011011101101111011111011111
1111111111111111111111011100010111111111111011111101110110101101111110101011110101100111111110111111101111010111111101110111011010
1110011111111101111111111111111011111111101110000011110101111100111110111011111111111111110111111100111111111101111111011111111111
1111001010001110001111111111010110010111110111111111110110111001010011111011011110011111010110111011111111111111111011111111011011
1010010110110111011111111011111111111010011110001101101111111111110111101111000110111011011111111011111111011111111110110111011110
1111111110010111111111111111001111100111111011111111111111111100111101111111001110111111011110011101010011111110111011101101111111
1111111101111101111011100111111111011100111101011111110111111011111111111111111110110011111101011011111001111111011111011111111101
1001111111110111111111111001011111111111101011111111011101110111111111010111111011101011111110101100111111111101110111111100111110
1110111110111111111010111001011001111010111110111111111111111111111011111111111111101111111111111101101110110010111111011111111111
0111011010101111111010111110011111111111111111111111000111011110111111011111101111101111111111111111101110011101001011111111111100
0111101011111111111111011010111111110111111111111101111011111111111010111111111011110110011111110011110101011110101111111011110101
1111011110110111111011111110111011111110011111101111111111111011111101101001110111011111101111111110111011101111111011011110111111
1111110101111111111111111111111111101011101111111111011111111011110110111011110111001111101011111111111101111111001111101100011101
1111110011110111110100101011111010010110111111110011111111111111110111011111111111011110100110011011101100111110111111111010111111
0010101111101111111111111100111111101111101111111001111011111111001110011110111001100101011110111111011011011111100011111111111111
0011011111111111111011111111111111010111111111111101011111011111110101111011110001101001111111110111111011111111101011111111111110
1111011111111111111111111011010111100111111110110111111111111111101010111111111111011011101111011111111111111101111111111111110111
0101111110010111111111111110110111111101011001110101111111110110101111001111111111111111111001111111111011100010111110100110111111
1111111001111111011110111111111111110111110101110110111110011111000011111111110101111011111110111111111111111110110010110011111111
1111011001111111010101010101111110001110101111001011110010111111111011111101111111111111111110110111111011111111100111111001101111
1110110101111011101111101101011111111111111111111110111111110001011011101101111111111111110010111110111110111111100111111111111011
1011111111010011111111111111110101011111111111111111111011111111010111011111111111110111110101101011011111111111111101001010111111
1110111111000111111111101111101011111111111111111111111111110111011111111111110110011101110101011111110111111111111001000010001111
0111101111101111111000101000101111110111111111001111111101111111111110111110110110001111101111110110111011111101111111001111111011
1111010111110111111111111111111111101111100111111011111011111101110111101111101010010010111111111100101010110111110111111111111111
1111111111111111011101101111111110111110100001111111011111111101001111110111111111101111111001011111110111111111111111110011111011
1111110011111000111111111011011110110111111101111111111111011110110110111111101101111110111111110111111111110101100111101110111111
1111111111111111111011111111111111111111011111010101101111111011010011100110111111001111110111111111111111111111111101101101111111
1110011111110010001011111110111010011111111100111111111111011010110111100111101111111101111111111111001111111011111111111100111110
1110111001111111111111011111001111111101011111111110011111111111111011011111011111111101110111111111110101111111110111010111111111
1111101001111111011100111111111111111001111110101111111011011111110100111110110111111111111111111110011101101111111111011111111111
0011101110111111111110011111111011111100111111111110111111011110111111101011111110110111111111110110101111111110111111111111111111
1111001111111101111111111111101011111111110011011111011011111111110111111111111011111111111111111111010001111011011010111011110110
1111110111111111011100101111011100111111101111101110011111111011111011111111111111001111101110111101111101101101111111111100111111
1101101111011100111111111110111111111101001111111101111011011101011111111111011111110111111111111111011111111111101111101011111010
0100101110111111110111010111111110111111111101111111011111111111111101111110101101101101111110111110111101101110111110111011111111
0111111111111110111111111010111101110111101110111110101111011111111111111111111111101111011101111101111111011111101011111011011111
1011111011111100111110110101110111101101111111111111101111011101101101110111111111111111111110110111101111110101111111111111011101
1111111111111101001111010111111011001011110111111011111111110101101111111111111111111110011111110111111111110111101111111111111110
1111111111111111111111111101111110110001111111101100111111001111101001111111111101111110011111111111111101110111111011111011101110
1101111101011001011110011111111111111111111111001011111111101111111001010111101001111111101111111110011111011111111111101111011101
1101000111111111101011101111111011101111111111111111111111111111111111111101101010011111010111010001111111111110101001111110111111
1010111101111111101011111111110111110111111111111111101111110111110111001101111101111110110101111111100111111111100111111111111111
1101001110111101111111101011111010011111111111000111111111011111100101111011011011111111111111111011010011111111111111101111111011
1001010011101110111111111111101111001111011111110011111110101111111101111111111010111011111111111111111101111101111111100111011111
0111111101111111111111011011111111111011111110101111011001111001110100111101111111101111101111111111101111111111011110011011111111
0111111010011110101111111010100111100111110111110011101111101111111110011111111111111111010111111111100111110100110111110111111011
0111111111011101110111111101101111011001110011111111111111110111110111111101111101101111111101010111100000110111111111011011110110
0110111100101111111111101111111111111111110000111111110111111011010111111011101111101111011101101111101111111011110111110001011011
1111111101011111110111011111111111011100011110111111110111111001011110111010111111111111111110111011111111111111101111001011111011
1111101110101110101111101111100111001101011111011101111111111101111111111111001100111111011101110111111110010111011011011111101111
1111111111110111110111011011111111111101101111111101111111111101111110011101111111111101111111101011111111111111111101111111101110
1111111111110111110111011011111111101011110110001111111111111110111110101111111110111111011111111111111011101111110101111101111110
1111111110111010111111111111110011111111111010011101110111111111001001100111001111111101001111111110101110110111101110111111111011
1111101011111111111111111111110110110011111111111011100011111111111111111101111111111100011111110111111111011111010111011111111111
1101111101001111111111111111111111111111101101111001010111111101111101111011101111011101111011101111111111110111111011101100101110
1111110111111110111111101101110101011111111111011110111110111111101111111111001011111111011111011011110101111111111101110100111110
1010011111111101110101111101101111110010011111111011110111111101111111010111001111111111111011001111111011111101101111111101111111
1101111100111101111111111111011111111111111110100101111100111111111101110010111101111101101111010110111111101101111011111111110001
0101111001101001110110111111111011111111101111111111111111101111011111111101111111111101110111110101111111111111111110111101110101
1111011100111111011100011010111111011101111111001111111101111001111011111101111111110011011110111111111111110111111111000110111111
1110110011011111111111110111111111111111110111111011110111101111110110011111111110111111111111110111110111111111110101101001111111
1101011100111110111111110110011101110001111011001101011101011101110010111111001111010111011101000111111111111111101011110111111111
1110101111111111111011111111011111110110111111111101101101101111011101111001110101111111101110101100111011101111110110111111111111
0111101011001111011100111110100110111110111101111110010111011111110111111101011111101011101111101101101111001110111111110110110110
1111110100111110111110101101011111111000011100011011111001001111111111011111111011111111110011111110111111110001110111111011011101
1111101000011111101111001111110111111101111111111111011111111111111101111111011111110011110111111101011110111111110011111111010111
0111111101111111111100011011111101011011101111111110111111111110111011011110111111010111111111110101011111100111011101100111110101
1111110110101100111101111111111111011011011111110111111111111111111011001011101111101111111101111110010111110110110010110111101011
1110111001111111111011111101111011111111111111111111111011001010111101111111110111110111011111011011111110111110011011111110011111
1101111111111111111111111111111011110111111111110111111101110111111101110111111111111111101111111111101111111111111111110011111111
1111111101010101111001111111101111101111101111111100110111111101111101111101011111110101111111011111111110100101111101111111011111
1101111110010111111111111011111111011111111110101111011011110111010101111010110101101111111110111101111110110011010100111110111011
1011111011111111101111111111011101111101101110111011111101111011011111111111101111011110111101101011110101111110111101111101010111
1111110111110101111111111110011111110111100101111111111011111111111101111011111111111011111111111011111011111111111111111111111011
1111110011111111011110001111101111011110010111111111111111100111011111011111010111111111111101100111011101100100111111110100011011
1111111101011011101001111111111011111111111101111111101101100111111111101100111111111011011010011011101111111011111110111111111111
0111111111101101010011110111111100101111101111111111111111011011010111101110111111111111111111011111110010101111111111111111110111
1100101110101111100101000011100111100111110111111111111110011111101110011011111011111111111111111111111111111111011011010101101111
1111101101111011111111100111111101011110011111111001101111111111111111100011011101111110111011111011111111111111111011111111111011
1111101110110110111111010111011111111001110111010111111111111111111111111111111111110001101111111111111101111111110111011111111111
1110000011111111110111111110111111111111111111111011001111111111001111111111100111110111101111101110110111111011011101110111100111
1111100111101111111111111011111111011111111111001111111111000110111111110111111110110111110101110111111111110111101100111011001111
0111111111111111110111111111111011110110111111111110011111101111111111111111000110011011111111111101111111111111101111101011101110
1101111110110111011111111111111111011011101001111111111101110111110111101101111111110101110110100011100111110011101111111111111011
1011111111111110100111111111111111011011010001101110111111111111111111111111111111101001101111111011011110111001011010101110111111
1011101110011111111010110111011111101111111111011011110111111111111110011111111100011111111111110111111011011111101111111000011111
1101111011111100111111111111011010111110111100111011011101100101111111010110111111101011100111111111111101101111111111111111110101
1101100111111101011011111111111111111111111111111111111011011001101111110111111111010110110001101111101111111111111111110111111111
0111111011100011011001111101111110110011111011111111101111111111110011111011110111011110111111011110010111111111110011110010011111
0101110110111111101111100111111011011111110101011100111001011101011111111111010111111111111111111111110111110111010110101111111101
1011101101011111111111111111101111111111111101101101001111100111110110100111111101111000111110111101111111111111011010111111111101
1011010010110111001011111111111111011101011111011111111011101111110111110010011111111101111011111100111010111111001010111111111111
1111011110110001111011011001111011111011111111110111110111111111110111101111111110110001001111111011111111000111110111110111011111
1111101111110101111011111111111110111111101101111001111111111110111011111111111101111111101011111111111111011111111111111110111111
1101111111011111011111011111101111100111101111111011111100110111001110111100111111011111110100011111110111111110111111011110101110
1111111011111110110011110111111110111011111011111111101011111001100101000101001111011001110110111111111111011111111111111111011111
1111101111110111111011111111110111111111111110101010110111111001111110011111110110100111111101010110001110111111100111111111111101
0111111111011110001111101110101111111111111011011101101111111111110111111011011111111110111111110011110011111110111100111111111111
1101011110110111111111111111111111111101111001111101111110111101111111010101011111111111111111111111110111111110111101111011111110
0111110010001110111000111111111001111111111111111011110111101111110111111111011111111011110011101111101111111111111111111110000111
1111111011111101111111110111010111101110111111101111100110111111111101101111111111101111101110111100001101111111111110111110011101
1111111111110001111111010110101011111111111101111110101101110111111100100111101011111101110111101111001111111111111111010011000101
1101111111001110111111000111111111010111011111111111110111110011111011111011111111101011011111111101111110000101101111111111110101
0111110101011101111011111111111010111101101101110100101110111111011111111110101111111111111001101111111101101111101110111001110111
1111011100111101111101111111111111111001011111111111100111101011011111110111111111111101011011001011111110101101101101011101111110
311 329 318 161 147 163 73 85 