130
130
0010010010011001011101100111011111111100001110100101111111111110110111001111101111110101000010111011111101100111010110111111101110
1101111101111011010111110001111010110101101110011101011011001110111111111101111111110010101111010101110110010110111101011101001111
1100000111011011111111100100111101000101011111100100001011000011111111011001011111101001110100111111110011110110101101110011111110
1110101111111101111111101001101010111111011000110110010110011101100000011111011111101111011111011100100011100111101110101101111111
1101111011111111011111010001100011101111101001100111111111110011110101111001011111100111110111111111101010011010111001011001111101
1011111111101111111111000110111110111011110011011110111111111000101111111101111101111111111011010011110111110000101101101101011111
1111111110110111111011111000111101111100000010101111011110011111010111111011111101101100111011011110111110111010110011100011100101
0101010111010100011111111110111101011101111110111011011111100100110011001001100111111101111101011001111111011100111011101011100110
1111010111010111011101111011010100010111100001110111011101100111110111111111010111110111001101100111011110111111110111110101101111
1100101111110110000111110011011111110111111110101001011001000101111010111011111111111001101111011011011010111111100111111011111001
1111011110101111111111010001011110101101101001011110111110001110011111010111011111111001101101111111111101110110011111111011111011
1111010101101111110110100111001100111011011101111110110100110110110111110111100011001010010111101101010110110011101101111011100101
0111111101110110010100111101110111011101111111111011101101111011111101101011101001110011001111110111111110010101111110110111010111
1101101111011011110111011111111111100111110101111111111110111111100110111111110101011011111011011110100111000010111010011000001011
1110000101100110111100110111001011111111001111100101101111110010010101011111111111101100011110010111000101110011100111010110100111
1100001110111111101100111011101010111101111101001011110111111111111111111101001011010011011000111101011111111110100011011111111110
1110111111011111111111010101010111101101101111011101100100011010110101111011101101111001110101111110011000111001111101110111111111
1010110111011011011111000100011100011001110110111101110111111101001111111011100111111101111111111111101111101111111011101111110100
1100011111101111111011111000111110100111111111111111111111111000110100111111011101011001110110111101100111111101111010101000011110
0001101111111011111111111111111010110100011111001001011111100000001010101110011100011111100111100110101111111111011111011110100111
1111111111101101011111111111101111110111111101111011111111011111100111111010111101010111011111111101011011111001111101011111110100
1111111101100110111111110101011011100101001011001100100110111100110010011111110110101110110111010010110110111111110010011111111011
1110010001111101010101100100011111010111011101101111110010110011101111011011111110101011101011100110010111111111110111101111101110
0011111110011111011100111010101101111111111110111110100100111000110001011100111111101100110100011101110110100101111111111000111110
0111011001011111011101010111111111011111101111000001011111101111101110111011110100110111011111110110111111111101110001111110111110
1101111111101111111010111011110111110111111101111010111101111011011000011111110111111111110111111011011111101111011111111111111100
0101000101110011010111011010111111100111010110101010110111110111011111011100100111000101100001111101001011111101010101110111101001
1101111110100100111111111110010111011101110101010110011011111111010011111111101111000111001110111100111101011111101111100111111111
1011111010001110110010111001110110101111111111101101101100101111000111111001111111110110111000111111011110101111111001101111010011
1111111010111100110110110000111111011111011100111101111011110111111110011011101010111001101011100011111111000011111111110001110000
1111001011111101110011111111010011111110100111101111100001011110101111011111101111000111110111101111011111111000010101111110111000
1111100101110101101111111001111110111011101101111000101111111111111011110101111101111001110010111111111111110011111110011011111111
0111111101111111001001111110011011101101101110101111111111101001111101111111111101101000100111111110011111110101111101001010101111
1111011011111100101110111110111000111101101101001011111001011111111111001000110111110111111111111111110101111111111011110011011101
1111111111111010011010101111011100010111011010111111101001110011011011101110110001110110010011101111111111111100000101111011111001
0101111101111111111110111110001010101111101111110110011111011111110011110011010111011111100010010111111111111111111011011100111101
1001110011111011000111011110010011111111100100110011001101111101100011111110101001111001111111010101101111101101111101101111000111
1110111011101110011011001110101111001011011111110100001101011111110010111110011011110011111010110110110110111011110011110011010111
1011111101010001010010000110010110101110010101111111101111111101111011111111011001010110111000110011001101111011110001111101110111
0101101001111001100011111101111101100101001010110111111100001101101111101110011101101011001111001110101000010101100110100111011111
1110110110011110100110101100011111001110111011110011111010111101101110111110001110111101101111111101110101110100111000101111011111
1110111111010101011111111111001101111101111110101011100111110101111110111001111101000001010111111011111101111111011010101101010111
1101011111011110101011001010011110010110011110011111110101111101011101111111101111110110110111111111001101011111111011101011101011
1101110110110100011101001011111111111101100100100110011111101011110101101111111110011101110111111111010111101101011111111001001111
0110011011110100101011110111100001101110110111111101111011100101001110101101111111110111100110001101011011011111100101100111001111
1011111001110001001111001111100001111111011111111011101110111011101110011001001111111111111011001110111010101000100111100010011100
1101111010111010011111001011110110111011001111110011111111110110111101111111110111111111101101011111111111011110111111111010111011
1110111110111001111111110111111111101111111010110111010011011001110110111001111101000111110110010101011111111101111101101111101001
1101110111011101110011111010001111111101101110010011111110010111110011100110111101111110111101101110111000100000111110001111110110
1011111101111010011011010100111101110111110110101101111000011101110110110110111100111010101111011111111011100110101111111111001011
1001011110101011101011111110111101111100101101111111111001110101110101010111011010110111010101111010111010111011110111010110111010
1011011111111011011011111111010111111111100111110110111111110100111111001001111011111111010100111110110110111110111011111111101011
0011010111111110101101011101101111111001011101010111010110110001011110011111000111111101101111011001101111110011100111101101111111
1110111111101011111011111111110011101001111110011111110110111011011011111011110100011011111111100110010111110111111111101111111111
1010011111100110010101111111111101111101010011111011100010011101110011111110100111101111001101110111110111111011111111011110111110
1011110010100011011011110011111011111110010110111101111011100111101111001111101010111001101100000001101011111011100110100111010001
1111010111101001110111111111110101110110111110111111110100111111111001111111111111111011101111001101111111001111110100111111110101
1100010100110101110111000111111111110111110111011110011101000010010101111111101010111111101100011110110001111101110111010011100010
1111100011011111101111110011110111111000001101111101101110011111111111001111111111111000111111011011001111011011111011110111010111
0111100010111111001110100101010111110110000101110110010101111001100011011011110101011110110111110110100010111001011101111110010110
1111111111111010111111111001111111111111101111110111111110001111111100100101011111101111101111111111011010111101011010110100011111
1111010010111111100110011111111111111111010011101001011001111110101001101011101101111011101011110111111111101101111010011101010011
0111111111101111101111111011101101111111011011100111111010110011101101101001100111001111111101001101111100111101010111111100100111
1111111010101101111111111011011011100101001101111111111111110111100110100001111010101111101100001001111001101001101011011111101101
1010111101111100101110100100111011111101111111110111111101111111011110011111000110100111110011101101110111011101101101101110111101
0100111111110100111011110001110111100101111111111110101111111111111101111101111100100111111110001111011011111011011101111010111100
1011111111100101111100111111111011110110111010110010110011010111111010011111100111101000110011111111001010000111011111101110111111
1111101110001111111111011101011110001110110011101110111011001011001011010111011101101101100110101000000101111111100010000001111100
1111111111010011110110111111011110111111011111100100101101011111111010111001010111111111001111111011011111111101101101111101101011
1011110001111011111101011111110111011011111011011011100101111101101110101111111111100111011100010110101011111111000010011010111011
1111111111110010100101010111010101011111011111010011111111111100110101111111110110001101011101111011001011110011101111011111111101
0101111111111101101101011110101101111101111110111111100101111011111110111010100010111111001010111101110011011110010011111110001110
1010110110010110111111111111100001101111001010001101111010101011111111101101110010111111011011001111101010011100001110101101111011
1011110010111011111001111101001010111101111101010011110110111000101011111111101011110111111111111111011101111010111001110101111001
1111011111111110101110011101111110010111101111111101111101001011000111111110011100101011101011111111111100111001111110010011110001
0010101100110011011011101101001111111011011110110100011101101111011011101111110001011100111111111001111100101101110011100101010011
1110010001011110011110101111111001110111011000111011010011101000111010101011011101011111011111101011111011111111101010010011111010
1110110101111101011101111110100001101110111001111111011111101111111110011111011110101110111010011001111101111110011101110111000011
1011011111001111100110110111111111111011101111110110111110101111111101111110110111111101111101101010101010111011111111111110101111
1111111011011001101010011000110001110111011101100110110001011101011011111111110001010111010011011111110101110111011111111110110111
1001101111111111011111001110110111111011001010111110011111111111010101110110011110011010111101101111111111110111101101001010111110
1111001010101011100011111111010111111010011111011111110111111111001011001011111110011101011111000111100011010111101011011011111111
0111011010100111111111111011110011110101011011101111111101111110101000000011010001110101110001111011011111101100111001111111000101
1111111111110111111101010011110110010011111111111011111011111101101111111111111011111101110110111111101111111011011100111011111101
1000110001111101110111111000111011111001011001001110010101111100111111111111000110100011100001011011101101111100101001110110111111
1100110111100011111010001111111111111111100110010111101111110110010101111111011100101111011110111101111101011111100010101111110000
0111101011111111110001101111111111101100101100111011101101111110111011111010001110100111100010010101000111100011101101111100101110
1111111110110111101100011111010111110101111011000111110100100111111101110001110111110110011110011111111100011101111111111101111011
1101111111100111001111111111000010011000101110010000111111111110000010011011010111111101001011001011110110110110011011110111110111
0110000011001010111011111011111111110001111100101101101110111100101010110111110011110100110100010111111001001100111110111011110111
1111101111110110101111111111110100110111011110111111101001011111111011110101100110110111010110111101101111111110101101111011111101
1111111111110111111100111001011011101110101011001101011101111101111111110110011010111011000010011111111111110011011011100110011101
1101111011000111001111111001111101111111111111111011101101011010001001110001010111101011000110111011001111111110111110011010111010
1011000011001111111101000010110111010101111011011101100101101111010111110111111111111111001111011111111110111111100111011110110011
1111000111000111011111010111111111001111101011111110001111111010111111000011010001110111100111001111110110010011110111011111100010
1011011111111111001111110111011111001011000010111011111111110011111111111101101110100100011011111011101101111111110011111111101111
1110011110111101111111111111011111111111011111110010111011111111101001101101111110011010010101110111000111000000111001011111010110
1111100011011001110011000100111101000111011111010111111111110101110111000111111111111111111111101111111011111010100001011111011000
1101111111110101111010111001100110010011010110111100011101101111011101010111100110111100111001001111010100101111010101011100011111
1011111111111111110101011111111111111111111111111000001111111110001111110011111110110110110110111011110111101100011011010011110111
1111110110111011011011101101111100101101011101011101110011110111000011101011110101111000011110111100111111011111111111101110011011
1010111110101111111011010111111010011101101011110111011011100011011011001011111101101110110111010110111011110110000111111011100101
1011110110011011111111101111101111111111110000011111111100110100100110111011100011110111111111111111111101010011110111010011000110
1011011111111111101110011110111011011011011110101110111101101011111010100111111010110111110101011101111001001101111101111101111010
1110010111100111011000101011001111110111010111110011110111101101110010010110011101001111101100110100101010111101111110110001111101
0101111110000111111111001111111100111110010111111101001110111111110111111001111111101111000010110101111111111111111110011101110101
0101111011111101011010110111110101100110011111110011100110010111001110011001111111101100100010111001111111110001111101010101001101
1011111111100110101101111101001111010011111101110111101101111111111111111101101111110100000111100111110110111010111101001111000101
0111011110111011111101101111101010110111101011100001111101110110111100011111101110111011011111110111111001010111010101111110011111
0011111110110101111011101110111101101100111101111100110000110111100101100111111111110011111111111111111011001011101010101111111110
1111101010111110101001101111100100111101011010101111111011110111111111011101111001101001101111111111101010111111110011001111111110
1010010101010001011101001011111001011111110111110111001111111110010011110111110011001100101111111111011010111011011101111001011011
1101000011011011111011111101010111110101001110011101010111111011010111001111110010111010111110001110111111001011011111111101111011
1011110110110101111111111111111101001101111011100101111011110011111101011101111011111101110101111010110111101110111110111111100110
1111111111101111111011111111111111110100101111111111011010111011110111100000110101111111111110110111111101110111110111111011110111
0011010111011001011011010111011001010100111111111011011111111100111111111111011111000010100111001110100101101101111110110001101101
1111111011101111111010011110110011110000111101111000011111100111101101011111101010111011111110111011011111111000111111110101110010
1010111011101100111101101111111110111101101110111101011100110111010111100111111100111101111111111011111111001011111011111111100111
1101110110111011111111101011011010110001110111110100111111011100010111101111110111000011101011101100011010111100011111010111011111
0101110101001111111111110111011010110101011000111110011111011100010110111010111011011001010110010111110111110111100111110000111111
1110111110111100111101110101011111011101111111001111001110011111011111101100110101010010110001010111111111111111111001101111101011
1111011001000110100110111111011011111100110111111111111011010110011111100111001111011111011111110001011010011110110100000111011011
1011110111101111111100011111110111110110111111101101010111101111111111111000111111011100111000111111101100111011101110011111111100
0110101100111111110110101110101110111111111110011011111011111111001101111111010000010111110011010111101110111010110111101001100010
1101110111001100000011101001111111111101010111111101010111101111010110101111111110111101110111100111110111111111111101001010001111
0111111111011111111111001110111011111111110111110001110110110010111110110100010011010111111011110111111000111101101110101011111111
1111101100001110010011011111000111101111110111111001110111011101011111001111011110011110011111000111100111101110111110101000111101
1011011010101010011011000111101111100000111101111111111110111100110111110001111111110101111101011111111111100110111111011101011110
1111111010101111110100110011111101010111100110111111110111110100110101111110111110110100011010011111100010111111010111111110111011
1111111101111011110111111011100110111111100010111011101110100111110001101111011111011111111111100101001111111011100001010001000111
375 407 416 183 190 188 73 100 