130
130
1001010111101010111101011111111001011101011001110111111110000101001110001001010101101100110011001000100110011110111101001001011011
0010011001110100111011010100000011111000100000100101010010010000010110000000100100010011110011010000001000001011001010001110111100
0111110001000100011100101011011111001111101100011000000001000111010111011010010100010001110001101010111001111101110001111011110000
1100100001100110111111010001110001101000001000111001010010010110001110000111100010101100010100110010110101110100001011011011101010
1000000000101000110011100111011100101011001011111110101100111000100010110110110100111010110011100111111000001011110010001001111100
0101110011100111011111001000010110110101100000001011101001110000101010110110000011011001100111010110001111100100000101000010100010
1001111000101101011101010101100101000011010111011111101001011001111101011010010101111101111001111001110011110010010001001000001101
1010101111110110001000001010111010110100110010100100001110100010011100110111110000000100011100101101100011110100111010110111100110
0110011000111001100010011000000111101111011000001010001001001001000010100000110100000010101011000000011000010000010111101010001111
1010111100111110100000011100000011111110101111101111011010101110101100000111000010100110000001101101000010100000100111111111111110
0001111111111011000000011100110011000100000111101010111101100011111010011001111011001000011110100101111011101001000000011111100001
1000111001111110010101110111110011011001000100001010001000100110000010101010010101000001011101100000011000111010111000001111101100
1000111001101110100001010000000011111100000000011111000100110010111000111111100010110010100100011100010101001111100001010111000011
1000100010001111100001110110100110111000011111110111010010101110101110110110111101110010101101011000011001100000010111101111111110
0010011011110011111110110101000001001000100111100001001011111101010001010111110000111111000111100001111001101010110011010000100001
0010011111011010100010100111011000000101000111011001110110101001000111001110101000101011001101100110101101001100110111101111100110
1101010100110101100001110000001000100000001111010110110100011001110010010110101001110101101111011010010111000100000110111110001010
1000010110101100001010101111110100010010100101101000010101100110101100000100111010111101011110000001111000001101000000011000100000
0001110011111010010010010001010000101101100000110011001101101101101101111011110010010110111000100111111011101001000000010100101110
0001111010110110000100111101011111111111011101010111001001101010100100100010101000100101001111010000001111001111001100000001010001
1000011110001101101101001000111011101101000100010001000100111011011010111100100001111011000011111001100001001001011011110111010000
1000100101000010110010100111100001110001000100101010000011001101001111110100111100101001110111101100000111001010111010110111110000
1100001010111001010001111001011010001100000100110001010111011101000010001001101000011100100110110010110101000110110100101000011010
1100001010001001001000011100100010110111110100000100000100001000011111111011101000110000000000010110011101100111001010011010010100
1110101101011000111110010000001101100101000110011101101100101010101001110000100100000100000011100000111011000000110101000001100111
1011001111001101101011010000100010100110000101110001101010110101110101010101000111011101000001101101001010001110000001011010011100
1110110100100111010111010110101011000000010101101000101110100111000111000010001111011111010000100100100001110101011101100001000010
0101000000100011010111010101111100000001001000101001111010100011000010010010011001101000111001101000100100001010011110111011110101
1100110001111000000100010011010111110101100100001000011001111010001000011011010001100001111101010111011111100100010001000010010101
1101010011000101100111110111000101011001010001101010011000111001100111010100010101101010011100101001001010010010010001000001101101
1110011111010111110010001110111011101001100101000001011011010000101001010010001000101010011001111010011000100110100010011101011011
0001110100110101001010011101100100110111010111011000011001011011110110110000010111110110010000010101100111111001001111010010111111
0101101001100010001011011111001001011010000110011101010000010100011100101100001011111011010111110000000000011011110011011010101000
0011100110111010101100100011010011110011001110111000011110011011110110101110101100110111000010010000111011110010001001001110000010
1011110001000011111010001101111011001100000010010001001000100001010010001101101100000100011010101100111100111010100001010000110111
0101100111100111101101111101010110011001101011010010001011010101001100100001011111111110100001001101001101001110001101011100001010
1000011000010001001110100010110010100010100001001111010000111011111000011001101100010001101001010010001111111111110110100100010110
1111101111010100110100101010000011001010011110011010001000010000110101001100101000110011011001101000110111101110100100111110101111
0001001111111111110110101010111010101111000101000110011110000100111100100111001000001000111001001001011000111100110010111110111110
0001001100110100010110111010110011001000000111101110111000100001111011110001001000100100001101001101100011001100001010100000001010
0001011110100100001100110101111101110010101011110111001101000101101000110100110010111000000010011001000100000010101011011000000011
1100100011000111100110001111110010100010110000101101110001010101001110011101000100001101000011011101011001001111011000010110110011
1011111101000111111001100100000011000001101101011011101110100100101001101100001111100101010011100000011001011010000101000001100101
0101001000011001011100010100011001101011111000000110100110110101011000110000010110100101011000101010100001010000011010110001001010
0001100100111111101100111011101101010010010001101001111001100001110011110011101110111110110100000111100110000110100001111000100111
0000101110010010000110010110101011100110001110101111000001000000100100110000011010010011001110111110110000011011110001001101100011
1010111001110010000101000011101001100001000110111101011110000110000010001000000001011100000110011110110011111101011001101101010000
0011011100111100110111100011000000110101001100111010010101011011100101111010110101111010001000110110100100010010100010001101101000
0010100110010110001011010010010101011101111101110010010000101010001110100000010101110100000011101011001101100011000000000000110010
1010011011111101000000010011011001000111100010001001000110000110100111010000000100010000101100010000011110110100001111011011101100
0011000010101100010101110111101000011000101010100111100010001001100010010001101100111110111100110100000111001100010000010101110100
0101101010010110100110101100110101100001101111011000101100011100111000100010100110101010110001111010000100110010011111011001110010
0001011100010111010111001000111111011011010101110010000100100011110000111110110100010001101010011101001010111110111011001110001000
0100111011001001001001111100101010011000110001111110011011101100010010011100100101111011001100001111100100010011110100010110101100
1001001000110101100000000101010010101101110010101010000101110010001100101000011001100100101011011100101000101110111001011001100010
1100101010100010101001000011010111110100010011101011010010011010011000011001011110001000101111111100011111100101010001000100000001
1011011111010000101001010110100001101110000111001001100001111100000100001000001000101100111101010100101011000001000100100011101101
0011101011001101111010011111011100000000111000010110110101101111110111010001101010111101011110000110011001110000100100111110100000
0101010101100110100100110010001110100111111100111110011111101010101100001011000001000010110100100101100101101100011111101111011001
0001011001100100011011111101101101011111111101010000001101010010001010010110101100100101001011011000011110011111001001000001001011
0101101101010001110011011111001010111000111111100101100111010010100011101001001000100101011010100100100010010111110001111000010100
0101110100000000100110010000100101000011000011001101100101111111111101110000101000111110111111100011011001010010011010011000011111
1100000000001011110101110100010111111100010001000111101000110111011011000011110011100111011000111001011001001100010100001011001101
1001000110111001100001001001101111100110101001011101001000001011101010100110111011001101110011111010110111111100010111111110000100
0101001110100100110111111001100110011000110001001100110010101100100111011110101110011011101100010100001110101000101001100111001010
0001011010010000110001100111000101101001101111000110001111000001100110100101101110100100101101100101010000110000100001111101100101
0010101000011000100110101100110001001011110000100101011000011101110010000110010111100100000100101101110001011000100001000010100111
1111101000000011110101110011010001000000101110101101011000111010011101111010001001110011111010011101000101110000001100001110110001
1010100000001011110111011111011100001111100110111001100000101101000100010011110000010110101001000010010110111010100100000010000011
0011101010101000000111001101111101011001000000110011100000111000111011100010110000101111110100011010001110000000111001000100100101
0010101100000000011100001010100000000100001111100001111011000100101010101011101011000011110001000100000100111111000001010110111010
1111110000001011110101111110000101101001110000111010111100110010011001001110010111100000110011110101101001110110010101011111101011
0000010011111100100001010100110110111111101100000101001011000110101101011000110111010010001000111111000000010111011011010100101100
1111100100101011110001100000011000110010011100010010101000100111101110000001100000111000110101010001101100011000000010011100111000
0011011100111101110010011111110010110110001101110000000010111111011001100010000100010000011100110000011110001101011100010111110011
1110100111001111110100011111100100110111011111100100001001101111100110100110001000100001110110011111001110000100000000111001001011
1110100101100000111100010011111000010011010100011111000111101100100111111101000010011000011000001000101111111101001101011100101101
0100111110111010000101111010111001000000110010001110110001001001100001101110000000100011111111111010010100000100101100000000110111
1001101011010101001110011000000111111101011111110011000000001111110011001000110011001010001110100101101111110000111010111010101010
1010011111011100110011111010100000010111110000000100011011000110111101010010001111101010011011001001100000001011000110001100101110
0101100000111010011011101101101011001111111001001011000001110000101000001000110000101101011100101100011001010110000010100001101110
1000110110001001100011100001011010011010000000000101110111001101011101111010100011100110001111110011110100101100001110101001000110
1100101110110101001110010110110100100010001000000101111101100101001010010100001111001100111101111111101101110011011101000010100100
1111010011100101011101000111110100011010011001001011101010011011111111000000001111111101010111010101001111101001111110110001111011
0000110001011000000000001110011000111010010000000010110001000001100111010101011011100001100011101111111110110010101100011111101000
0100000010110101101101101100100111101010100011011010010010100110000010101001011011000100101110100011001001000001111000110000100000
1101000000110001110110101010101011000010110101011001110100100011100010101110111110100010100110100010111111011000100000011100111001
1101011011101000111101010111110000101100111001011100111110101000111010100111001011000110001010100000101111111010011001001100001000
0001111001011110000101110111101000100001110101010111011100110001111011111111011010010110110011110111001000010000001001011101001001
1100110010111101110000101100100101101011110111001110011001111110011100111011000111110010111010010010101101010110001111010000100110
0110100111110010011011111100000011011010111010110010110011110110011011111101001100100111000001101101001011000110101001000010011011
0010101001011101101100010010111110101111110100010011101001011110010001011011101010000000010100011010001001110111100011010010000111
1110101111010111111100001011010110111001110101010100101010000111011111010111111011000101110010111000011110110011001111010101100100
0100100001100100010010100101111110001000001000010011000000101001010010101111000000010010110111001001111001100011001010110110111110
0111100100111110111100000100101101111111111001101100110110011011000011001001101011000111101000000111100000100010110010110110010000
1010001111010011011011111000010100111001101011010100110111111100001101100110101011000011100101001000001001011011111001011001101001
0010000000000010000000001001101101001001100000110011000110001010111101111100101001010101010111011011001001100100101010011100111000
1111000001100111011100011111011000001010111001111001111011011000100111100111000110110000001110111111101000110110101100011111001101
1101100101111000101000001111001011101011010111100111000011000000001100010010000000110010011000101111110110101100010000010111010101
1001010001100111000100010111000111100000101111011010110111000111110010011101101100110111101101010011110111001011000001001001010100
0100011010111011011110000010010001001100000110100111100101110100001110000011011101111010101110011000110001000100001000001001010000
0010011001001110001011101011111100101101111000100101000000100101000100000111001110001111010110001010000111010111100100010010111011
1001100010000010110000101000110001000100001010000101011110001111001101011111110000111110011010000010001100110010100110110101001000
0111100101011001011100010111000001011100100111110100101110101001111110000111111110011011001000100011101001110001110110011111100011
0101101101101001100101010100111100001010001011000011100101011101110001101011000100111001110001011100100001110110100011111010000101
0100110101111000101011111000101111011100000000100000110010101001001110101010110100000010110111101111111101000000111110110001011010
0011011000111100111010000011100111010000000010010110100001001101101111000111001001000100110011110001110000011110000111101000110101
0100110101010111111000001001101000010100000001000101101001000100101100101001100000010111010111111001011011111000011111000010111001
1110011110100011011100110011000101011111101001010110100110001010000110110101110011111100010100000000010010010010010010111111001100
1000101111010011001100011000110010100011000001100011101100011011110011011001101100001010110000101111110001001010111110010110011100
0011011011000000000101111100001010000000010001001110110001100000111001000010100110000110011010100110110000010000011000110010010110
1110111000101111111010111111101011111101111001100111111111101111010011010111111100110010101001000000110000100101011000111000110011
1111011100001000000100010111100111011011011110010101000110010000110011100110100010011000110011010010111110101001000001101111101100
0101010110111110110010100010011100111111101111101001110010011000101010111101011001010010110111001010111101110000111001011001101001
0011001101110110000110100110000111001110110101101010000001010000111110001110011001110000001110011100110101101101011000001110000011
0010011011000110011000110111110101101001000001100010100101011110011100110111010100111011010100001110001101000000010111110001110111
1010111000010000011101101101000110101110010101101000011111101011110101110011111110100111110011111111010001110000110010111000111001
1100011010001000111111111100100011101010110000100101001010000111011010111010111100110110001110010110000110100101111101000000001010
0010111110110001001110100000111100001000100010101011000001000111100110110111100000100001110010001101011101001110010110000010001001
1110001110000101011100110011100000011000101010110001000000001010101001100110100100010101001011010010010100111110110110100000001001
1111110001011001000010111110101101011011010110011001010011110010011101011101111110010100111011110000001100001110110001010110010100
1011111111100000111101110111110010011010001001111010001000011001010101011000011001101011111000011010011011010011011000010001011111
1010110111110111000010100111111001011100001000100010011100000110000101001000111000010101101101101000101101110111111010001101011000
1110010001000011000110110001101011101010001010101100100001010110111011001100111101100001111011001110001111010011000000110011010011
0011010000101001000100010110100100111000010101010100101010111111011101000001011110111010110110000110010110111001011111100011011010
0110111001100000101101101101000100010001000011011000111011001001100101001101110011010110000110001101011110000001100010100001101110
0010111001111000010001101010001111011010110111001111001001010000101011100011001110000111011110001000101100111111001111110111000010
0010100011010010100000001011100001001011000100110111111001001010010000110110010000110001101011111000100100000011111011011010001010
1100011001001001101111111000001100000100001100111011001000101111101010011100111011110011011001110010010011100110001011111110001001
1010110000111001100111101101101000110000001101000010011011111000101010000100100101000010001011011000110000101111100001010001110110
329 339 364 168 140 174 91 89 