130
130
1111001111110101110111110101101011001011101100011110111100101010101011000101111100101111111110011011011100101001110010010110111111
0010111001110001001110001101001101111011110101100001010111111011001111111111000010011011101100010101000010101100010111110110111100
0001001011111101011110110011011101101111111100110100111101011101110010101011010011101010100001000001101010111010001101110110110010
1111101100111110011101100001001011101110001011110001011011010100111101110011111111001011111111010111010011111111111110100010110101
0111100110100000101010000111010001010100101101101011101110000100111011101000111011000111111001111111110010101101000001110011110110
1100100111110110100111111000001111100110100110110110100000100011101111111000011011111011010101001000110011100001111100111101110111
1110011010010111000000101011010111010111111111111101111111110001000101100001001111111111111110001110001110111111111001100001101101
0111101001000110011111110101101001111110100110100101011111111000100001010101101111001010010010101111111110011111000111001011010010
0000010010011111100110111011111101111011110011110111110010011110111110111001110111010101000000110011101100111101011101111111000111
1101111001111000111001111101111011000011111111101011111101011011111111011110110001110010011110011010010000101011111000011111011011
0010011010011010111011110011000110111010010111011110011110111110010000100011010010110100100011111010011110100011001100100111010101
0101110000001011010111101011111101100111111011111101110010011110111101010001100101111110001001011100000111011001010010110111110110
1001111001011010111110010101110101110011111111100000011001111110010010111111111111001111101001110111111101111011010000101010111001
1111101011110100010111001011110001011100000000000011011011110101101011010101011111101010000001110011101101001110111110111000000101
1111110100010011001101010110101110111110100100100010011001110111011011111110101110000101101010111000111110010101110111101110001110
1110110010001101011011010011011110111111111110100101011001110111111000111000101101101011011010101011101001110101101100010101011111
1000110101000111110000011110110111001110010110100111110010101111111011100011111101011011110110111000111110111111011001000001111010
1110011011110111110000011001010111110101101110101101111110010100010011101111110100110010101110100001101101111011110111101111110110
1100111111010001111011100110110001010011100011101111101101111100100010011101010101011011001111000101100010111110110110100101110010
1011101111110101101111011101010111001100011101001101101111110111011111111111000010101110110001111111100111110101101110010100110000
0011111111001111101010001001110001110101111001111000101101111101111111100111100101010011110011111110110111000101001111111101010101
1001011011100101101010011010000001110110111110101011010011110110000110011001111101101011010011100110111111110111101101101010011111
1111110011000100000011111001011101101110111111001111111010100000110011111111110000110011100011110010000100111111100000100111111110
1110011101000111111110000011010010111101101011011110010010100001111010111111101001111100011111100010010111111110101110100110011011
1100101011100111011100011111011001111010111000101001110011111111110101101110110101101001011110110101101010011100110010100000001111
1101001110111100111100101110111100111101111010110111010001100001100011111101111110111110111010010101000110111110111011010011111111
1101100110101011111100001111010110000100001001111011110011111111101110011100010011001010111111110111111111111111100101110100010100
0110111110011100011101111001100011010101000010011101111111010010111001111111001001111010101011111110011110110111111111010100010110
0101010011100001111001111001011001010111011110111011111100100010001110011101010111101000000111011101110011100111101001100101110100
1111111111111010101011010101111110101011011011000111101010011111101110010011110111111111000011011000100101111110010100101110001011
0110111111100110101100000111011001101110101010011110010111010111100110101101010010011111101011110000010100111100001111111111000001
1001001111010110101001101110101111111000010111000001101111011110111001111101110000111111000111001101011111010101011101011000010011
0001001111110111011101111010000011000101101111010111101100000110001011101001101011110011110100011001101001110111111110101101010010
1111101100011110110101101100100110110111111110111001111111111011010101111101110110111011011110110100011101001000100111111101011100
0101001011010111011101010010100010010010010111010111110011001011100110111001101011100111111111111111111001100110011111100011101111
1001011011101111001110110101101111110111001100110011001101000110011001111101000100111001110001100000011110101101111111101011111111
1101011100001011001100001111100111111101001111011010001101001101010111000000001010100111110101101111000111111110111110111110000110
1001111111111001000111110111011000010010111110110111111111100000010110111100001011101100111101000101101111101101100100110101101001
0111000101111101100001111110110101011101111111011101111101010111010111111001011010110111100111101011101110011010000010001001101011
0101110010110001111110100000110111010111010110001100011111100100011110101101101111111010101011111101000010101000111111110111100000
0101001001100110010111101001011010111100110111001000110110101100010001001100101110001111110000000111101110110101101011001010011010
0111111100101010010011000111001101101010111001011001000111100111110010101010001000101000100110110011001100010110100011100100101110
1011101011100101111101010110000100011101101111111001100100011000010111110001111100000110111101011000110110111011111101110111100111
0110001101110111101111011001101001111101000001101110011001110111000111001110111001111000011110010111000101111111001110010001011010
0100111100001100110000110011111010101111000110011010000110010101011111101111000010101110111111110001110101110100100010111001010011
0100000010101011111111110100000001010101010011010111110101101101011110111011010011110110111110011111111111111100110100111101100011
1011110000110100101010111111110110111110011011000101011011111110101011100100110011110010010011011111010100101110011101110100010100
0001000011001100111110100111111100011000111011010111000001111001111101000111111111001111111101101111011000110111010011011110111001
1110101100011101101011110101011100111001110100111111100101100000110011011001100101100111010111110101010000100101001001000101100001
0111111110111000100000010011111001011111110010101110100101110011011011111110110110000110000110000010011011001000000001100000001011
1011011111100001110011011010111110111011000000000001100001000111111111010011101101111010111100011010111111101111101101011100111110
0010011111111011111110101111011111001001110101111110100001110111011011011110111110111110011101111111110100011011000001001011110101
0000110101000100011111001101111111101111111101110111101110001101011111011101101100110101101110011100001110011000111100110111000011
0100101011111001000101110010101100000101010101111110111111110001101001100100010001010000110110101111001001111010011011001111110001
0101110010100010101111111011000111100011110111110101000011101111011110011010001111011101101100000110100011101111111111100011100011
1111101101010111000110010011111110111110100100011110010111101100011111111101111110101111001111111100100011010111111111111100111111
0110001011111101110110101010101110001110001111001001001110001100001110000011101110011101001001110111111101101110011111101111010010
0100011100101101111111111111110000101110111010101000111011010100111111110111010101011101100110000111111101100101010111100100011011
1000011100000111000011001110010101011101111101011111100111110111101011100101110100101110101010111000001111010101011001101111101111
1011010100011111111100111100001011100000010000011101111001101011110111100110001111010101010110110010000111100011011111101010000111
0011011100000011101010010110001101110111001001111110001111101110111111111001010100010001101101011110100111110111011001000110111011
1111100111011100101101100111110110110011111101110100100001000001011111010011010101110000011010011111000110111011101100011100110010
1010110101000001111101110101000011001010111111010001110010111111010101001011111100010111110011111101111111111101101010110111000010
0100100011000001111011011100111101111110111011101110010111100101110011001001110111110010011000101110111000011101101101111011011101
0110111010101110101110010101011011011100111111100001010101100100101011110101011110011111011101010011011111010100000100100111100111
1001001100111101100010110111011111111110101100010101101101110110000011001010110111110111001010011101011001110101100101110100110100
0111111111011110111110110111010001101010111011011111110101110101101101101011100000010101101000110111101111100001110001111011101101
0001011000100101001100001010101001011110110010010100100010100100110011111110111111001001100111100011010001110001100010111110001111
1101111100001011111111101111001000110001111001100001111100110110101000111111101010111110101111111111110101100110100010111111100100
1101101100000111001101001001111011100111110100111000101101011111100100101111011101010100000001101100110111111000001001110101110110
1111001010100010111001100100100111100110001100100001000101111110000111100010101001110111110100001100111110001100100101110011110010
1111000011111100110100101110011111000111001110100011111111000111111111101111000001111101110111111111110010011001111010110001000001
0111011101101111011111110000011110100000111100011101110111110101001011101111001100001101011101111011100101111011101111101011111010
1100100101001010111000010101011101000001010111101001111110000010111100100001111001000010111011010101110001100110111100100101101110
1011011011101101011011001010111110011001110101011000011011101101111001011110010101011111110110110111111101010100110001111110100100
0111000111100111001101001100101111011000111001110011100100011001101101111111011110011111011101010110010111101110110010101010101101
1010000111110101101010011011000110011100010101100011011110101011101010110111111101110001111000111011000100000010101111100100110011
1011110110101101111111110111110101011110111011101111101001101001011111100101110111010011101111111011100110110010001110100100101101
1001100110010110101100010111110001001111111111011101110011110101111111010110101111001111100110010111100011110101101111101010111101
0100010110011001010111010000101011110110000011011111010110000000000011101100000011100101011110011011100100001001111011100110111000
0001011101010111011001001011111101011111110100101110011101101101011001111101100100001110000010100000111111100111111011011010010000
1011110011100100110100100010101101010101101001111101001101111111111111010101111100110011101011110011010111101011011101010111100011
1011111110101101111111101111010110000101101110001100100100010011111010110110010110101111101100101110101110110000011011010000101111
1100001010000011001101110000101011000011110100110111111011110101010010111011101110111111000101101110111111110111011000101001111111
0101100011101001101111110101100110110010000111011010111011101001001110110001111011011101100100100000111110110111111101101000101101
1101001010001111000011011111010011111001100111010001110101111010001001111111100011011110001010100110110111111101000100010100101101
1111100100110000101001011001100011111101011010110100100110101101110111011110110110110000110101011001100110111100100111100011111011
0011101000101100011110110100000111101111100011101111111010000111110000100111000011101101010111100100111111101011111000110011111111
1011110110011111010100011000111000001111000111110011010111111001100111111100110011010110110101110110010101011111000110010110111111
0101110111111011111001111001110001101101100000110011010101011101110110110011111101101010111110000101011111001000110001111101101110
1001111101100011000111000111100101111010111111101110110101100111101110000111111100001111011110010101100011100100000111111101011101
0101111101000100110110110010110011011010011110011100101111111000101110110101010100010111010110001100011011011010010001101110111101
1110101101101110111111001111010111101100100111011111110111100111001111110010110100111101001111100111011000001110011111110111000011
1010101001111001010011001010011110101001100011101110001010001100110111110101110011011110101000110110001010001111011010011100101100
0111010111001010101110110011011100111000010001101110100111100011100101011111000110100001100011010111110110111100101010111100011110
0001011111101011101111101110001101100100011111110111111111010001110110101100000000111001100101101010100000011100110001111100101010
0111110110010111111111100011010111100000101111111101101111110011110110110010000111101010111001110111000100111011010011010010000110
1111011110001100111111111010011000100111011110101010001011101101000011011000101001111100100100100011111101000111100111011101110011
0000010000101001111111100011101011100110100111111111101110111011011001010011111011011101111100101110110110111100100100010101000110
0111111101110110011111001111101001010101011110100111001010110001101001101101010001101010101001111011011101101101010111111111100000
1111110101111010101111110101010001010001110101111101011010101101110110101100101001111101111000011011111010101101001101110011110011
0110101001111101100011111010100100111101101110001110011111011011111011000100111011001110110100101110011111111110011010100111010101
0011001001111001101001010000011011111011011011110010011001101001101110011011011000101001011101111110000001111101101110111101010001
1001000111101100110001111011110101010011000111111110001001001010111111100011000001010001010101111111111001011110001110101111000010
0100110101011110111111111010101110101011100011111000101010010100110001000110101110111111100111011001011110100110111100111100001011
1010010111010101110111110110101111100100111011111110111111101001011011111000110110010010100011010011011110001111111010001001010001
1010010011111001101101011111110111111101101011011001001110110011111011111011100101111101111000101110111001011111101101110101011011
1101000111011011111010101111001011101110110110111010111101001101101011100111111011110001110110101110111111110101110101001000000000
0011110011110010111000011110110000110001000011000010011111111101110111110101000010011110011000101100101100011011010110101010111001
1010010011110010110011110101001010011011001100001111010000010001111111101111011011101110111011110001111101111010101011110010101011
1010011101101011010101111100110010000110110110100111110010111010101111010110101100001010010110101111111010011111010000101110100110
1100101111101000101101011111111101111110111111001000101110100100110011110000101011001111010000110100001000011100001011010010001100
0101111011111110110101110110100101001101111000101101111001101110011000101100010111011001111010111101111101010101110111110111111100
0011101110100101111111001011100111101001111101011111011100000111111000110010101101011111100100110110001011000100111010000010111101
1100101001101110001011110101001011001001011111111110111010001011111001010110011000100000111110011011101100111110011011111111000110
0010011110011110010011101110100110111111111111100011001110010111001100101010101111101110010011001111110100111100111011011001001011
0110010111110000111011110010011101010010101101010001101011110010110111110111011100111111110001011111110110011111011110111101010101
1000110011011100111111110110110000001011101111111100010011111010001111011101101001111111000001001110101101011101101110101111110101
0100110011111111100101010110010011101111111100010101110111011110111111110101110110111110111000000100001101101101101010001001111111
1000101001011111100101110100010110010010000001111010001100011000100011101100100101001100100110011001010011100100001110001001101111
1110000110001101110011111101110001111010010111110100011111111110001111111111100101010101011001001100111110110111111010001110101011
1101000110101110010100011001100000011111110111110111011111110011111011010110110111001111101010101001110011110100100100111001010000
0001011110111111011011100000111110010001001110000000111111011001111001110111001010001110010110100010101001111011001010001001110011
1011001011111110111111111110111111111000010101010101111101011100011111001101100011101011011101111111101000110101011110010101100010
1100110110100011110000011011101111111110001111010001001110010011001011011011111101100011001011010110011101010011011101110111101100
1111100010010011101110111100001101011110000111010101010111011101101001101011101011110101011100111000101110010111010101100011101011
1001101111111111111110111101010101101011011011100110001110001101011000100011100010000010110100011001001010011110011101101010111011
0101010111110001101100111011110001011100011110000011100110101101110110100100100111100111000010011101111110100001011101010111100010
0101010000110011001010111011110111110000001101001011011011011001011100000011101101000001001111111111100000111001001010010001000011
1100100111111001110010001111011101000100011000001111111111110000111000110100110111110100110011110011101101111010101010000110110010
400 404 373 191 214 208 102 118 