130
130
1000001001001111001111011100110001111000101100011000011101010110011101100111001110010110010111010000010110100100110101001000110010
0001101010001010111000000101111010101111111000111110010010110111001100101000101000110110100110110000101000001010101010010100010011
1011100000100011110010100111001001100111100100001010010000100001011110101011001111110001001101100100001011100101011000010001110011
1111111100010011000001000110101001110100110010111101000000111011010010101110010010001011010000001110100110010111101100001101010000
1001111100011011101010001111101100111110100111101101001111001100111110010011111100110111001001001110000010100001101001000110010110
0100001011010001011100010000111010101110000011010011100001100000111000000010000101000000110110100100101000011010110010110010110001
0110111001111101100110100010001000011011100000001011111011000011110100010001010001111000000001010000100010010101101000010111100011
0010100000111101111011101000100000110100100011100010011111001100010111010101101011011011001000101010000001111000111100011100011010
0001010101011110111001001101011110101000000101010110100010010001011101100001011100101010101011111000100111110100001101011010001000
1011011001110001001000011101111001010101110001000101111000111100111000010011101010001101111000100100011100011010001010101011111001
0001110000100001101111001111010010110001111011101011100110111111101100010011010010011110100111100101110010100110111001100110100011
1100001111111010010100000110000101001011111011010011111111000100001011000100100110110100000111000011010111111001011101110111100010
1110100010011011100010011010100010010011000001111001101010010100001101010110000010101001110001011011000010111111111000000111010011
1101101111001111001010110001010001010011100110011101110010000000011000001110110110100001100100110110101111001111100011110001011101
1011100111100101010100011101001011111100100010100011111100011010001101111110010000001111000101000100010000000001001011011001001101
0011000110001011111110110100011011101110100011110011100100000000111110110011100010001111100000010101100111111111110001001010111010
0000110000001101100100000011110111110110001101001101000011100001101001001101001000101111000000010011100001111011111111111011101000
1010000110110111010000001111010110111001000111000000001000110111111100111001000101010000011110001100010101001110010100001001011111
1001111001110100100011000011010011010101000101000001111111000010000010110010010010010101111011010100010100011101110000001001001001
1101100110101000110101100000001110111111010111010110010001000001011010100111101100110001010101110000110111100100100010110000011101
1001100001111110010011011110001111111101010001110010011100101100100011101101011001011000011111011010111101011111110001000011111101
0000111011110001010100000110111001001011111101110011111010011001001000001110011000111000110000110011110101100101100111110100110000
0011111011111001101101001011101110101001110100010001100010001110111111110000101010111100111100010011101111100101000000001001000000
0011110000000000111010111011011110110110101101011110100001010100101100101110111010011011110110111100000011001110000011101100010010
0000111011101100100000010101011001110000100100100001101010101011111000001111110010000101011111101110001011111110101001100111111101
0111111111011010101010101000011000101010110110111010110010111101001110110011111110100010011001000011101101101111100110101000100111
1001100110000000000001111101111000001110010011001101100011001001101110011000100000100101111001000111010101111111011000000011000110
0111000100010110010011000111001110101111000000010001001001001010111001111011011010011100011100011100011100000111100001010001000111
1001110100111000001000011111111100001001001001110010101110010101101011011000011001100010010110101111111110011001111000011111011101
1001100111100001101111100001100011010110000111011111001111101101011101110000000111110010010000001111010100001101001000001010111010
0100000100101000100010110101010111110111101111000110010000111010101100010100000100011101001011001100000100100011101111110010011011
1001000101010010011100001000101011000111110010100001111101001001010100011111000101000010010101001010011000010000010011011101000110
1010011010000100100011001010100010001011010101001001001101110010100101110101010100011010110000000101100111111000100000100001011111
0100010010110010111001110001010111001111010111100110011111010010110111011011011100010110000111000010100100100001100010101001001011
1101011000011001001100010000101110001000010001110000110111001010000010011101011111011011010001011110111011110111101100110101111001
0111110100101011011111101001010110110101001011001100101110110101001011111101110000001000110100101010101110001011000111110110001010
0010010000100111111001011110110100010000110101000101101100111000010100000000101100111110110111011100100100001111101000100010100111
0010101011001011001100001110110010101101101111011111110111001100000101010010100100101100001010010001001011111001000100100001111011
1100011001010101000011001010001011000110011001001101110001000101110100010001101111111011001101010011110011100110111101001001011011
1101101111000010011101011100010001010000010101001110101010001110011111110101010111010010100001110000010010101010000111111010010111
0101100010111001010011010010110101010001001110011111101010000001101100111111101100110011101011010000010010001101110001111111111001
1010100110111010110010100110011010011110001010101010011100001010110000101110101011010100010011000000000001000110110000111000000101
1000101111010111010011100000110001011010100100000111011101110010111110001111111011111010000111110101010110110001101000010011111010
1100000100001101100110101101100000011000011001101110111011011011110100010000000001011111011001011011010001101110000100101111110010
1101011001011010000011101110011001010000001010111100110101000000100001000110111101011111101110101111010010111110001010000011010000
1101011011000101011000101100011101011110001000100001101010100001011111010011010101011100110100010101100000100001001011000111001101
1010001010011010011001110101110111000111111111000101100011111000110101000111001011001010010001010110101110001111111100001001001010
0111101110110100011011101110110001000100100001101100010110111100011100001100111101111111100000110000101011001011001000101111010111
1100101001011111111110110110101101100111110101100010000110001011111111000001111101110100111000110101110101001001001111101011000100
0111011010011001111000110001000011111010011000100111000011001010000100100010001101100011010110011101010010100010111101001111110011
1000011111001111011111111001100001100001100000110100110101101000101111001011010100010001010100000111111101100010011101011100111110
1111101110110101111000111100000111111101010100000011101010011101001001011101011110100000101001011100101100001111001100010100111110
0101100010001011110110101110110011100111101000110110000001011111100111101000111100001000001100001110000100101010011111111000001000
1111101000100110010011101101001111100000101101111001010001101101010011101110000101110101011111000010001110100101000001110010011111
0011101100000101000101010001100101101001110010010001010101000101001000100010101110101101001001110100010100001110101010000000011010
1011010001010001011000000111001111110110101010111001001000011111110001111111000100001110001100110010110101000110000011010001000111
1101010100000100000100100110011010101011000110000010111001101111001100000111110001101100101010000010101011000100111010000100110100
0101011111001011001101110011011100111100011111111110111011110000000000000010001000101001101100110100001111001011011111100110001011
0001011101101100011101000011011110010100001100100100111101100100111100110001100010010010111001111101011010001001011110111100110111
0100111000111110111010001001110011011100101010110011000000100100101111101011100011001111100000001011000100010011110100001101101100
0111011010100110000100110011000011110110010111100011001101100100100111011111010001101100011111011001001011101100001101101001110000
1101010111010011111011101010100101100001101100110010010100010110010101100100100110011101110011000010100110011000000110011000010101
1111011010111111101100111000101011111000110001100010011101100011000010010100011010001101010101011010101110000011111000101111101101
1010110011011101110001100001001101100010011101011100000010100001100101101001110101110101111011101111111010010000001001100010100001
0110101011011111011100000010011000101011101111011100110110010111001100110101110101011011110011000011101000101001000100101111111010
0000101111010011000110101001100001100011000010101001111011100010001011101010101101001111101100111001110000111010110100111110010011
1011000110000010011101101101101001010011111001110100101011011001011000011101100111110001111010101101011000001011010011101000001101
0011010110101010010000001011100001100011011100010111100111110010111001101011001111111111111010101010100000011001001011101110011011
0100111010111000010100010100000111011001110010010111111100111100010110101011100011000110101100011000000110000100010101111010101111
0100101110111000110000100111110000100101110111111011010001100011010010001000111100000010011100001001110010001010111001011100100010
1100010110011010000100010001110010000110001001001110011011101001110001111111100001000101100001111111110011011111011101110111000101
0110010110011110100001110101100101001011100110000111000101010111110011011110100001001011010111000100001001011011110010101100110111
0011011110111110101101010100011111011010101101101011011111101111110111010010101111101111010000010000001111110101011100001000011110
0000010101000101100101101010110101110101001010111100010000111001110111000011011101010110110100101111001000100101101011101110001010
1000100101100010100110110000010101000100001111001001101010011010000000100000001100111101000001110111101110110101111110101010101001
1000110111000100100011010011011000101000001000100011110111111001000011101000010011011010111110001110101110011100101001000010000100
1011000110011000000011011010110100011111001000000110000110000010000011101011100001111100110010001000000010101001001111110001011101
0110100011101001110011001111111100111111001111000010111100010001101111011100001110100000110011001100011000111110111101011000011001
1100110110001011111000100101011000101011000101010000010011111110011101111111000011010110011001101111110000001011100010000000101001
0011100001010100100101000000110000100011000100011011100110111101101000001011010111111001111111101100100000111011101101000101110011
1101101011011001011011011100010010110000111001111001011000001101111000101011011001101101101100010110110111001010101111000000011111
1011011111100010101100000111011110101010110101111100000001111001001010001011011101111000110010000001100001101000101100001100101111
0110101100001110010101111110110111001001101011000100101010101010010100111100010000100101100010000111000010101001001110100100010111
1001110110111111011110110100000001111000011111100101101110100011111001101010000011000100010000001010110110001000001101011000110011
0111011111010011011110100010111000000110001101111101110101011011101101011011010011111011110101110101000111111011111111111011100111
1111011110010110100100101111101010111110010100100010111011111110010101101010111010100010011001000011000111111100010000110100001001
1101100011010110110111111011111010101011000101011110011001101000001110000001111110110010000001000101010010100101101010110100110000
1011111100010101100010100111000101100101001011010110001001011101101101011011011000000110111110110100100010010010011001101001011001
1010110001001111111101011111011101000001001010011110110001000101111001111111101100110011100011010001000111010010101111011100110011
0100110010011110000100001111100110010100111011000110111001000100111011011101010111001000001110111111000101010101011101001101111110
1010100101010010011100111010100110000000010101100110101110010010100010001000110010000000010100111110111000100010100111101110101111
1100101000011100000010000111000000000100110110110011111100001101101111101111010111010110110110110000111001010000001001001111011011
1101101110100011001110000100110110011111111000010100001000011010010100001011111101111010110011101100111100010010010010011100111100
0001011101001010110110110100010101000011011101010111010111011110011100011111010111000011100110100011011110111010001101101001011001
1110110011110011000101100111001010100111111011101101011111001100011000010111000011111010000000100010111110101101111100110111000000
0111011010111010000110101001110110110100000001111001000000100100111101001011101111001100001010100111100000101001000010001010111110
0101100001010101010100101110110111011010011000100100111100110000011011011000101001111001111001100001101111100011001100101101010011
0111111111010001110010001110010000010000100101110111011011010100011100100010110010101011110001110101000001110101101101111010010100
1101111011100001010010000010110010111101110011110100011010101100110100110011100100001101001101111111010000011010000011011100101011
0100010000011001100110011011100001101110000100101110111010100010110000000001000011110011100111100001001101101010000011000110011110
1011100001000110000101011000110010001011100111111111011110110100011110011110100101100001100110111101000000010011110000011100111011
1111000000000110010000110110010011001111110101111001100111111000110001000000110011110110000011100111110101000000101000100000011110
1110100111110000011101011001111111010110101010101011010101111010100101100001111001111111010111011111001000011001010011101010000111
0111001111110110100000011101001001110100100100000001101011111111001110110011111111000111110001111011011000101001100110100011001011
0101100001111001001101011010010010011011011010111010010001010100111001010110101110100011110000011111110011111011111011101111100101
0011001101111010101010111001111001100001111101110000010011101101101110111001001000001010010100001000000000100111010010001011001011
0111000100111111111010110010010010011101011011100101010111000010011010000001110001000011000101010100111000001001010110100100000101
1001001111001110001011000010011100101011101110001011011100011010010010101100000111000001001110100001001000000101111101111111100100
0010011111100011110000110100000001011001001000011011011110000100010011001100010101101011101011101011011000011100110100001110110000
1011111110011010111001111011001110111110100000110100110010101001111011111110011101010001100000010111110011011010100110000000110111
1111010110101010111101111101100101111100100100101000110101111111101011111001101110001011101011101110000101110010100011101010110010
1100110011011110100001001111011000111000111101100000111100110011001101011000000011001100111101010100100001110001011111010101101001
1101111100000111001111100010010111001000101110111100000000010010001000111110010101000001010001000010001101101001101101110100000101
0111100110111010000011010110101010100111100111010001101000001000010111000010010111000110101110101010011001110100110010011110000000
1111001101100011011011000111100001010000110100010101100000010101011000000000010101010000010111101110110101000000111100101001000110
1100011000001000101000001011110010111110000000101111101101110111110000000011000110111101000000100011010011110000010001111010011111
1001011110001010000100011010110000111010111011000001100100010001001010000100101010011100101110100110101111010110001010100010100011
0110011000100110101010000111011010000111010101100000011010000110001110010110010000011111110111000011101011000110011101100110100101
0001011001101000111011001111100000101100101001001010001100101010000100011010110100001101100100011011110011111100010101100111011110
1000000000111011010110101001010010100100000000000101001000010101001011011111111101000000101011000110011001110001010110000010000011
1111100001000011100000010111111110010110111110000100010101110011011010101100011010100011001100101010110001110011011100101101000110
1001111000111100110100010010011110010011010101101000110000111101100000001100010101010111011000010010110001011000001101011001111100
1110111100110010000100000111100010001010111010111110110010011110110010111000000101010100000000001011001111100101111100000010101100
1110011010011001101110010101010101101101110010110001010000100110110101110001100011001011100011010001011000100110000100101011001111
0101100111011100000010110101001100100110111001000101111111111010011111110110011100101100010010111001100111111010100110101010111101
0010010010000100000000110101000011010000011110101111101111000111111101100010101111100111101110111000100100011001110100110010001100
1101100111011110010010111100010001011111111000010101100000100101101000100111010010110001101010010000001001101110110010001011111101
1101000000111110100111100011111101101110100111110001111100000000000110111110111011100010000101011111100000011110100011001110100110
0111100101111110111111111101001110110110000001100100110010011100000011111001011001001011101101111101000011010110110100001011100100
1101111000000010110100110100110100110000111010000111000001010000111011101010001111110000110110001000111010110001011110111100010011
197 228 246 102 118 117 48 53 