130
130
1111110111011100110111111111111110111011011111111111111110111001111001011111101111101111111111110110111111110111010011111111011001
0001111101111111100111101101110011110111011101010011110111111011111111101110111111101101110111011101111011111111110101011110100111
1111110110110111111101111111111101011111110111111111111111111011110001111101110111101011111111111101101110110111101101111111111111
1001011111111111110111110110111110010001110111101111011111110011001111111110101111111111101101111111011011011111100111111111111110
0011111111101110001111111111111101111101110111111111111110110011100001001100101111111111101101101101111110101110110011111111011101
0111110111111101100111111101110011111111110101110010111110110111111111111101111111111111010101011001111101110111111110111011010111
1011011010010100111011111011111100111101111111011111011011110111111101011111110110111111110111011110110001011111011111111111011110
1111011111101111111111111111011110101011011011001101101111110111101101111101111111111111111101111111110101110111101011110101111111
1110110111110110111111111111111111110111101111101111010111101101111010011011111111100111111110111111101111111111111110111101111111
1111111111111111111011111101111011111111001110101010111111111101110101011101101111111111111011101101101111111011111111111111110110
1111111111111111111111111110001011111100111111011111111111010011011111110100011111111001111010011111110111110111111100111011000011
0011001101111111101000111011111111110111001100011111100101011111111111101111111111111011111111011111100011111111101101111001111111
1111111111111111110101011111101111111011101101110110011111111101111011111111101100110110111111011111110011010101110100111111101111
1100111111111100111111100011011111011111001111101011111111101101111001011111011011111101000011111110101111111101001011110110110111
0101010000011111110010111111111011111000011100111111101110111110001100111101111111111110000111111111101011111110111010111011001111
1111111111111110111111101111100011001011111111111101111111110111010101111011011010110111111100111111110101111011011011110110111111
1011011111011111111111101111111101110011011100111111011010111011111111010101011111111111111111111001110111110111101111111111110111
1111110110111011111111011111100010101000100111110111011101011011111111111011101001001110111111110111101111111111111111111111111110
1010111101111111110111111110000111111111111101111011111111011111110111011110111010111111111111101100111011000111111101111110011111
1100011011011111111011111110111111111111110111111111111011111101110111011101111101101111011111110111111111111111110011111111111010
1111111011100111010111001111011111111111111101111111111111100110111101101011111111111110111110111110110101010011111111010101011001
0100111111011111111111110111111101110111110001111111111111111011111111001011111111110111111111011111110011111010111111111110110111
1111000111001011101100010101111111111111111110110011011111111110111101111111111101101111111011111111001110110101101111111111001011
0100011111101101011011011011011111110110110111111111110111111110110101101011111111110011110101011111010111101011011111111011111010
1111111110011111100101111011111111111011111001011001111111111101111110110011111101111111111110111101101111001111111100111010111110
1111111111111111111110011011011111011111101111111101101001111111111111101111110111111101111001011111111100101110101111110101111111
1110111011011010111101110010111111110111111110111111101010111101111011111101011100111111111010111011101011111111111011111011111110
0011111111110011110111111010011011111010101110111111101111110101110101011101111011111111011101111011111011111111111111111111101111
1111101111001100100111110111111110111111111110100101111111011111111101111111001101111110111110011111011111001011101111111110101111
1111101111100111111111000101011101111011111111111111111110110101011111111111111111111101111111111111011100111111111111111111011111
0111011110111111110111111111101111111110101001011111111111111101001011100011101111101101111111110010111111110111011111111111111111
1111110101011111011011101111001111011101101100111011110111110111011111010011111110101011010111010111011110111011111111110101111111
1111010011000111111110011101111111111101101111111011101111101111111011111111011111111111111011111101111111111011111111111111111011
1101111101111101010111011101011111001101111111111011011111111110111111111100110101111111110111110111110011101011111111111111111110
1111111111110111111101111011111101111111011110111010001111011111111101101110111111010111011101111110111111010111001111001111111111
1110111111011101011111111111111011111110101001111101011101010111011111111111111111111111111111111111110101111011000001111110111101
0111110111111111010111111001101111100011111111111111011111101011111110111101111111111111111111111111111111111111110111111110110111
1111111001111000001111011111111101101111101110111101110011111111111111111111011111111111111011111111110011001110111011010011110110
1011101011101111100011111101110111110011101101111111111011111111011111110111001101001110110101111111011100111111111011101011111111
1110010111111101011111001111111110111101111111011111111101011111111101110101110111101110111111101110001111111111001111111111111101
1111011101111111111111111110111011110101110111101100111111110111111111110110111001111111111100011100010110101101111101110111110111
1101111110111101111100110110111000110111111111011111111010111111110110111101111011001111110110111010110110111111111110111001111111
1111111110011111111110111101110111111111011111110111111110011011101111110111111111111111111110111101111110111111011101111111111001
1111110110111111011101111101111111111111111111111111110110111100111111101001111111101111001111110101110111110111111111111111111110
1111011111101001111110111111111110011101011011110011111111101101111111001011110111011111111111111111110010111011011111011100110111
1111111001001101001010111111111111111111111111111111011111111111111111111101010101001111111111111111011111111111011111111111110111
1011110111110111011011111111011111111101111110111111111111111101111101010111111111111111111101111101101111111111000111111101111111
0111111111011000111111111110101111001111011101101011011111101111111111111111111111011101011111111110011111110111111111111111111110
1111111101110111111110111101111111011111010010111111111111111111111001111101010111111011101110111011001101111111111111111110010111
1111111101110001110111111110101111111011111111111111111111111101110111111111111111111010010111111011110110111111101111111111001111
1011111111111111101111011110111111101001101111001110111011110111111111111010101111111111011101010111110111111010011110111110111111
1111101111101011111111111011111111101111110111110110111111111011010011101111011111110111111110111111111011101000010000111001011111
1111100111011111111111111010111101111110111011111111000010111100111111111111110111101011001101111111111110111110111101110111111101
1110110110100111011111111101101101101111111001110111111110101111111111110111101111111100111110100011111111101111111011111111111011
0011111111110000111111001111111111010111111111111111101011111111101111111111111011101111111111010011000111111010111110010101111110
1111111111010110101110111011111111111110111111111111110011111111110011110111001100111111111111111111101101111111011011111011101101
1011010111111111110010111111110011111111111011110111001100110011111011110111010100111011011001101111111111111111111111011011110001
1011011111001110111110111111111101110101011011011001001110111111111101111111010111111111011111111111111111111110111111011111111101
1111110111111101101011111111011111111111111011111101111001111101101011101111111011111011111110110110111111110011111011011111011111
0110111111110111101001010111111111011011111111111111100011011111011101000101101110101101111101111101110110111111101111111111111111
1110111111011110111111111110111011111111111101111101111111011101110111111101111111011111111110111111110001001110111010111101101101
0111011111111111101101111100111100111011111111110101001110111111110101111111110101001001111111010111101111111111110101101110101011
1100011010101010110110111111010111010111111111101111111111011101110100101111110111111111111111111111110111111111111110110101010111
1101111110111110110110101110100111100111101111111110011111111111111001110100101111111111001010101111111111011011101111111111111101
1011111101111111111110100111001010000100101110111110011101110011011111101111111111111110010111011111111111101111111111111111110111
0001111011110110111111110001111101111111100111111111111010110001001100110011101111011111011111101111111111111111101111111111011011
0111101111110111101111110011101110111100111111111111011101111110110101111111111011101111111111111111111111011111101111101101110101
1111110111111001111111111111101111010111111111111111111110111111111101111111011011100111111111101111111101111111101111101101101011
0110101111111111111001111111111111111110110110101111111111111110111111111110110111011110110101010100001110110110110000111101101110
1111111111111111111111111011000101110101011110111110110111101110110111111111111111011010100011111110011110111111111010111111100011
1011011111111111110111110111011111011111111101111000111111111100101110110110110111110111111111111110111110111011101111101111111111
1111111110101111101111110111110101010001011111111111111101111111111011000111011111111001110101111011111111110001111111111111111101
1111111111011011111011111100111111111101111111101111011111101110111111110101111111110110110010101110111011111110101000001111111111
1011111111111101101111101101111111110111001011100111101111110001111111111111111011011111111111111110111111111111111110111011111111
1111011011111111101110111111010111111100101001101111110111011111101111110101111111111101111111111101111111111111111111111011111011
0101110101001111111100011111111101011111111110101111111000101101100110111110011110011011111111111111011010111110111011011011111011
1101111111101110111101111011101111110011111101111111001010101111111110111111100101111011101111011111111111111000100111011111110111
0011111011111011110111101101111110111010101111101001101111111111111110111101010111011001110111101011011111111101111110111111111111
0000111111001111111111011110111111110111110110111101111111111111110110111111111110111111011111111110101010100111111101111111111011
1111101111011011111111111101101111110011011111111111111111111001111111111111011111110110111111110010111011110110010110111111111001
0011110111111111111110100010111111111111101111011111011111011011000111101110000010111110111010111111100110111101101111111010111011
0110101111101111111110011111111110111111111111111111110110111111110100110111111101110111011101110111111000111111111001110111111110
1010111111001010111111110110111101111100010101101110011111011111011101111111101111111111011111001101111101100111111111111001111111
1011111111101011111101111011111111111111111111001011011111111011110111011011111111011111011111111111101111100111111101110111111011
1111101011111101111011110111111111111111111111011111111001111111011111110111111111010101111110111100110111101111111111011111011011
1110110011111111111111011111101011111000011111110100110100111111100110111110101111111111111111111111111110101111101111110111110111
0110111101111110011111011101111101011101011101011101011011111110111101110111111111111100011111011111111111111110111111111111111111
1110111111111011010111111111111011110111111111111111101011110111110101111101101101101000011111111110111011111111111111101011101011
1111010111111001111111111111110111101011110111010111011111011111101011011101110111110111011111111111111010111111110111111111111111
1101111011111111111111100111111010111110111110101011111110111111111111011111111101101101111101101111111111111110111011101110110001
1111111110011111111111011111111110111111111111111111111111111011111111101111111111110111111011010111111111101111011111011011010001
1111111011111011111011101111110101111010111111111111111100101110111111111011110111111101011011111110001110111111111010001110010101
1111111110111111110110111110011111101011111111101110111101110101111111110111110001110111101110110111111111011111100111110101101101
0110101111011011110110111100011111111111011011111110110111001111111111101111011111110111011111110111101011011010010011100011101111
1111111110111111110111110111111011110001001101101111111111111011111111111010011111100111111111101111111111011111111111111110011111
1110110101110111100101111111111111001101110111101110111111101011111111011111110111010111101011011111111111101011111111110101011111
0111011101111010111111111111110110010111111101111101111011111111100111111011011011110011011111011111010100111101111010011101111111
0011110110101111010110110111000111111110111101101110110111111111111111111111100110111111111111111111111111111000111111000110111110
1111101011111001111111110011111011111111000101101101111111101111011010111111011111101111111011101111101011000001110111011111101101
1111111111111100011011011111110111111111001111011100011110010111010001111001110011111111111111111010111101011010011111110101011111
1110111111110111110101111111101111011011111111101101111001011101111111110111110111000110111111101011100111111100111111011111111101
1111100111011011101111111110001111110110111110010110110110111011101111111000011111101111011111011001111111111111111111111111111111
0011111101110101111111111111110110111111111111011111100011111111111110011001111111011000110100111110111011101110111111110100111111
1111111100010110011101010110111000111111111111111111110110111110111111111111111011101111010111111111111111011101011011010110010111
1111101111111111011101011100100011011111111010111011111000111011111111111110111111110111111111111111111101011110011011111111111111
1110011011111010111110111101111011110011100111111110111111111100111101101101010111101011111111101111111111110111011101011111101111
1101100111011111111100111111110111111111111111111111011110111111011111111111111111111111111111010100011111111111110111111001111011
1111011000110011110011111101111111111011010111101111111101111111111101111110111101011110101110101101111111100111111111111111111111
1111111110111011111111011100101011100110011111110100111101111100111110101001110111110111111101111111011111101011111001111111011111
0011111110111110101110111111011111110111111101111111111110110101111111111101011111111111011110111101010111101101101111111101110101
0111111111101011101111101011110111111011111111111101111111110011101110101101111111110111111010110111111101111110111111001111011010
0111110001111111111010111111111111001001011111100111111111000101111101111111111101111111110111110101001110111111101111110111111111
1101111110110111111110111111111100111111111110111011111110101111101111111111111011110101010011000111111101111100111101111010111011
0111101111011000100100111111101111111111111100111101111001110111101111110111011111110111111111011110101101111011111011110001111111
1111111110110110011001111110011101111110111111111111110111111111011111111111011111111001111111111111110001011111111101111111111111
1111111111110111110111010100101101110011111101111111111111111111101111011101111001101110111101110101101011110111011110111110011111
1111011101111111111111100011111110111011101111111111011111111110111110111011110110111111111101010100011011111101111110111001110111
1111111101010100111111110101010111111101101101101111111111011011111111111101110101111110111111111111111111111110111011000110111111
1011111110111011010111111111011101010111110111011111110111111111111110111111011011111101010101111111101111111111111011010111011111
1011101110111111110111011111111101110011111100111111110111001111011011111111111011110111001111011111101111111001111111111111110100
1111011111011011100111101100110110010011111111111110111111111011110100111111001101011111111101101111101110111111111011111101011110
0111111111111111111101111010111111111111111111101101111111111111111111101011111011111111111111001111101010111101001011111101111111
1101100111111011100111011110111101111111001011111111001101111101001111001111101111111111111010110011001011000110110111100111111111
1111111111111111111110111111111111111010101111111011111101011101111110111111111011111111111111111011111011111101011011111101111101
1111111111111111110111101111100011111111111000111111110111110111111110111010111111110111111111111111101011111111110101111011110111
0111110001111111111101111001111111011110010111101111111111111101001101110010111010111100101011111111111111110110110111011010110111
0111101111111110011111111011110111101010111110010111101101111111111111001111011101111011111011011101111111111101101101111110111111
1111001110101111011010111111101111111111111101001011000111110011100111101111111011110011111100011111110111111111110110110011001101
1111111111111110111111000111110111111110111111111001011111100011111110101111111101101101111111010111111111101101101101111111111110
1010011110111111111111111111111011110101111101111110111111111101011110111011110011001110111101110110011110100011111011111111110101
277 261 302 148 135 136 65 60 