130
130
1111111101111111101111101111111111100101111111111111111111101111111111110111111111111111111111111111111110111101011111011111111111
1011111111111111111111101111111111111101101111011011111111111111110011110111111111111110111111101111111111111111011101111111111001
1111111111111111001111111111111111111111111111111111111111111110111111111110111111111111111111111111111111111111111011101101111110
1110111111111111111101111111111111111111111111111111111101111111011110111111111111011101111111111111111111111111111111111111111111
0101111111111111111111111101111111111111101111111111111111111111011111111111111111111111111111111110111111111111111111111111111111
1111111111111111101110111111111101101110111001111101111111110111111111111111111111110110010111011011111111111111110111111111011111
1111111101111110111011111101111111101001111011111110111111111111111111111111011110111110111111101111111111111011101111111011111111
1111111111111111111101111101111111111111111111111111111101011011111111111111111101101110111111111101110101111111111111111111111111
1111111111111101111101110111101111111111111101011011110111101111111111101111111111110111111111111111011111111111101111111111110110
1111111101010101110101011111111111111111111110111110111111111111101110111111101111011111011111111111111111111101111111111111111111
1111110011111111111111111011111111111111111111111111010011111111111111111011111111111110111111110101111111111111011111111011101111
1111111110111111111010111111111111111011111111111110111111110111101110111111111111111111111111111111111011111111111111111111111111
1111101111111011111111111111111111111101111010111111111001111111101111111111111110101111111111011111111111111101111111111011111111
1011110111111111011111111111111101111101111101111111111111111110101101111111111111011111111111111111111111111111101101111111111111
1111111110111110111111111110111111111111111110111111111111101111111111011111111111111111111011111111111111111111111101111111111111
1111110111110111111111111111111001010101011111111111111101111101110111111101111111111111101111111111011111011111011111111111101111
1111111111111111111111111111111111111111111111111111111111111111011111111111111111111111111111111111111111111111101111111111111111
0111111111111100111111111110111110111111111111111111111111101111111111101101111111110011011111111111111011111111111111011111111111
1111111111111111110111111111111111111111110111111111111111111110111111100111011111111111111111111111111110001011011111111111111111
0111111111110111111111111111111110111110101111111101111111101011110111111111110111111111101011111011111111100110101111111111111111
1111101110111111111111111111101111110111011111111110111111111101111101111111011111111001100101011111011011111110111111111111111111
1111101111111111111111111011111111111111111111111111111111111111011111111111110111111011001111111111110110111110110111111110111011
1111111111111111111111111011101111111111111111111110101111011011111111111111011110011011111111111111101111011111110111111101111111
1111111111111111111111111111111111111111111111110111111111111111111111111111111111111111011111011111101111111111111011111111111011
1111111111111111110111111111111111111011110111001111110111111111101101111110111111111111111111111111111111111111111111101011111010
1011111111110101111111101111111110111111111001111111111111111011111111111111111111110111111110111111111111111111111111101111110111
1110111011111101111111110111111111111111111111111111111111111111111111111101011111111111111111111111111111111011111111011111011011
0110111111011111111101111011111111111111111111111011111111110111111100111111111111110111110111111111011111111101111111110111111111
1111111011101111111111111111011111111001110110111111101110110011111110111111111111111111111101001111111111110111111111111111111111
0011111011111111111101111111111101111111111011110111111111111111111111101111111110111001111111111111111111111001111111111101101111
1101111111111011111011101101111111111111111111111111101111111111111111111111011011111111101111111111110111111111111111111111110011
1111111011011111111111101111111111111111111011111111111111111101111111111101111111111100111111111101111101111111111111111111111111
1011111101111111111101101101111101011111101111111111110011110011111111111111111111101111111011111111111111111111111111110111111111
1111110111011101111111010011101111111111111111111111111110110111101111011110111111111111111111111111111111111110111111111111111111
1111111111111111111111111101111011011111111111111111110011111010101111111111111101111111111111111111111111111111111111111011111111
1111111110111111111101111111111111111111111101111111111011011111111111111111111101111011101011111111111101111011111101111111111111
1111111111011000111111111111111111111111111011111111111111111111110110010111111111111111111111101111111011111111111011111111101111
1111011111111011111111110111011111111111111111101111111110111111101101111111101111011111111101111111111111111111111101111011101111
1101111111011111111111111111111111111111111011111111111111111111110111111111111111111111010111110111111111011110111111111111111110
1111110111011111011111101111011111111111111111111111101111110111001111111111111111111111111110111111111111111111111111111111110011
1110111111111111111111111101111111111110111111111011101111111111111111111101101111111111110111111111111111110111101111011011111111
1111111110110111111111111111111101111111111110111111111111111011101111111111111111111101111110111111111111111110101111101001111111
1111111011111111101111111111011111111111111111111110111111111111111111111101111111111111111011111111111111011111111111111111111111
1111111111011001111111111111111111011110111111011111110111011111111111101111111111111111111111001111101111111111111111111101111111
1111111111110111110111111111111111111011111111101111111111111011111111111011111111111101111111110111111111110011011111111111111111
1110111111111111111111111111111111111111011111111111111111111111111111101110111010111101111111111111111111110111110111111111101111
1101101011111111111101111110111100111111101111100111111011111101111111110111111110111111011111111000111111011111110111111111111111
0101111111111111011111111111111111111111011111111111101111111011111110011111111111111111111101111111111111111111111011111111111110
1110111111101111111111101011111111111111111111111011111011111011111111111011111101111111111111111111111111111111111111111101111111
1011111111111011111111111011010110101111011110111011111001111111111111111011110111111111111111111111011111111011111111111111111111
1111101110111111111111111111101111111110111111111111111111110111111111111111111001111111111111111101111111111111101111111111111111
1011111111111110111111111111111011110111111111111110111111111111111111111101011111111111101111011111111111110111111111111111111001
1111111010111111111111111111101111111111111111111111101011111110111111110011111111111110111111111111111111111011111011111111110011
1111111111111111111111111111111111111111111100111111111111011110011111111011101111111111111111111101110111111111111111111111111111
1111111011111100111111111111110111011111111110111111111111111101011011011111111111111101111110111011111111111111111111101111111111
1110111111111010111011111111111111111110111111111111111111100111111111111101111111111111111111111111111111011111111111111111111001
1111111111010111111111111111001101111111110110111111111111111111111111111111111111010111000101111101111111101110111001111111111111
1111111011111111111111011111111111101110111111111011111011110111111101111111111110111111111101111110101111111111111111111111101111
1111111111111111111101111111111111111111111011110111111111111110111111111111111111111111111111110111011111111111110111101111111011
1011111111111111111111111111111111111111111010111111111111011111111111111110111111111111110011010111111110100111111101111111111111
1101101011111111101111111111011111111101111010111111011111111111110111110111111111111111111111111111111111111111111111111111111111
0110111101111111100111111011111111101110111111101110111011111111111111111111111110111111111111111111111111111111110111011111111111
1110101111111111111111111111111110111111101111110101101111111111111111101111111111110111111111111111111011111110111011111101111101
1111111111111111111111111111111110011011111111111111111111111111111111111011111111011111111111111111111111111100110111111101101111
1111011111110011111111111111111011111111111111111111111110111101110111111011111011110101111101111111111111111111111111011111011011
1111111011111111111111111111111110111111111011010111110111101111111101111111011111111111110111110101111101111111111111011111110111
1011111101111111111110111111111111111111111111101111111111111111011111111111111111101111111111111111111111111111111111111111111110
1111111101111001111111011110111111111111111111111111111111111101111111011111111111111111111111101011101111111100111110111111111111
1011111111011111011111110110111111111111011111111111111111111111111111110011111110111011111111111011111111111111101100111111111011
1111111111101111110111101101111111111110111110010111011111111110110101111101111111111111101110010111111111111111111110111111111111
1111011111111111110111011111111111111111111011111100111111011111111111111111101111111111111111111111111111111111111110101101111111
1111111111011110111111111111111111110110101111111101110111111101001111111111111111110111111111111111111011011111111011111011111111
1111111111111110101111010111111110111110111111110111111111111101111111111111111111101110111110111111111111111111110101011111011111
1111111111111111111111111011110111111101011101110111011111111111111111111111110101110111111111101111111111101101111111111011111111
1111101111101010111110111011111111111111101111111111111110111111111111111111111111111111011111111111111111111111111111111111111111
1111111110101111111111011101111111111110111111111111111111111110111111111111101110110111010111111101111111111111111111011111111111
1111111111111111111101011110101011110010011111111111111001111111111111101111101011110111111111111111111111011111101111111111100111
1111111000111111111011111111101110111111111111111111111111111101111011101111111111111101111111111111111111111011111111101110111111
1100111111001111111111111111110111101101011111111111111111111011111111111111011011111111011110111101111111111111110110011111111110
1111111111110011111111111110111111111111111011111111111111101111111111111111111111111111111011111101111110111111111111111111111111
1111111111111111010111111111111011111111011110110111101111111111111111011101111110101101011110111111111111101111111111110111111111
1111111111111101111101101111111111101111111111011011111111011111111111111111111111011111111111111111111111111111111011111111111111
1111011111111111110111110111111101111111111011011111111111111111101111111101111101101101111111101111110111111111111111111011111111
1110111111111111111111111111111111101111111111011011011111111111111111111101111101011111101101111111101111111111111111111111111101
1111111111111011111111101111111011111111011111011011111101110110111111111111111101111111110111111101111111111111111110101111011111
1111111111011111011111011111011111111111111111110011111011011111110111111111111111111001111110111011111011101111111111111111111111
1011111111111111111101111111111111111101111110111011111111100111011011111111111111111111111111111111111111101011111111011011111101
1011111111001011110111101111111111111111111110101111111011101100111111111111101111011111111111111111011111111101111111111110111111
1111011111111111111111111111011110110101110111111111111111111110111111111111101111111001010111111111111111111101111111111111111111
1011111111101111011111111011110101011111111111010111110111111011110111111111111111011111111111111111011101111111111111011111111111
0111111111011111111011111111111111110111111110111111110111111111111111111101110111111111011111111111111111011111101101111111111010
1110111111110111011100111111111011111111111111110101111101100111111011101111111111111111111111111011111111101011111111111111111111
1101111011011111111011111111111111111110111110111110111110110111111111111010111111011111111010111011111111111111111111111111111111
0111011111111110111111111110111111110011101110111111111111111111111111111111101111111111101111111011111111111111011111011111111011
1010011110110011111111011111111111111111111111111111110111110111111111111110111111111111111110111111111111111011111111101111111111
1111111111111111111110110111111110111110111111001111110111111111111110111111011111111111111111111010111111111111111111111111111110
1111111111111111111111111111101111011101111111111110111111111111111101111110101111011111111111011111111111111111111111111111011111
1111111101101111111111101101110111111111111111111101111111111111111111111111111111111111111111111111111101111110111101111111010111
0111111111111111111111111111110111111111111111111111111111111111111111101001111111101111011001010111101111111111110111011111111101
1011111111111111110111101011011111111111101111111111110101111111111110111111111111111111111111111110111111111111111111111111111111
1111111011111111111101111110111111111111111111111111101111111010101011101111111011111111011111111111101111111111111111111111111111
1111111101111111111111111111111110011111111011111101111111111101111111111101011111111111101110111111011111111111111111111111111111
0111111111111111111111111011110111111111111111111110001111011110111111111011110111111111111111111111101111111111111110111101111011
1111111111111111111111011111111111111111110111111111111101111101111111111111111111101111111111111110111111111111101111111111111111
1111101111110111101111111111111111110110111111111110110111011111110011101011101111111101011111111111111111111110111101111101111111
1111111111111111111111111111111111111111111111111111111111111111111010101111111111111111111111111111111101111111111101111111111111
1111111110111111111111101111111111111111111111111111111101111111101111111111011011111011111111111111101111111111111111111111111111
1111111110111111111111011111111111111111111101111101111101111110110110111111111111111111111111111111111110111111110111111111111111
1110011111111111011111111111010111111111111111111110111111011111101011101111100111101111101111101111111101111111111111111111111111
1111111110111111111110111111101111111111111101111111111111110110111111011110111110111100101101111111111111011111111111111101110111
1111010111011110111110111110111111111111111011111111111110111101111101101111111111111111011110111101111111111111010111011111111011
1111111111110111111111111111111101111111111111111010111001111111111111110111111011111111011101111101111111111111111111011111001111
1110101111111111111101111111101111111111101111111111111011111111101111101111111111111111111101011111111111111111101101111101001101
1111111111111011111011111111111111111111111111111111111111111111111111110111111111111111111011111111101101111111111111111011011101
0111111111111111111111011111111011111110111101111111111111111111111011111111111111111111111111110111111111111111111101111111111111
1111111010101111111011111111111111111111111001111111111110111111111111111111111111110110111111111001111111101111111111101111111101
1011111111101110111111111101111111110111111111111011111111111111111101111110111111111101111111111111011111011110111111111111111111
1011111111110110111111111111111111111111111111111011111110111011111001110101111111010111010111111111111111110111111111111110101111
1111111111111111111111011111111001110111111111111111011111110111111111111111111011111111111111011111111111111110111100111111111111
0111011101111111010110111111101111111111111111111111110011001111111111011011111111111111111111111110111011111111011111111111111111
0111011110111111111111001111111011011111111111111111101111101110111111111111101111111101111101111111111111101111111111111011011111
1111110111111101111111111011111111110011101111111011101111111111110000111111111111011001101011111111111111110111111010111111101111
1111111110011111111110111110110111111111101111011111101111111111010111111101111111111111111111111111111111111111111111101110111111
1111111111111111111111111111111111111111011111110111111101111111111011111111110101111111111111111111111111111111011111111101111101
1111111111111111111111111111011111011111101111111111111111111110111111111111111111111110101111011111111111111011111111111011111111
1111111111011111011110011110111111111001110111101111111111101101111011111111011101111111111111111111111111111111110111111111111111
1111111111111111111111111111111111111111111111111111111111111111101100111111111111111111010111111111101111101111111011101111111111
1111111101111111111111111111110111101010111110111111101111101111111011111111111110111111111111111111111111111111111011111111101011
1111111011111111111111111111111111111111111111111111111110011111111111111111111111111111111111111101111111111100101011011111111111
1111110111011111000101111111011111111111111010111111011111111011111111111111111001111111111111110111111110111111111111111111001111
474 446 477 221 224 223 106 93 