130
130
1101001111101111011011000111110111011100110011111000111010110101010110110111101011111101110010011111111110111100111010111111110001
1100111000011111000000100100101011101110101101100111011011101011011100111011011111010100001010000011010101100000011000011001101101
1100101010101101101101010011000100111111111110101001110111011111011101001010001101010111101110101111100111100110111011001101100101
1101011010110000010011111001001010001101011011001000111111110010011101100010001111001111110010111100100010111011011111000111001011
0111100111001110000011111011000101000000010101110111101111001110101110011111010111011010111111011010011000110110000111100111011111
0101010110111100101000100111011101110110101110101011011100111111101100011101111101001110111111001110011001101001101101111001100000
1011101111001011111101111100011001000011111011001011001101100010010110110111111101010011010111101001010111011001110000111111001001
1001000110110111111110101100111010110101111001101001011001101101110101100100000111111101110110100110110110111110110111110010101101
1101101101111111000100111110000111001110111111011101011101100010000110010011110000101000010110000010111101111011000110101001101011
1110100110011111011100111111000110101001110110110010111001101110001101110111110010100110000000111110001111110111001101111100111000
1110101111111010001101101110010111100100111111110010111101011111101001111111110110101101011011100100110100110101101111010110001111
1101001101011001101100111001100100100011001111111101100100011011110010100001101111101001111101001100100111000110110010110110011110
1111101001101011011111011110110111111001111111000010100011111011011110001101001101010100001111101011011001111111001011010010001011
1101101011101011101101111111011111111000010011110010111001111110111100111011111011011100101110110101010101111100110001011000001111
0100111110111100101110110111111111010001111000111110110010111101101011111110010000001010010101011111100000111010101011010101011001
1101010111001100010111011010101001000101111111110111111111011111001011100001100111110111110011101000001011111100001101001000110110
1111111110011011101001011111111000001101101111110011011101110110101001010011111110011110010011110110110100011101101000100100011100
1100100101100100000111100010111010000111111110111111010010101100110000011111011011111100111100101111000100001100111010100101100010
1110111101110111011111010000101100011001111101011111101000101110011111000111011111111110101011111101111101111101110111111110101110
1101101111100111110000110001101111000100010001111011100100101011111000011011110011111111100111101111100010110000100011101110101111
1001100110011111111100011101011000110101101111111111010000000000101100011111110111110101111110011010011111000011100101111110101001
1010010010110110011011111101111011010110010111101110111001011111010111011101011111111001110111011010110111111011011111111110000101
1111111001110011010010100010000100101111011101110111011111110101111101101110011111000101111001111111100100110011010011010101010101
0100100111011111000011011011111000000001001100110000011010100000111010010011110101001000010100100101101111011011011100100010110000
0011110110110101101110111111100010001011011100111000010010011011001011101110100000100111101010001111101101111111101001011100011100
1001100011110111011001010111010011110111100110101010111111000101010111110111000100001100110101000011011101011011000110111000010100
1111111101000001000010011110101010110111111001110100010011111011010111011100111000100111001100111101100001001011000001000001111011
0010010110111000011010111101011010011110010100101011111011110111111110011110101101111111001101111111010110101001101110001110111011
1101101110010001100111111101011111111010101001100110011101010010111101100111011111100100010001011100100100011100111101011001001101
0000100101010101010001011111101110100010011101001100101111011001111000010111011000111001110110111110111010000111011101001000111000
0100101011100110111011010001100101100011111000111101111111111010111111001011110000001000010011010000011001100101111011010011000110
1001011111011110000101110111100111100001101110110010010000000111110001110000011011111011101001110110110000111001011000011000011110
0011011110110011110000010010111100111111110010111110000011111110010011010001110001100111101111011111111010101011011001010010101111
1101111110101111011001101111111101000001101110011000111100101000111101011000011111101011111101100111101111111111011011110011000000
1001000111011111001111101011001110000111111010101100101001110101110111110111110011011010111010010100100011001000011101111111111010
0010101110010110110111001110001000001101011101111101101001101010100010111011010111101000011101111010111010001011111110110001010111
1110111111111011010001011110010001011110100001111111100100100111111111010100111011111101111010111100101111111100011111011000111001
0011110110111001011000001111001010001101111011011111011101110101111101111110011010111101100111101100111101101010001111111001110111
1110111001101011100011011111111110101111111001000001011011111010001111111011011010111111111010010001111011100101111001010111011101
1101011010100111001110001010011010010110110101110100010011011011111110101110101101110101111010111111011010101011111001110111011001
1111010111010111101011100111110000011100111101111011001111011011001100001001100111111101101100111010010010010011101110010111001111
1001001001001011101101101111010010110100100101010110111110010000010101011111101101110011111111110100111101101010110110101010101010
1000110011010011100000111111010101011101110101110001001101011111110000011001001010110000010010111111001111110011110100011011111100
0000101110011110101110111000010001000101110000111001100011111000001110101111111100011010111101010010000100100010111111010100101101
0110010111010010100101001001011011010110010001111010101101111100011100111110011111101111010111010111001000011101011011001110110111
1110110011110010101110100111010011111011011001110111110011011011010111001010001001111011111101000110110111110011110001101001110000
0001100010101001110010101010110000111001000100001011111001110010101011101111101100011101100110111101110101111010100000111011000011
1011111111011100111111011010010101100011100111101101010111101000000011001101001011011011010010101111011011111110001100111001101110
1101001101011101010111000110000001011111001001110000101111101010111011111101011000100101111101001011100111011100010101001110101101
0001001001110110000110100111111000101111101000100111100011111010101000101011010001101111111111011011010001000110001101001111111010
1101000111001101011100000101000101110000111111000110101101011111101101101111100011110111011111111011011110100100010110000011101011
1001001001101011111000111110010111100100101011011100100110001001101110010111110010010010111010010111111110000001101010111000111010
1111100001010010010111110111101110111010110101011110111111011100011011101101101101010001001100100100010101011101011000110110111101
1001011111101011111110011110101101101000101011111011011110101011010001101011000100110000011111111100011110000000011001100101011011
0000001110100100110100110111000110111111010000110111100000100010111111101100100111101011110110000100000111111011001100000100100110
1011011001011111101110001110111011000011110011000100001101000111010010011111111011101001000100110001100111000011101011001101101011
1111001100100000111111110101111100011001110111111111111110101001010111101000111100001110111111010110010101000101000101100101111110
1111000101011011111111011110001100010011111111111011011001011101101010010110101110001010111010111111111110001111111010011000111001
0111011001110010101111001100011111111111110110101100101110001011011111011111111100111001110010110101101100100111010010111101101011
1000000111111111010010111111001100110111111011000011110101111111011101010111100100010100100111001011010011101100010010111101011000
1011110110000000110110010111101111101111001001101110111111011101101110111001110101110100000001100111011000111100010101110111111011
0100011011000101101110111101011111110111011000010111100111110110011010101101011111111100110011101011101110011111011010101000000110
1011110000111101110011110110001111101110001100100110110001110100111111010111011011110001001101111110110110101110001111011101100110
1011011101010110011110111111011011111100010000011011010111111111010011101101111100101100111011010111111101101101001101110011110110
1101011111110111101000111100110101110110011000111111011111101000110001110111111011011111110100110111101100000110101001111001111111
0011111011000110110001111110111111111111011101111100100110111000011011001111101010111110111110111101111011011010000010001101110101
1011111111110000101010111101101000000111100111111100101101011110000101010111110011111110101001101010000101110011011111111001001101
1100101100110100111111110101000111110001100101110101110011001111001000011111011000010110011110011101111100011000011010101101101101
1101111101011100011100100111001111000010111011111001001110001101101001011111111110110110010111001101010111000101011011111010100101
0001101111111110101111011011110110100001111111110011110101001100101010111111100111000001100101111001110110011010011110111111001110
1010010111001100010010101110001000110100001001100111110111010100101110111111111100111011111101110110001111100100110011000100110001
0110101111111111110110111011000101001000111111001101110011011011001101101010010100001111001101100011000010111110011000100101111101
1101100010011100001110111001000111001111110000111111110100010010100011101011101000011100000101100110110011011111110011110111011101
1000000110011011101101110000111111101111110111011110000111101101011110111100100110100101011011110010010111010011001101100110011011
0111111100100101100100010010001111001011110101101001011011101011010011011110110011111101111110111011011011011110110111001111011101
1100100100010111000101011001100101101101111111101011111101101111111100000110101010011000110111101010011011111000001010001111100011
1001100001101001010011110111111011111001001101010001011000111101101000110111000111000001111010111011000101110111011011111111110111
0110001010111110011011110111100010111110011110000110100011111111010001011111111001001101100100101100011010111001001111111101110001
1010101101111011111011001111000100100111011111011010111011011110110001100111110011011110001011001001110100001011011100101111001001
1101101010011011100100001101110110110010111001111111101111011101001110011011010111011111010111000111101110111000100000011001111101
0001010011000011110011111101100110111111100100111010011100101001010101100010011001110100111011001001111101111101101110111111010110
0111101101001110001010011001101111011101111000101111001100011010101101110100010111100101010110101111111111011100111101010001001111
1000001000010011110001110110100011110010011111001011111101111010001011111111111111010111001100111011111111101111010111100111111001
1111111111011101001111000011111010101101001011001111111010000111111010011000100111111111011100111011110101010101010110101010110111
1001101101111110111101000100101110101111100100001111000111110111011110110011111101100101111001110101001000011111001001001010011000
1100010110100001100000101010111000101011110000100011010001101111111001111001101000001110011111011001101001110111111111100000010101
1110010111110111011111111111001001110111111101111011111000101111010110010001110101101001110011111111111111101000011110111011011011
1000111101101111101101011100011111100110000001111101111010110100111111111111010000101010001001000111011101010001001110111100110001
1111011001011111111001100010111111000011111101010011011100000101110100011110001100110111101111010110111011111111000101011100011000
1111010101011011100111111011011011000000100000000101011001111110110111111100000111110010011110101111111111101010101001100100110010
1101110100111101001111101101011111101110111011110111110001100010001001101011101101111011001011100100111001100111010010001110101010
1011110100111101100010111100110000010011101000001101001111001100110101100110011101011010110110100011111111100011011011110101011100
1011100101100110111111110111010101000111011010110001101111100100011111111000110010100110110011010011100110111011100111111110110101
0010111100000110110011101100011101110001000110010100100000011010101010001110001011001001110101100110111111110110101110011011101111
0111100111011110111010010011101011111101011010011110101100101000111011011001011111111101010011001101011000100101010010010100110011
1110110001110110101110111110111010111101111001111010111111110011110111011100110110111001101111010111111110101011000011110000110011
1110100010110011110010001010101111111100111101111111000111101111001101100011101111001110110101001010111010101111111001011001101110
1111010000101111101011010110101101111011001110111001111111010011101001001100100111110001011011111111100010110011010111001101111111
1010101011101011101001110110010110101011111111001101000110010100111000001111111101010011111111010000011011011110101111011000001001
0110100111111011001100010101101011111110111011111110101111010111101001111010101111010100010000000111111101000111101000101111011110
1001100110010011010011010111111001110111101111111101001011011111110111000111110111101111111111111111000010001110010011011101110001
0101101101011001011001000000010111000110101011111011110001001100001001011101011111101001111001010110101111011001111001101010111110
0111110100110000001111010110001011110001111001100010110101001111110101011111011011100110111101101101011110011001111011000001011001
0111111111100111000001000010011001110011010111100111000111101001100101110000000111100101001100011110110100001010011110110101101000
1011110011001100110001101110011110011010101010111000100001110110000010101100010111011011010110111110001011111101001111100110110010
0111101101011011000011101100111001111111001101011011110111111000110111100101011001110110101001011111100100110110001001001100111110
1001101010001111010100000001011010111110100011110111111101010111111101100000101110110111101001011100010101001100010111010010111110
1010111101110101011111111111101111011001111111101110011000000001111001111010100100100011110011111000111111001101100011110110110111
0010000001111001110010101001111110110111111111111110011111101110111101111111011101011101101110010100001110000101100010011010110000
1111001110001111100111101010110101011010001110111111011100000101010011011111110110100011001110101010110010110101000010101011100100
1011100010101111111111010101111010011111111001110011010111111111011000111101111011110110011111010101011111111101011011000101101111
1101101010110000111011010010111101010111111100010111111111001101111101100011101011111001110011100010000111111011111110000111110001
0100111100000010101111101011111101110011000011001110101110111011110000111001101101011010111101110101111111111011101011110111101101
1111101011110000011111001010110101111000011001100011101110101111011101110111101001010100101111000111111100000111101100011111110011
0101111100101000000111001011111011001101011101011011011110101101010001000101001110000001111010101110010111110000000101101010101110
1001000100011111111100011010100001100000101111111111101111011010010110110110110010001011101111110101000111111000101011110110011111
1111110011001001110100011011010010011101011011100101000101101001011111010011100111000111101011111011101010111101110111111100010110
0011011100101000111101101001110011000011010110010001111011011100100101000101011111011011101110001111101111111111010111111100110111
0110010110001110110010110100111011111100111011100101110110101110100001101110000111000101000011110001100010111011011111111100100000
1110100010100110111101000111010110011010001110111101100011011010111110001110101111010111101001111111000111011011011010111101001111
0011011110011000100000111000111101100001111100110101111001101011111001010000111110111111111100100001111101011011101111101001111011
0001011000011111011010101000011001010001001001000011011010111111001111010011001011011011001001110110110010010001111001100101101110
1110111101001011001111011010100111101010101111011100100111101101111101111101010000000110101011000001011111101100101101000010111011
0000110010001100101011101111010010110111100100010010110110010110101110111101011101011010001111100011111010011111010111011101011101
1100111111101001110000011010101001011111101111100000101010111001011110101110001101101111111110011010110001110001001000101110110101
0011011011111110111110011011111100011110111011111111010000110011001111101110101001010001010110110101100111011011111011001110000011
0001110010101111010110110011101111100111110100000010100110110111010111000101110000001110111101110101101101111101111101011101111001
1110101100111011110100011110101111100111011011111111101110110100100001100011100011101111111111100100100111010110111111111110010100
0011101011100100000110001011111010011101010110100001111011100110100011111111001101110110111011110011100010110011100101010011101101
1101000001111011010011101100011011101011111111100101110111111000111101010111101001011110010010011010101010111001110000011001000100
388 389 386 181 189 186 107 92 