50
50
11100101111110011101111011111111111111111011111111
10111101110111111111111111111111101110001111111111
11101011111100110111111111011111111111111111110111
10101101111111111111111111111110111111111111111111
11111111111111111111111111111011111111111111111111
11110111111111111111011111111011111111111010011111
11011111111111111111111111111111111111101011111111
11111011011111111111110110101110111111111111110111
11110101011111111010111111101111111111111111111111
11111101111111111111101111111111111111100110111101
11110111101110111111111111111111111111111111101111
11111111101111110111110101111111111111111011111111
00101111110111101111111111111110111111111111111011
11111110111111111101011011111001111111111111111111
11101111111111111111111111111111110011111110111011
10111111111111101011101111011111111111101111111111
11111111111111111111111111111111011111111111111111
11111111111111111110111111111111111101111110110111
11101111111110111111111101111111011111111111111110
00001110101011111111111111111111111111111100111111
11011111111111111111111111010111111110111111111111
11111111111111111111110110111111111011111111111111
11110111111101111101111111011111111111110110111111
11111111111111111111111111111111101111111111111111
11111111111001111111111111111111011101011111111111
11011111010111011111011111111110111111111111111111
11111111111111111111011110111101111101111111111110
11111111111111011111111111111110111011111111111111
11101110111111111111110101110111111111111110011101
01111111111111111111111101111111111110111101111011
10110101111110011111111101111111111111111111110101
11001011111101111111111111111011111111111011111101
11101111101111111111110101111111011111111111111110
11111111111011111101111111111101011110111110101010
11100101111111111111111011101111110010011111101111
11111010100111110111111111111111111111111011111111
11011111111111001111011111111111110111111011011110
11111111111111111111011111111111111111111111111111
11101110111111111111111111111111111111011111111111
11111111111110111101111101111111011101111111101111
10101111101111101111111110111011111010111110111101
11111111111101010111111110111011101101110111111101
01111111111111111111111111111111110111011111101101
11110111111010101111011111111111111101110111111111
11111110000011111111111110111111110111110111111011
01111111111101111110111111111111110011111010110111
11111111111110111111111111101111111111111101011111
11111111011111110111111111111101111001111011111111
11111111101111110111011111111111111111111111111111
11111111111111111101101011001111111111111110111111
41 31 38 14 22 21 11 10 