50
50
01111111011111111101111111110010110111111111101111
11111111110111101111110111111111111001111111101111
11111111011111101110010111111111111101111101110111
11111111111111111111111111111111011111111111110111
11111111110111111011101110111111110111111111110111
11101111111111111111111111111100011011111111111101
11111111111111101101111011111101011111111111111110
10111111111111111111111111101111111111111111111111
11111111111101111111100110111111111111111010011111
11111111111101111111111111101111111111011111111110
11111011111111110111111110011110111111111111111111
11111101111111111111011110111010011111111111111110
11111111100111111011111111111101111111111010111111
11111111111101110111111111111111001011011011111111
11101111111111111111111111111111111111011111111111
11101111111111111111111111111011111111111101111110
11101111111101111111111111111011101111111101111111
11111111111111111011111111111111011011010010101111
11111111111111111111110111111111111101011111111111
11111111111111111110111111111111111111011000111101
11011111111101111111011111111010111111101111111101
11111110111111111111101111111111110110111110101111
11111111111111101111111110111111111111111101011111
10110111011011111101110111111111101111110111111101
11111100111111111111111011111010111111111111111111
01111111111111100101111111111111001011111111111111
10101111111111111111111111111101101101011110111111
11110110100111011100111111111111101111011110111111
10111101111111111111111110111100111111111111111111
11111011111111110111011110011111111111101111111111
11111111111010101111101111111111111110101101110111
11111111111110101101111111111111111111111111111111
11111110111110111101110111111111101111111111101111
11111011011111110111111111101111111111010111111111
11011111111110101111111101111111111111111111111111
11111101111111001011111111110111111111110111111110
11101011111101111100111111111111111100101111111111
11111111111111111111011111111111111111111111111111
11111110111110111011111111111111111011111111111111
11110111111111111010101111111111101111111110110111
11111111111111110110111111111111010101111010101111
11111111111010111111111111011110111111111011111111
11111111111110111110111111111011101111101111111111
11111111111001111111111110111111111111111100111111
11111111110111111111111011111111111101111111111110
11111110111111111011101110111111111101111011111111
10110110111011111111111111111111110111111011111111
11111111111011111111111111111111011111111111111111
11011111111111110011101101111111111111111111111011
11111111111101111111111111111111011111111100111111
60 79 68 35 29 43 21 14 