50
50
11111111111111111111111111011111111111111111111111
11111111111111111111111111111111111111111111111101
10101111011111111111111111111111111110011111111111
11111111111111111111111111111111111111111110111111
11111111111111111111111111111111111111111111111111
11111111111111111111011101011111111111011111111101
11111111111111111101111111111111111111111111111111
11111111111111111111111111011111011111111111111111
11111111111111111111111111111111111111111111111111
11111111111111111011111110111111111111111111111111
11111111111111111111111011111111111111111111111111
01111111111111110011111111111111111110111011111111
11111111011101111111111111111111111111111111111011
11111110111111010101111111111111110111111111111111
11111111110111111111111111111010111111111111110101
11110111111111111111111011111101111111111111111111
11111110111111101111111011101111111111111111111111
11111100111111111111111111111111111111111111111111
11111111111111101011111111111111111111111111111111
11111111111111111111111111101011111111111001111111
11111111111111111111111111111111110111011111111111
11111111111111111111001111111111111101111111101111
11111111111111111111111110111111111111111111111111
11111111111111111111111111111111111111111111111110
10111101111111111111110111111111111111111111101111
11110111111111111110111111111111111111011111111111
11111111111111111111111111111111111111111110110111
11111111111111111111111111111111111111111111111111
11110111111111111111111011111111111111001111111011
11111110111110111111111111111111111111111011111111
11111111111111111111111011111111111111110111111111
11111111111111111111101111111111111111111011111111
10111111111111111111111011111111111111101111111111
11111111111111111111111111111111111111111111110111
11111111101111101111111111111111111111111011111111
11011111111011111111111111111111111010111111111111
01111111110011111111111111011111111111111111111111
11111111111111111111111011111111111111111101111111
11111111111111101111111111111110111111111111110111
10111111111111111111111111111111111111111111111110
11111111111111111111111111111111101111111111101111
11110111111111111111111111001111111111111111111111
01111111111111111111110111111111111111111111111110
10111111111111111111111111111111111111111011111111
11111111111111111111111111111111111101110111111111
11111011111111111111111111111111111011101111111111
11111111111111111111111111111111111110111111111011
11110111111101111111111111111111111111111111111111
11111111111011111111111111111110101101111111111111
11110111111111111111111011111111111111111101111111
49 53 38 18 30 36 9 8 