50
50
10001010001011001101101101110011010111110111111001
00010111111101011101010001010101100000100101101011
00101011111101101111110011111001111110000001001000
11100101111110100111111011011001101110111101001111
10010110111101111111111100011011101111000111001110
01001100010010101010101001100101111111011001000111
01010111011000101111111011110011001111110111111001
11101011111011011111101100000111111100111001011100
10001110011001001011101010010110110110111111011101
00010111001001011111111011111100111100110111111111
10111101011100011111011001100100100011100111111100
00101100101000010110011101101101010010101110111001
11011011111101111101000111101110100011110111010011
00110110001101101111010111110110101110101010010110
11111110111111110101101011011001111110110111111000
11010111100111111111100100100110111011001110111000
01100101111111101000111101111100001101001010001010
00001100110101101110101111110111111100010100110010
00111110101011111101010010010110101011011111101000
11110110111001111001100101111100100110101011100111
10101000000101000110011101100011110110111110101001
11000001101100111110010100001010100101011101100110
01011101101110010101111011110011111110101100011111
11000101011101000011101110101101001001110101110010
10110101110011100111010100010101010110010100011100
11100111110101010011011111110111101000100111100011
11000011010011010111101000111011000001010111111111
01000011001100011011011001110101111101101011011111
11111101100101101001001111101001111111001100101111
01111101111111011101101011010101001110101110101110
01111011110101000001011111101111101010001010101101
10110101101011100110110001000111111111100011011011
11010101011100011101001001100011100101111011111101
10111001101100110111100111011110100001001001101011
01001011111111001111111111011111111011011110101110
00101011111101111010100111011000100010111110011011
01000011011001011011110111000100001001111000100111
11000001011011000011110000001111110010100100010011
01110001110100110001110111111110100011100100111010
10100101010100101110000001111111110000111111001100
01000101000001011111010100101010001101001111100001
11011011111010110010111101100100001010111011000010
10100010011101110101111100010001101010111001011000
10111010111100001101011001011011110101101010011110
11110110010111001111110001001100011011101001101011
11111011011001111111001000110000110101000001011011
01101111101111010101000110010011100001011001110101
10010001111101100111010111101111101100110001010101
10000001010001110110001111010000101011101100011001
11101010010001101110011010000011101010111000001101
29 30 27 15 15 19 5 8 