50
50
11010011000111101011101111111011111011111100001000
00110010111101010111010011001111110111011110010011
01101101100100111001111101100001110111101011010111
01111011000011010101000011110001101000101110011101
01011011111001100111111011111110011111101110110110
10011001001111101001011010110111110000110101111100
11011111101111111101100010000101101110011011011110
11101110110100111101001110011011010000100011011101
11001111110110111101101011101000001111101011001111
01010010011111111001111011010110111110110111111100
01000100000100010011111001001101110111111101111111
01001110010011111111111110010011110110110011100010
11110100101111011111010001111010110000100011100011
10111001011101001111000101011000100100011111011001
11010001000001011001111111011001011101101110101111
10110111111011001111101111111000111110011110111011
01111000101011010101011001000110000111011111111011
10001111111111101111110110111011101011001101111100
11111010001000011111010110000011111100110011111111
11101011110101001111010111111110100101111100011100
11101111110110101100101101010010101110011100011111
10010011000101111011101101101001011011011111011110
11110011001100011111011111110010100111011110000111
01101100111111100110011011000101101110111101100010
01111001111010110101101101010110101011001111000011
10111010100101000101110010010010101111100011011110
11011011010011001011111001100111101111011101011010
11000101000111111011111110001110010001100100011001
00110111011110111111110000000011111010111011100110
10111011101010111110110011111001011111100111110110
00110110100111000010011011001011111000000100111101
11010000111111100110111011111110100010110000110111
01010011111000000101111100101101010111111100010100
01111101101101101110110001101101100111101001000111
10011101010011011100111000110010111101110110111001
01111101001010010100010000111000000101000111111111
11101011000101100000010001110111110101010011100111
10111011101001100011110101101000100111011101111011
00101101010010110010101100101001111111010110110111
11101110111111110100001110011110001100000100101110
01111111011111010100011100010011001101100100111010
11100001011001001101100010101111111101110001101110
10011001011011111100011000010011111011111111101111
01010110011101011001000111110101000110000110001101
10011001101011101011100111011111100100111111100101
10010001110001110110100111011011001110001000111100
01011101001101101010101111100001011101111101111011
10101000011110101110110101101101110111111111001000
01100000101110101000101110101100011011001111111101
01000101101111011111001111101110000011111011101000
67 49 62 41 24 28 15 19 