50
50
10110111110111111101011111111111011110111111111111
11110011011101101101111011110001110111011111010110
10111110110111101111111110111011110111001100111111
00111011111011111111111111111011111010100111111110
11111100111011111111111110100101011110111011110111
11100110111111111011111111111011111111111111111111
11111001111111111110011111101111110011100111110111
11111100010011110111111000110111111011111111111110
11111111111111111111111010111111001100111111111111
11101101101111101111011011111101010001111111111101
11111111101111101101011111111111111111111111110101
11001111111111111111101111111111111011110111101101
11111011111101111010110100111101111011111111111111
11111011111111101111001101110100111111011101011110
11011111101111100111111101011111101111011111011110
11110111111101111110010111111000111111111100111111
11110111101111110101011111111111111111101110101100
11111111110111001110011111110111011111011010110011
10111111111111101011010111111111111110011111111011
11100101101011111111101111111110111111111101010101
11101111100111111111111110111111000100110010111110
11111111110110111111001111110100101111011111110111
01111110111011111101111010101111000111110111111110
11111010110111111111111011011111110001111011110110
11111111011110110111011111111110100110011101111111
10111111111110101111111100100111111111101011111111
10111011110001111011110111011111111111100101111111
11111111111010111111101101101110101101111110111001
10110111010111110110011111111101101111111111111111
11110111110110111111001111111101111111110110110111
10111110111101100111101101000001111111111010111011
10101110110011111111101111101001111011101101111111
01110000111101101111111111010001110101110101011111
00110111111111111101110110011111010101111101111111
11111011111111010111111011010111010011101111011111
11111111101101101101100010111011111111111110011010
01111110111111101111111011111111110110011111111111
10101110111011111001111110011011111110111101111100
11111111110110111110100111111011101010000111111111
11011111111111111011111111011111011111111111111101
11011101111111101011111101111111000111111111101111
10111111111110101110001100011101101110110111111110
11011011111010111001111111001110111101101100011101
11111111111111111110110100011111011111111111110111
11010101111110110111111111111011111111111010111111
01111011111110111111101011110111110111111101100101
11111111111110011111100111111111111011110101011111
10111111111101010111111011100111111111111011101111
10110111111110011101101001011111101110011100111011
11111111110101101111111010100111110111111011111111
77 63 73 33 23 30 22 11 