50
50
11000011101100001001011101110101010001001111111101
11101010010011101111111100101010001011101011111111
01011100100110000111000110000101110101100110011011
11011011001100101010001111111101111011010010011000
01111001100101000001100110110101011101111011100010
11100011110100010110110011110111010010101000100111
11110001001101111111111100111100000011110101111101
11111000101100100111011111100110110100011111011111
11011101010011000000110111101010010100110000101001
11101111000011011100111111010001110110000001110001
11100001110111101111111000101110001111101010101000
10110110110100010101011110111110111000001110100111
01110101110101011010101011110011001111111000001101
01000101101101000101011110010011011101110011111110
11011110100110001101111101100011111101101101110111
10000010100100101110011101101111101110111111111100
00101111011001100011010110110101011110001100110010
10001010101101110111111101111111101011010001110011
11100011011111111000111000100111010111111111110000
11001101110110110111111001010111110011000110001001
01001111010001110100001111111111001101011100100000
00101001001001110110101111100111100101001110011011
10111000011011000101100010001111001101011001011000
00111011100111111101111011101110010100111001111111
11100011000110011111110011011101001010111111101101
00101101111111111111010101001100100111111111011011
11111000010111011110011000111100010111110100111111
01011110100001101111001100111101010001100111111000
11101111000011101101111100111100000011110111011110
11100111011011011110110110011110111100000001001000
11011101100101110100011111010011111101100001000001
10000111010011101000001111000010100000000011001000
00110001111101100111000000010110001001111001110010
11111001101111101001000111011100011011110011010010
10111010010110001000100111111001100111111101011100
00111001101101101100110111100111111011111111111101
11111110000101101111011000110100010000011011011111
11111100001011101100110100101010110101101110101011
10001010000000111000110110101010101111011000000011
10011011011100010111111010111100111010001111100011
00011111111011101010111110111111111110100011100111
11110001011101111111111001100011011000110111001110
11101011000111011001101111111100000110000110111100
01111110010101110010000111000000110000001100010010
00010011011111101110010100100110010110111101000111
11010111101111100011101111001100000001100100010111
11011101001111101110010011100010100111110111111100
10001100001011010001011110011101010000011011010111
00110000111010010110010010010111111011101101100110
00010010000100101001111111110011101110011001100111
28 29 36 25 18 18 11 11 