50
50
00011111011110101000110001111010001100110101100011
00101100010011111011111011100011101101001010011100
11111111111011111111111111111010010100111101101011
10111000101110100011011011111011111001110101111000
01111011111111011101101000111111111010111011100000
00010110100111100110111110111101000101111111111110
01001010110001101011100001101000010000100111011111
01011111101011001000000011110010111111111011011001
11111111010101001100010111011110010100001111011111
00011011111011000111110101010111110101001101001100
10111001111101111110111101100000000010111011011001
11101000110101011111111110101100111010111000001110
11110010111001110110100010101101100001110011110110
11111100110100000111101010011010101011111001011011
00110101100111111001111011011010100111011010011000
11110110100111101011110011000111101001011001110111
10111101011001101100110110101000011111011001101001
01001000111011100000111111101110111001100101111011
01110111011111111101111100001111000110101111111101
01110011110010101100011010000001001110101110011011
11000110101101111101001011111011101000110100000000
11011001001111100101111111110100101101000101010111
10000111100110001101000100111101110011110111000000
10011010111010110110011111011011001110111100110000
11011001111110100101111101111010011111001011111000
10011001110110111010111100101101100011101110011011
10111011111000101011101100101111010001110100110110
00111110101110001111011101100110011011100011111111
11111000101011011101000001111101110011100111100111
11101101111110001101111100110101110111111011111100
01011100101000001011011000101111010111010011110101
01001101010011111110111010011110000011010010110101
00101111111100101101101110101001101010001110100111
11011010111011010111101101101011001001001101110110
00101101111111111011000001101111111010001111101111
11100111101010011101101101001101001101101111011111
01101111011110111111111010000110111110100101000001
01010011011000000111110101111111100011011010011111
10011010111000001110111011101111110101011111101011
01011100001101101010010101010100101111110101110010
01011011101011010011110100110100000010101111100101
01111100011100100111001111111111011011110111101011
00011010010111111001110110101111101111110101110011
10000010111111111110100101100111110110001101110010
11111101110111011110100000001110111010110001101110
10101101111111111000111000111010111101011010011111
11110001100011110111001010111111111111111010100011
10101000101100010000100001011101010100001000111111
10111001000001101101101101001001111101101111100101
11100100001110111111011100111101000110001100011010
44 48 38 21 22 27 11 10 