50
50
00101111110000110000011010011000010101111110111111
10111011001011110001101111101001000100001011111011
10110111100111100011101000000111110110101011000111
11100011111000111110111101111011100110111011111100
00000110101101111111010110101101001101111010111110
01001010000110111110101010101101110100111111001110
11100000110111000110010011011100100011110001101100
00001110011101110101101110100110101110000111101001
10101111010010110011010101111101110010011111000110
10100111100101111110011001101111011100011111100000
10011010010110010011101110010110010011111110011011
10101110001010000111111010010101110000110111010110
10011111011101000100001111110011011011010011000110
01001111111111111111101110101100111011100100111101
11100010111011101111010110110001010010110111101000
01011110001011101111111001001110110111101001000101
01111101010000111011110110011100111111110001011011
11011110101110011010011011001101001101000011001011
11010111111001011011100111110111010010011101011011
01111111100101001111001010111111111101111101110011
11111111011000111010111010110011011011111110001110
01000111010000010101110011100110010011111100011110
00110111000110100111011010110111100010010011110010
01110101101111111110111111000101111000111101101101
00100001011111011000001001100111100001110101111111
00000011010001100101110111101111110111010011100010
11101011011010001101100111001000011111000011110100
00101010011101101100001101100011011101100001010101
11010000110001011111001011101010111111011111101100
01111010111010101010011101101001111110110001101100
01000001011100010100001011101111111011001111011111
11111001011011110110111111010101010111110010001010
10110011111100000011101111110110111101101110101011
11001010001001100111100111110110001011110010011011
01011001011110001001101111110001010100101111001100
11111110000111110111100001110111001101000111010011
10101111100110111110111101010101001111111011001011
01111111110011000110110110011011010100111111011111
01110111101111110110010110111101011101111111111010
11001101011101100011011010110110001111011001011100
11101010111011011000011011011111000001110110101101
11100011101111101011010111110111000000110111011100
11010111111111011110001001001110101010100011101111
11100110100011111000110110111110110000101101111011
10101010011111000100100010000111110100101111111111
11011101101111011101001110010011111011000111111011
10110010011110100101000000111010110000111111101010
10101011001101010100111000011000111111110111011111
10011001111001111101100010110100101101100100101111
10001111011110000100110001111100100111010111101101
20 30 24 11 16 17 4 6 