50
50
11000000101111101110001110001010011110110001101000
00111000100111010101100100010001100000110010010001
01101000011000000011110111110011100111011000000101
11001001111101011111100000000011011101010010000101
11011110110011001101011100100111001000001110011101
11001010001000011001100011011101100101111101011101
01100001101110111001010111011110000010001101010110
10000100000111000111100110101000010100110000100010
01110111000111100011011011110011101001000100000011
00001010110001011001001010010000110001011010110001
10110011011110000100100000110110001101100110001010
11100110000011101100001100011101011010000011110100
11111100100111111010100111010110110100101101100010
00010001101000110111001101110001101000111101011010
01111001111001101010110101100011111101011100111001
11100110011010111110011100101100111010100000110101
10110000101001000101100101100100100011111110010011
11010111011001000000010100111010010110001000110000
11101011000010100011101010101111000111111010000100
11001101000111110001001010001001101000111000110001
10100010010111100001111100001001111011101101110011
10100011011100100011100100110011101001111111001100
10101000111111000010100111100110000000011110110111
11111000000010000100111111000111111010111100110110
01010111000101000010011111100011001111100111100100
01101011100100011111111001011011111011100001110111
00011011011010010001010101100000100011110011010000
11010011101011110000000000110110010111110101101011
10011000011001010010111001001100011000010000010101
00110100011010110010011110100000101101101111010000
01111100011010101110110100000101111001101001001101
00011101110110101011100011000101001010011111001100
01101001101001010110011111011000000110100110010001
00110101001101001010001001010111010001101110011100
11100001000100101010101110010100110001000101011110
00100010010001000111101110110011001011101001010110
10000010001001000111000001110110011100100001111110
01001110000100001100100100000001011110000001010100
10000010110111000000000001000110001010101011110111
11011110011110001111100011000100111110011101000000
00000001001010101111100001101000001110110100100101
11000001010100011101111110001001100011101001100011
10011010011001000101100101101001000001001101100011
00110011101101010000011001100000100100110111000110
01000000100011111110001011111110111100111011000011
01111101111101001001100111011110000010110100011111
11100010001000011001111111010010100110001010101101
01011100000011011001000100001000001101001011010100
01100000100111011111111101100110001010100010001100
11111110001010010001011101000110001010000011101101
31 49 31 22 17 27 10 14 