50
50
01101010011010110101000111001111001011101110000010
00111001010101000000000001111111101110011001011100
11111010010100011001111000110000011011001010101000
00111111001011111101100101110101010000010111010100
01110011111111100100010000100000011110011111010100
11111111001111001100010001101001001011000000011001
00110011110000110000110110101111111010110101101001
01010101000111100101110011010110110110111110011110
01111011010001001011111101011110111011111011100001
11101110011111011111111001011010100110101111101011
11011011011101011110111100101011110001010000100101
00101100101000011110011100101101001111111100001011
11101110110110101110001101101011010100110011101011
00111001111111110110111101001111010100111110111111
00111011110101110110101000011100111010110111100010
11110110011001011001000101100001010111000011010110
10100101110111100111011000000111101110100011001010
11011110110101111110011010000101011111111010011010
11101001111111111111111111010111110111110101101001
00011100100001111101110001111011101001100010110001
11111101111001110001111111111011111110010010101100
00001110111011010111000010100111000000011010110111
11111100001101111110111111110001011000101101101111
01100111101000111001011101110110100001101010001110
11100100010110100100110011010111101011111100111011
11110001111011111111001011010111010111111111100001
11111010111011011111011000101000000001111001011010
11001111110101110101111110000000111010110111001011
10011100110100011001010110001011011100110100100011
10010011100101001100010000100011010000110010110000
11101010111111000110011111111000011000110001111110
11110111000010010111110101110011111011111111000011
01011111100101110010111001101101110001000111110101
00001001111110110000111001010101011101011010101111
10111010111110111111001101111010001101010010011011
01011110000110110101010010111000101010110010011110
01001011000101001111111111101101100111101111000101
11000101111111110010111101110110110010111001100110
11001111010111101010101101010111111111010010001001
01011010100011110110101111100101010101010111010110
01001001101001101011111111110101000000001110011101
00110111010101101111011101001010101111111111111101
01000011100001000000010101010000100100011100111111
11011111110001011100110101100110111111110011010111
01111111101111011100111010101100010111111110101011
00001011110010101101010100100111011101110010010011
10001011101101111100101100110001111010111010100011
00001111000011011111100101101101010011111001001111
00011010111000111111010101001011011011011111001111
11111010111110110111101111011101110010001111100001
49 62 58 15 31 35 14 11 