50
50
00100010000000000000000000100110100001000000000000
10000110000101000000101100001000100000000100000000
10000000000000010000000101000000000000001000100010
00000100110101000010001001100000000000000010000001
01000000000010000000100001001101010000010010000000
10000010010000100001110000010000000000000000000101
00000110000010101000100011100000000000010000000000
00000000010001010000000100000010000010000100100010
00000000000111000000001000100010000000000000010100
01000010000010000010100001000000000001000000000000
00001010010010010100000000101000000110001100000111
01000100000000100111000000001000010100100000111010
00000000000001100010001000011010001000110000001000
01010000000000000000010000011000000010000000000000
10000100000000000100100000000000000010000110000000
00001000000001100100000000100010000100000000100010
00000000000000011110000000000010000001001000001000
10100000000010100101000000000000000010000000000000
00000000010000000000010100001000000000010010000100
00100000000010001000001000100000100000010000000101
00000000000000001000010101001000000110001000000101
00000000001001000000000010001000000001000100000100
10000010000100000000000000000000001000101000000111
00000000001010000000010000010101001000000001000000
00001000000010000000001000000001000000000100001000
00010001011000000001100010000000000000000000010001
11100010001010011100000000000000001001010010100010
00100100000000110000011000111010000000011000011000
00000001000010000000000101110100001000100011010000
00000100000000000010001000001010000000010001000000
01000011001000000100110100000000000000000001011000
00000010010000001111000000010010000100000000000010
01001001000000001000010000001000100000101000001000
00010100001000000100100001000000000001101001000001
01111100000000010010000000000000001000000000001010
01000001010001000001001000000000001010000001001001
10011100000010001000010000011011100000000000000010
01000000000101100000000100000000001000100100010000
00000000100000000000000000000011100100000110100100
00000010000010000000110000000000000000010010000001
00100000000000110010001011100010010100000101011000
00101000011000000000000000001100100000000000000000
00000010001010000000000000011000000000000000100000
00000111101001001000000000010010000100100001000110
00000100001000010000000010000010100000000001000010
10000000000011010001100000000000110011011001000100
10010000001000010000000000000000010100000001000000
10001000000110100000010000100000000000000000000100
10101000000011000100101000000010001110001000000000
00010000000000100000100000100001010001000100001000
12 41 2 5 5 0 0 0 