50
50
11111110111110111101111101111011111110101011110111
11111111111111111101111010111111111111111101111111
10111111111011111111101111111011111111100110111111
11110111111111010111110110001100111111010111100101
00111011111111011101110111010011110111101111110111
01011111111111011101111000111111111110110011110110
11000101111111101111000111111111111110111111110110
01111111111111111111111011111111111111011011111111
11111011111111111111011111011101100111111110100110
10111111111111110110110111110111101100001111101011
11101111111011110010110010111111111111111010111111
11111011100110111111100111101111011111111110111011
11111111111111011111011010111110011111111111011101
10111101111101110110111111111111111011111111110110
11111101111111111001011111111111101111011111101011
11111101111111011111110101100110010110010111011111
11100101111101111001011111111101111011011111111100
11100111101110111111110101111111011111101101111111
11110100111100101100110111111111000110110110110111
11111010011110111111111101111011111111101111101111
11111111111101111111111100111101111111111111111111
10111010111101101111100101111111001011011111111111
11011111111110011111100101100111111111100010101111
01101111111111100111111110110111111111010111101111
00011110001111101111111111111111111010001110100111
01110111110101101111110011111111110100111010111010
11011110111111111011111111111011111111011111111101
10111101110101111111111111111111110111011110101111
10101111111111101111101101111111101100101111111011
11110110111110111110100101010110111111111101110111
11111111111101101101111011111101101001111101111000
11111111110011111111101111110111111011111111011101
11101110001101111101111111010010011001111111111011
11111100110101011111100111110111101011111011111111
10011111101110110110101111111111011111011111010110
10110111101111100111111101110111111111011111111111
11111111111111011110101011111111110001110101011111
10111101011001110111101101111011111111100111111010
10110110101101110111111111011111110001111111101011
01111110110111101101101111011111110011000100110111
11111111111110101111111111110110111111111011111111
11111101111111111101001011101111111101111010101111
10111111111001101111111110110111111101111111111011
11010000111101011110011111111111111110011111011101
11110111011111101111111110111110111111111011001011
01111111111011111111101100011111110111110101001111
01111111111111111111101101111111110111101111111101
11111100111101101111110111111011110111101101101111
01111111110100111111110111011010100111111111110011
01110111111011111111111110111111101011110111111111
59 166 34 7 4 3 0 5 