50
50
11111110111111110111111011111111110111111011011011
11110111011111101111111101110111101111111111111111
11110011111111111101100111101111101000101111111110
10101011111111101011110111101001101111011111111111
10111101111111101111110110101111011110010011111111
11111011111111101011111111111111011111111010111111
11111111111111111111111111111111101111011111100111
11011101100111111111111011111111101111010011101101
11010110111111111111111111011111110110010011111111
11111101111110110011011110111011101011111111010010
00101101110110111111101111111101001111011100111110
01111110011111101110011111110111011101011111110111
11110011011101111000101110101001000111110110011111
11011111011100111011110111011111011111111111111111
11111111110111111111111111101011110111101111111101
11110011110111111111111110110111011101001111111111
11111110011100111111101110111111111111101110111111
10111110001101110111110101111111111111101101010111
11111110111111110101110100111111101010101001001001
11100111111111101111111110110010111111111111011111
01111111110100111010110111100101011101110101111110
10100111011011101001111001111101101101101101101100
10101110111111110011101111111111111111111111011111
11111111110111011111111111111111011110111111101110
01111100111111111111111001111110111111111110101111
11011011111001111111111111110101111111111101101101
11111111111111111011111010111001100111111101110111
10011101111111010111011111010111111111111111111111
11011001110101111111111000111111111110110111111101
10011101011000111011010111111111111111111111100111
11111110111111110111110111101101100100101110111011
11111110111111111101110101111111110111101110011101
01111111111011011111011111111110111101110111111110
01110110011111011111011101111101111110101100101111
11111111111111000011111101110110001100111110100111
11111011111111111111111110111111111100110111011111
11011111110111011111111110111111111011110111110111
10111011111111111110011111011111111111111100111101
11111011111110001111101100111111111111011110111101
10111110111110111111001111111101111111000000110011
11100111011111110111010111111111011111111001111111
01101111101011111100111011011111111010111110111111
01111111011111011111111111110011111011001110111101
11111111011101101101111111111110001111111111111110
10110111111111011001111101101011111111111111111001
00111110100011101111101111111101110111101111111010
11011001111100111110000101101111111111111111101111
11011111101111011111011111011101111011011010111111
11111111101111111101111111111001011111001011111101
00101111111111111101110101111101111111011101011011
47 176 26 11 5 2 0 5 