50
50
10000111010010111111101001101011011010001000101101
11100111011011111101011111110110111000000010001111
00001101111111001011101111110110010100111101111111
11111111111110011111000010111111011111010001011011
10000001100101011100100110111111011101101101111000
01010011001010001010110010010111100101100111101110
10011001111110001101001110101101111011100101101000
01010011101010110111001101011100101011101010001110
10111001000100111100011101011101001001011001111011
00010101111011101111110100101100110010100111011111
01011111100111010110111110101100110011001000011110
10111011011101011110111011101110111110111011001111
11000110000110010001110001101110101111010111111101
10111111001110111001101111111111111111001111011101
00100000011101101010100110001000101111101010011101
01110010111100100010001111110101111100100111010110
01010101010111101001011010111110111000111110101001
11111001100010111000111101101111010011101011001111
01111011111100000001110010010111111101110110111100
11100111011110110111110111011110100001000111111011
11011111110011011110110111111100011011000101000100
11010100111011011001111000101111101011001101111111
11011111010000101010110101101111111111011111110111
11111010000011011101000101000001010101110100101110
11110111111111100101111110111110111111010110110011
11111101100101110010101000100101000000111101101001
11011011001101000101011111011010001001111110101011
00111110111101011101100100111011111100111101010111
00001111110100011100101110110000111100100111000011
00011011010101111101110111001101100001110000011010
11111111010101101110010011110011011111011100100111
10001110010100111111110101001110111111000110111100
11100111111111001110111111101011011001111100110011
01011111110000000010101111111111101101110111110011
10101011101010111010100011100110101010111111110010
00001111111111111111000010111011011101110000100111
11100100010110111111001111100011011110110111101110
11011110010111011000111111110001001110110111101001
00110010111111010111110101010000011101111111101110
10011011111101010001010111011011100111010110110111
11100111011010011111111111110111001100011001101010
00011011111000011101100100110110000111100011010111
00111010111111111101111011000010000100011011110001
01101111111111111001001110000000101101011000111110
01101111110111111011011010010011111010001101101111
01111011010111111101100000011010011001000101101101
01010111010010010000101111100000001011001101100001
00010110101110011100110100110111111100111111101001
00111000101001011000011110101010011011100011000101
10100010110100100011110110111010111011001100111110
94 289 51 26 10 5 0 8 