50
50
00000000000000000100100010000001100000000000000000
01100001100000001000000000000000001000010000001101
10010000010000001001000001110000100010000100001000
01000000101010010000000010001110100000010000001000
00001000000101010000100000110000001000000110001000
00000100100001000000100000000001001001010000110000
00100010000100000010000100011100001010000000001000
00000001000000000000100000101010100000010000110000
00000000001000101101000101101000101000010110101010
00000110001000010000000010000000010000000000101100
00000010000000000000010100000001101100000000000000
00100000010101000000001100001100010000000001000000
10000000000000000010000001110010110101000010000000
10000000010000000000000000000000000001000000000010
00000010001010010000000000000100000000101100001000
00100000000101100000001000000000000000000010100010
00000000010100000000010000100000000000100000000000
00000000100000010000000100000101001000101010000001
01000110000000001100000010010010110100000001100010
00100000000100000000000000000001000010000000000000
01000000000011100001000100001000100000110001000000
00000000100000000100100100001000000000001000000000
01000000000101000100011000000010001000000000000001
00000000000000000000000000001000001010000000100000
10000000010000010000000100000000010110011010000000
00000010001100000000000000000000000001000000000000
00000100001000001000010000001000011110001110100001
00010000000000000100001100000000101010000010000000
00000000000000000010001101100000110000000000100000
00001001001000100000100000000000000010001000000000
00001000000010011010011000000010010001000000000000
00000100000110100000000000000000100000000000101110
10000000010001001010101000010000000000100000010001
10000111101000010100000100000001010100010000000000
00000000101100000000000001101000000000000010101010
00000000000000000010101000000000000000100000001100
00100011001000000000010000000101000010000000000000
01000110101000001100110010011000000100010001010100
00100000000101000001000000000000100000000000011000
00000110111000100000010000100000011000000010100001
00100000000011000000000000100100000011000001000001
01000110101011000001000001000000100010010101000110
00101101000001001100000000000000010100000001100100
00010001100001010100101000001010001110010000101100
00011100000011000000000001000000101100001000000001
00000000000010000000000000010100000010000100010000
00000000011000111110010000000000000100000100000000
01010001100000101000000000100001000010010000000101
00000001010000000100000000000000001000000001101111
00000000001001001001101000000100010000010000100000
36 95 23 5 5 0 0 0 