50
50
11101000010001001010100100000000100010011011100000
10011000100001010000011111001100001100000011011100
00001000100110000001000001001001101011000100100001
01110011011111011100100101100111010010101100110101
00100000011010100000001100101010100101000111101001
00001001010100101010100100001110000110100000000100
01101101101000000010001100011100001000001000111010
00100000000101000010110010010110111101000000111111
10010000000010001011111101010001010001100001101001
01000011000000000010100111010001000000001001100101
11011100101000010100100010110101100111110101110101
10100110001011100000000101000001000000110011001010
01011110000001000000110110100000000001011000001011
00110000010001100000001100000001100010000001000100
10000110001100000110110100101011101001100001001111
10100010011100010000010011010100101111101000100010
00001011001100000110101001000100111001111100001000
01010000010010011111000001011111010110000000001111
10001001001000111000110010100000110000110110110110
11000100000000010101000010110000110011100010111000
10100110101001011111110101010000010100011011011011
00001001011100101010000100001010100111101000101001
01000110110011100010100000000001011000101101100011
01011001001000001000110001010100000000100101000111
01111011000011110111001000101000011111000110001101
00011010100000010001110000001101010011001011000100
10100000000110110000011001100100010110101000101101
10011010010110011010011011111001111100001111110011
00000011100101001010010000001011010100000101010010
10110000010111100110101011100010010110000010101010
01110011001011000100001100010101101001011100000000
11111011101100111000010000011001001111100001000101
11001010101011010001010000000100001010101111000000
10100001101100010001001100000010101100000010000101
01011100110000110101011010000110100000000100010110
01000100010001010010101110110001100010000101100000
00010000000010100111000100011010100010001010110001
11000001000001100101010110000000010010001010011110
11100111011100000010111001001110110001101010011010
01100010011000100011110101100010000100100111000001
10100011001000000010111100100101111001010110101000
00000000100111010001001111010101010000000110000000
11110100000100000011000100001000000110100100100010
01001000110000001010000110001110000000111001101011
00001100001001011011101100110101100010110110110011
01010111000111101101001110111001001010000000100000
00100000100000001100011001011000001000000011110110
00001010001111110000110010110000010001101000001001
11010100011000000001001000001110001000110110110010
00000001110001101010100001110000010001101001110010
70 210 31 15 9 2 0 0 