50
50
10011111101100111111111110111110111001011111111101
10101111011111111111111110101101111101011011101111
10110111111110111111110111011111101101101011111111
11101111110111111110111101011111101111111101001111
11111111011111101111011111101110111111111011111111
11101111110111010111111011010111100111111110111111
11110111101111111111001111110110111111111111111111
11111110111110111111010100011111111110111111011011
11111111101111110110111111110111001110101110011111
11010111010111111110011111111001101111100100101101
11111011111011101111111111111111011111111101111111
11111100101111111111111111111111010000111110111111
11111111111111101011111111110111101011111101110111
10010101110110100111111110111111100111101110111011
10011001101111011111101011001110001010111101101110
11101111111111011111111110111111111111001110011110
11001101111011111111001110110111111111011111101111
11111111110111001110000111111111011111111110111111
01011111001101100101100111110111011111011111101110
11110111111111111111111101111111101111001111001111
11100111111111111101111110111011111110111111101110
11111011011111111011111111111110111111000111111111
10101111111011111111111110111111111001111111111101
11110110111111111101111111110101101111101100011111
01111111111001110111111110011110101111111111111101
11011111111110011101101111110110111111110110111111
11111101110011011101111110111111101101001011111101
11000111111101111110111101111011001111111011111111
11101111111111110011011011101101111111111110011111
11011111101010001011111111111111111111111111110111
11111111111110110111011111010011011111111111111111
10100101111111101111111111100100111110001111000110
01110100111111101011110101110110101111100100100101
00111111011111101011011111111101110111111111110111
11111111110111011111001110101111111111111111111111
11001110111111111111111111111110011111101000101101
10011110111111110111011110011011111010110111111111
01110111111100101101101101111111111110111110001001
01111111111110111101011110101110111111110111111111
11011111111111100111111111111101111010111110111111
11110111111111010111101101101111111111101110111110
10001100111111111111110110111101101110011010111110
01111111111110001111111111110111100010111011111110
01111110111110111111111101101001111111111111111010
01111001100111111101111111111110111111110011111101
11110011111110111011001101011111101001101111111111
01111111000100111111100111111101111101101001111011
11111111111111111011110111111111011001110111111111
10111111111111101110111111111111111010011111111111
11011111110010111101111111111111110110011111011111
106 414 61 32 11 4 0 10 