50
50
00101101010100000011110001010100100111101011110010
01110101001111101100111010110011000011111111110110
11010111100111111100110001101110100011110011011110
01110000101001010111110111011111111010111111111101
00111110011101111111110111101000001010110111011101
01011101111110111001101100111001011110000111111101
01010100001111001011110110011110110011111100011011
01111100101101100010101111101110111111111111001100
00001011110011101111101101000111100100110110000110
00101100000011100110110010111110001101010110101110
11100011010001111100100010100111110001111111011011
10010101010011110101000100110011111101111011101110
01111011011011111010011111001100011101100001100111
10011101001101000101000011011011000110111100011101
10111111110110101010011011001011000111101110101111
01011010001111101010111100111010110101011011101101
11110100010010011011100111111000011111100101010011
01110011101101101000101011111011011111100011010110
00110011110110010111100011011001110111110010101100
10101100100100110100110100011110011001110001110000
01001100111001110000000011111111011011110100110110
01001001110110101110010111101110000100111111111010
00011011011011001001101010001101101101111010010011
01101101101000010111111111011111001010010100001101
01111000110110010101110011101110110000010111001110
10001011101011011001011100101010011100101010101110
11110010101111110001011011100011101101100111010111
10011110100110110001011101111011110001100111101001
01000111010111101001011100101001011011011001100111
10010110111010101111101110110001010110111011100010
01101010101110111010111110011111001101001111111001
01001011100000111101010110110111110111111001101111
01000011000101000010111111001011100100011010010110
10010110101110101100011000100011000111111111010000
11100101000001011010001101111001011011111010100110
10100010011100110101011111010001111111011010000100
11011011000011010001011011110110111100011111110011
01101111110111100011010111100111011101111000111011
01101100101000101001001010111110111110011110100101
10010110111101111010011001101101111001111000011011
11110010101001111011101111011101011010111100111001
11111010110111001101110110010100011111011101010010
11111100110100011100111000111111101110010111110001
10011111000101011000110110010101111111101101101110
10100011111110111001111011011010001101111011111010
11010111011110001111000110111011110100100001011101
01011110111110010111010101001111111011001110110011
00111000011010101111110111100001010011011100010100
11010011001111101011001101111110010111010111100111
10001111011001001010111101100111100101101110010000
42 132 16 11 7 1 0 1 