50
50
11101001001011101010111101011010111110110101001001
00011000111001111101110001001100011001111011001111
10100100100001001111101111011001011111001000111110
00101011010000010111110101110000001101000010010110
10010010001101111111100011110100101111011001110011
01110001011101011011101111100111111010110110100111
00111011110101111100110101010110101100110110111101
11100110111001010110111011010001011011100101101011
11001000000011011011011111101010010010011010001100
10001010111000100001100010110100100111011011101010
01111110100100010010100000100011100110111111111000
11101010101011011110111101011001110101110110010111
11110111001101111010000011011100101011101000010010
01110111111010010001011011110111011110111000101110
10110110001110100101110011000011110110101111010000
11010100110110010110110110111110111111011000101100
11101011111111111001110111101011110110011101101110
01111111001100011110000110101010110010111101010011
10111110010110110100011110101111111110001111011011
10011110110111111011101011101100100111111000011000
11100000010101111000100011000011100000101101101110
01010000110001000101110101010001111001110111011111
01111001110111110100111001111011111111100100100100
00100110011100111010101011011111110110111100111010
11110100111011100110011101101010101111110101011011
01100110100111101100100110011100110111011011010001
10010010101101100011010101111100100110110010111011
01111110101001111100011101101010001111111111101011
00010011010110011000100100111000010010001101110111
00111000011001100101100110110111100001110101100100
00110110011111101011101110001011011011101011101001
01001111100110001111101101111011111110111010011111
10001101110101111101110101111100101110111111101011
11011101011000000001111100110111110011110110101011
11110111100110011100110110011111001101010101101101
11101100111100111101101001110100101000111101000001
11101101101101111111110111111001001100010100010001
11000011111011100000111011111111101110011011011110
11111100111110110111001001101011011001111110011111
01001111101111001101110100101111111111100110100111
10000000010101110111001101101010010111111111000110
11110101010100011011101011001111111011101111011001
10100101011001011110111011010011100111110011110101
01100001011111110111101111011100110111000111011100
10111111111100110001010101011111110001110110110101
10110101101111111111111001111111011111111011010001
00010101111001110001111001111111111010101111100011
11111001000100110111110010011101110100010010011111
01111110111110010100111100011101000100011010100110
10011000111101110101101110111101110111000101101111
97 288 50 24 7 4 0 10 