50
50
01100100001000110010100110001011001111100000001100
00111100100000100011100011110001010110110110001001
00111100000010110011110001000001100100010111111100
00000001000011001111001001001111010000010001100110
10100011000010010110100011101100101000000101100010
10000111011110000111001001001001011011101110000011
01110000101001001101100110100000001011001100001101
10000010001100100000001111000100100001100010000001
01100000000001000101100001110011110011011011100010
11001000010101000000011000000101110001011110101001
01001001001111101000100010101101001101000100110100
01000101010011010001100110011011110100110000010111
10001000110111010100011110000001111110110110010000
01000101100010001000001100010000011110010101001001
10100010101000110000000000010000011000010010111110
10001011001100111111110100110000101101001000111100
11001100000011010011111100000010010001110011101010
00010000000000001100000100001011000001000110101010
00111101010011110111111111110000100111010001000000
00000110000100000100000001001000101111010110010110
01001110111110001010100110110000001011010101111000
11000000010111000011000101001100100000010101110000
00000011000000000001001000000110100100101100000011
01100010101110111000011011010101001111100010000100
10110100111000001001001000000101100011001101010000
10010111110110010000011011000011000011000100100010
10100000011001101010000000101000001100000011000000
01010010001100010011011001101010101001010010001101
01100011001011001000100001011001001000010000000100
10001101010010011000010110110010000000111001010001
01100000001010000010101011001101001011101011001000
01100000100100000110101100101110000001101001000000
10100011000010010001010010100000000101010110110100
01110100111100000001000111001101001110011100010000
01100101100111000000000001000011011000011100101101
11110000010010110000011101010010011001111110000000
10001101000001001000100000111000001100001100100010
01000010110100101101110100010101001010000100100001
10110000010101011001010111111011011111101111000001
01101001100011101001110000100100001010001100110001
10001001100111000001001001100101010000101010001101
10000010000000001000010100000111010011010010000000
00011000100110111010111000001001000010000111000101
01100010100110011010000000100001000100000111001111
00101101001001111110010100000110110101010011100010
00000010011010111001000000100011101110100110100010
00101001111101000100100000100100011110011000101010
11000000000001000111000001100001001000110001000110
10010101000110100011000000110101111111110000000010
01000101000011000000101100000001101001010100010011
67 183 34 23 5 2 0 5 