50
50
01110010000000000001001100000010000000000000010000
00011000000000000100000100001000000100001110000100
10101000000100000001001000101000000101000100000100
00010000000000010101000100001001010000000100000001
00000100000110100010000100001000000000000100000000
00001101000001100000101000011101010101000010010001
01110111000000100100100010000110100010000010000001
10100111010000000000001110001000000000000001000001
00100010111100110000001011110000011100010010100000
00000010000000000000000000000000000001000000010001
01000000000100000010100000000100110001000001000010
00000000000000001000000000000010000001010000001010
10110100010000000000000000000110000000000000000000
11000100100000000000000000000000100010100000000010
00000010100000100100000110000010000001000100010100
00001000000100100000001000001000000010010100000010
10110000000000000000000100001010101000000000010001
00000100000000010000001000010010001101000000000000
00000000010010000110000000000000101000000000010010
00010000000000011000100010000110000000001100000000
10001000010000001100000110000000110010100100010100
00010000101001000010010100001000010110010000000001
00100010101000001100010101001000000000100000000001
00001110000000100000000001010001000000000000000000
01001000100000010000011010100000000000000001000100
00000100000000000000000000000001000100001000011000
00001010100000001000001000000010001010011000010100
00001010001000100100001000000001001100100110000000
10000000100000010100000011010100100000000101010010
00100010011000100100101010000000000100000000000000
00000000000001101100010000010000000010100011001100
00010110101011100001000110100000000011011000100000
00011010000010100100001101000100000100000001000000
00100000001000110000000000100111000000000000000100
00110000000011000000110000000010010001011000000000
01010000001000000100010110100000100000000100000001
01000000010001010010001000000000001001000000100010
00000110000000000000000000001001101101001001100000
00000100001000000000100010001000100000000000000000
01011001110000000010111000010010000100000000000000
00001000010100000101000001000000000000000100001000
00000000000100001000000100000000010010000001010001
00101110000010000100110011000011001100000000001000
10100010010000110110000100001010010001001000010001
00000000101010000000000000000001010000101000000000
01000000000000000011011000001000100000000111000000
10000110000001000001110000100100000000000000000000
00010010000100001000001000001110000010001000000001
00000000001000000001000001000000000000000001000000
10010011000000000100000000000000000011001000001000
66 151 19 11 0 0 0 0 