50
36
110101111110111110111110101110011100
111001010010110100011111101101100111
110110100111100001010001111010110001
101110011111000001111111101101001101
010110110011101110111010000111111011
011011010110010100100001011010010110
011001001101100100110011100000111110
101110111010011000111010101011101010
111100001101011110110011110001000000
011011111101010010100010101010101100
001011110111000011110010011111101011
011100011111000011011101000101001110
010110110010011100000100101111110010
011111010101001100110111011011011110
111001110000011110101111111101101011
110101101110011001110011001111010000
001011010100101111001111011101001111
111100001010111100101111000110111101
111011110000001011110011011001100100
100000110101100011101110010101011111
111111010010010011110010001010101010
011110001111001110110000111011111110
101010000010011111010011101111110000
001100110110111100011101010001010000
010111111001111101101011011110101110
011100001001111111111110101010110011
101000101001111110000001100101111011
101100011100011111100110110101001100
000011100111001011001011111111010101
111101101111010100110101110001100100
101010111101011100111001101100111110
011000111011011111110110111101111110
111110111111101010100010111111001110
000101111100011101110111110111100100
000111010111111101111100111101011000
111110110110101110100010000111010101
110101011100011111010100100000111101
101010101110000111011101000110111111
010010011100001101110111011111011111
100111111000101111100011100011001110
010000111011010011111111000111111110
111111011011000111001000111110111011
000010101110000111111111010011011100
001100011111001011111110111001101010
101101010010000001110101110001110100
001110100110001111010111111001111111
101110011111011011111110101111110011
111011110101001111111010010111111001
010101010100001111111011110101001001
100011101110101100110101100001001101
71 196 34 16 7 6 0 6 