50
36
011000010101011011111111110001011110
011100010000100111110000001111101101
101110110111111110110111010010011101
100101111010110100101010111010110101
111000111100111111011111111111011110
000010101011111111100011000001101110
011011011111001100111011100111111111
100001001000011111001111010110110010
101101001111000110001010000001011001
000011101101111111101111011111101101
010000111111011011101001111111100110
111111011011101111111111011111101010
110011011100011001111101101011100111
111111111100111100111011111011100001
111011010100011101100010000100111110
000110110101111101011110110001000011
010100011011011111111101011101101101
111111111011110101111101110011011001
100101010101001001001010110101111101
011011101010101101101111011011111110
011101000110100001110111110011001110
101000111010001011011010101101101101
011001111001111011000011111110111100
111110101101100111111011010001001100
010000110011011100111110111111010110
001111000101111101010011100100010110
010111010000101011111111111100011000
100111011101110011101010110100110100
010101100010110110001101111100010001
010011010110001101001010001111001011
111100000010101000111101100011110100
001011111111111010001100111111101100
011111111011000111011110000100100110
111111111101101101111010111111100101
011111110010110111111111000100011101
101010101100010011111001001101000100
110111111011101100100100111110111001
100110111011110100001111110111000011
111110100011000111010111001111110111
110001110001010110001101111111110110
000000011100100110011110110100110111
010101100000011101010111111111100111
011101001110111101101000011100000111
000001111000110001011110111000111000
011111011111001111011011011010100111
000111111101111000111100011010000010
111101011110101111000101111111111011
110101111110101011111011011101100010
101101110101110001111010000010111100
101111011101101010011111011101110111
56 127 37 11 3 1 0 8 