50
36
010000001001100010011000000001000010
010010000101100001010000110010000110
001100000100000000100000000000000010
010000010000001001000000100010100000
000000000000000001100000010100010110
000001000000000000010000000000100000
010000001101100000000100010001110100
000010000100101110100000010000000000
000000001000010001001001000000100001
001101000000000100000000000001000010
000010011000101001000000100000000100
001000010111010000010100000000110001
000000000000001010000110000000000000
000000011000000000000010000001001010
000000000010000001001001001000001000
000000001000011000100100010000010100
000001000000001000000010110000011010
000010010000100000010111000000000010
011010001000000000000000000100000000
000000000001011100100011010010100100
000000010000000011010001000000001111
011100000000000001100100101110000011
100000100010000100000011000001001000
000001001010100100001000000010110001
101000000000011001101001001000010000
000000000000000001000010001000000100
000101100010000001000000000101100100
000000000001010010101010000010000000
000000000000000001100000001000000110
000000000010001000000010010000000000
000000010100100001000000100001110000
000000010011100010000000100000010000
010011000010000110111100001000000000
000000001010000101100001100000000000
000000010010000000000000100000000001
000000000011000100001000000000010000
000010000000100110000111010100001010
000000000000000100000010110000000000
000100000100000100000000101100010110
000000000000000100000010001001110000
000111000000100100001000000101010000
000000100000010001000000010100000001
010000000000000000000000000000010000
000001010000000100010000000000010011
001010010110000000000100110001000000
000000110001100000000001000100000000
100000000000000000001000000010000010
110000000010000100000100000000000100
000010011000000001100100100110000000
000010011000000000000100000000001001
26 96 22 11 0 0 0 0 