50
36
111111011110011101111111111111111111
110111111111111111111011111011100111
111011101110111110110010111011011111
111111111101101011111111110001110111
101110111110001101110111111111011111
101100111111111101010111101101011111
111111111111111110010111011101011111
111111111111110111101110100111110111
111111011101000111101011101111111111
111001101110111010111110111111010111
111001101111111111101111111111011111
000111010111110111110111111000111110
010111011111011110111011001111111111
110010110011101111111010101111111111
111011111111010111111011111111011101
100100111101111111111101101011110111
111110010111011111111111001011111111
111110111101110111111111111011011011
111110111111110111101111011011111000
110111111111111111100011110111111111
101011111001111111110111101111011011
011010011001110111101111111111110110
110100101011011111010110110111110110
111101111111011111110111101111111110
111110111101011111111101110101110111
100101111011111111111111011111111011
011111111111011011100100110111111110
111110111111001011101111011111101101
101110111101111111110010011111111011
110000111111110111011001101110010011
011101110111111111111110101101010101
111111111111111000011101111110101110
110110101110011111111111101111100110
111011101111110111111111111110111110
011011011001100101111101011110001111
111111111011011111111001011110111111
111110101111101011101111111110111111
011111101101111111110101111111101101
111101111110101111111111111110101111
101011110110100111100111010111111111
111111110101111111111101001110111101
111110111111110111011111111110110111
111111111011111110111111111101111111
111101111101011111101001011011110111
101000000111101000110110111111011010
111111111100111101110100111111100111
111100111001110101111011111111011100
110101111111111111111111111001111111
110111111111111000111111101110101110
101111111111101110111111001111111110
96 283 41 14 5 6 0 11 