50
36
101101111111111100101111011100111111
101111101010001110111111101101001011
111111111010111011111100011111111011
001011111001101011111111010111111001
111110011111011001011101001101111011
111011011110110111001100101100100111
110011111111001111000111111001111111
110101111001111101110111101101011001
111011111111111111111011111111111011
111111110011111100111110100111101111
101011011111111111111101111111111110
111111010111001111110001110101101111
110101001111101101111011111111111111
101111110101111101011011111111001111
111110010111101001010011011111111111
111110111111111110111111111011110111
111011010110111111111101111111101101
001111111111101111101101110111101101
110111110111111111110111111010111111
001101111111111010010110101011110101
111111110111101111111111111111111111
111110111101111111010101011110010111
111111100111110101101011110000111111
111111100111111101111110101101111111
001110111101110111110101000011111101
111110111110110011111101111011111101
100110111111010111111001111101111101
101101100111111011111110101101111011
111110111111111101011101110111111111
111101110111101111111011111111011111
111111110011111111111111111011111111
110111100110111111111111101110010111
110101111111110011111111111111111110
001101111011101101111110011111101111
111011111011111111011111111101110001
110111011111011111111011011001110111
111101110110101111111111111111101011
101111111011111011101111011011101101
101111010010111111011111111111111010
110011110101011101111101111111110111
111111101111111111111011111001101111
111011110101011100111100111110110111
111101001111011101111110110110010110
101111111111111111110111101111111011
010101101111111101111111111011111101
111010101111111111010111110111101111
101000111110111111011101111011111110
110101111111011111011111111011111110
111111011111111111110110111111110111
111111111111011011111111111111011101
38 128 19 9 3 0 0 3 