50
36
001111010001000010100010101001010011
100000001001100101001110000000101000
001100101010010101100110101111010101
000000110011010110111001000100100001
101000101101000010000110010110001110
100100011100010111101001000010100001
001001110001110001110001101010011101
001100101111001100100101010111000110
010110011010100101001110000100001000
001001001001101001001101100001000000
110000010111110101100011000010000100
000010110000100000100111100100000010
101000000100101100000010001001110010
000011010011111000000000001011001000
011001000100100101011000111100110000
000100101101001000000000111101001011
110100000000001010100000000100010100
001000000000001111000100011101011011
010100100100111100110100111010100100
010111010010010000110001001001001110
010110000011101000010001000110000101
100010100001001001100000101110100100
010010010110101100010001110111100010
101011001001011100100010011111011000
001000111010001010000101001100110011
110101011110100010000000001010001110
100100011001000000000000001111000011
010000000101010100100100010100000100
011001100100000101000011100011001001
101001010011000101000100000101000000
110001000111010000111010100010000110
001000001011011100011111000000000101
010000001110100100000110010011011001
011111010000110010000001100010001100
000000111000100001111000000011110000
010100010011000111011000111100011111
011000000010100101001011010000111111
100001011001001100100101001010101000
111000001000001001010010010000011100
100000101000000001000011001101000000
111001001001110010010000000000101000
011000000110110010000011001001000100
101000000000010110100001011011110000
110101100011111001000110010100100000
001010000110111101111010000011000101
011000000000000111010010001001100000
010010110101100011110001010111111011
000100000100010111000100100001110110
101101100000000000010100000010101000
010011100000100001110100110010000100
44 143 19 18 0 5 0 0 