50
36
000011010010000000010101001111000011
011001000001001001100010011010010001
011001010101010110000000000010100000
000010011010111000000110100001010111
100000000100110000100011001001110001
100010001000001001101100010110001001
010101100011110111000001001001100010
010000001100010100111111100111010011
001000001010010110010101111000101010
000000000001000110000000111101101010
011110011000101001100010001011100000
101001111000000101111100001100000001
101110001101101100011001001001101010
010010001100111001010000011010000001
000001010110111000011001110000100010
010001010001010010001010110010010000
010001000000001100011111000100111100
010000001000010000001101000001110000
000000000000010100101011100000100001
001000010000101110010110001110101000
001100001010011001100101111111001000
101010010000001010001110000001101011
000100100011110110100000010010100110
001100110011000001101000100111001001
111011110000100000100001101111011001
011011011001000010010001111011100101
100000010100110110100101001010111010
000000101000000110100111001101011000
110101110000111010111100101001111011
001100000011101110001100101011000111
000000010100101010100111100011001000
101010110100110011000010000101101000
001000000001001101110100011010011100
000011000101010111011010100000000010
000100100001000101110101011011110001
111001110100001000010010000011001001
000000101001010100000110010001110000
011001001110000010011001100010001100
101010100001000000001110000100010100
010101110100100000010010010001100000
010001101000011110000001111000010100
001000010011010000110100011100000001
000100000010101011110100001110000010
000010111110010001011000000000100010
101000000010111100010100000111000001
010101011110001111110010001001010100
100110010100000000000111100000111001
100001001000000011010000000110010001
000000100110010110001011010100011100
110000110011011111010101010010011111
41 101 19 6 6 0 0 0 