50
36
000011100110000000000100000001000001
000000001001000000001001000001100000
000000010100000000010000001010000100
011111000010000000000001000011000100
001000000000000001000000010000000000
000011001000001001010000010001001110
000110000010110101000000000100100100
000011000101010000000011001000001000
001000000000000010000001000000101000
001100100000000001100100011010001000
010000000111001010100000000101000000
100001100010000001101100011000000000
000110000001101110111100010000100001
000100000000100110000100010000010000
000000001011010000000100000000010000
000001100100000010001001000000000000
010110100100001001000001001000000100
010000100101000000100100011001001100
000000100000100010010000000010010011
000010000010001010010100011010001000
100000100001000000011110010100000001
100000000000100000000110000000000000
110001011000100000100000100000011100
001010000000011000000000000000000100
000001010001011001001010010000010010
100000100100000000100001001000001100
010011010000001100010000011100010000
001000000000010000111111001000010000
000000101010001001000100000000000011
000000000001000100000000000000000000
011010000000001010000000000001100001
001100011100000010011000000100110010
000010010001000000001000000000011000
000010000000001000000010010000101000
000000011010000110000000000100100000
101100000001111000100010010000000000
100011010000000100000000000000000000
000000000001000010000000000100110000
001000000011000010101000000000100000
010000000000000001000000100010111000
000001000010000100011011000010100000
000010100000010000100000000000001001
010100001000011000000000001000000000
001000000001010001101000000000000010
001001000000001011011011001000000000
000111001000000100001000100010000000
001000011000000000000000000000010000
011000000100001000000000010000000101
010001000000000101011011010010001000
000001000000001000000000010000110000
21 62 12 3 1 0 0 0 