50
36
100010010010000011100010001010010001
110100001100100011100011111001100100
110110011000110010001011100001001000
001101110000010000000111011011000110
001010100110111010101001111000100100
001010000000001111101001111101101011
111000110001011001000100001010010010
000100111011001000100100010110111101
011000110110100010000110101100000000
011000110101100111000000010111000000
000100101000010000111000111101100100
000111100100100000000000001010100011
001001010110101101111011010000111111
110100111111101010011010000000110101
010101101100001000100100000111000010
101111000001000000010101100010100010
000011010101100100101110010110011001
100011100000100000110010100000011000
101101001110100001010000010000000000
001010001000000110000011101110001110
000100100111101000011110001000000100
101010011000010100100110000001110000
111001010000101000001101100011101011
010000010010000000110100000000001000
100101011001110011101010010111111010
111100011101001010010111001000110110
000010110101100000111010010001100000
001011010100100000001111100001001111
100010000000001100010101000111101000
101010000100110011011100000100100111
000000101010000001000001101010111011
011011001101101110000100110101000100
001000001001101011101010101001010110
011100001110000001111000001100000111
100000000000010100000110010000011110
111010011100000001000010000001011100
010100010001010011100001011110110011
010101001011000100011000010010000011
011110011001111100001000011000001111
101100000111000111101100010011000010
001000100001111100000001111001101000
001000000010101110100000000110011001
010010101000000001011001000101001100
100001000000100000000000000101010100
110001010001011011110100100010111000
001101101001001000000011110100011001
010001010000001100010011100101101100
000011110000010001000010000101011011
000000101010000100010100100011101000
111010000000000001001101010110010010
18 62 13 5 3 0 0 0 