50
36
001001100001000001100000110110010100
110100001001011110101011000000101011
001000110100001010110001001111001000
000100000100100100000011001111101100
000110010000101011000010000111010101
110110101110101001101101010111000001
111100001100000010011111100100011010
000110010000000110000010001010110100
001000001001100101100000100000010010
110100000110110001000010111100010001
111001001101010001100101001101010010
001000001100101011000110011100100000
001011101100101000010101100000101110
101000010000100010100101101100111011
110000110101011000001010001101001110
010000010000011000010100000000000011
100100000101011110100100000000100101
100000000011011011010000010101001001
010100110000101001000111000011001001
001011101001101000110000010110010111
001011100001100011001000000000110000
000100000010000010001000010001010001
100110010010100010000000010001000000
110000111001010100011100110100100010
010110101010100000110101011011010100
011100000010110101000011000010000011
010100001011100101000101000110000000
011000010010010101001000111101000000
011100001000000101010100001000010000
010101000110000000001100110100011011
100010001011010001100000101000111000
111011101010000100011000100011101000
100101011100110100000000010000010100
111000010011101010000011001100111100
111000001001010000110011001011010101
011111100100001110110111010101010110
110110001000001111011111110000110100
110010001001100101010001111110000000
000011100000000000110100001010001110
000001001100100101101000010001010001
011010110111000011100100010000010100
100100100011110001000000110000100110
101110001011111000000010101000001001
010000001111101101001100101001010000
100000010100101111101111001011111010
110010111111110001001000000000100110
101111000010010100001010101111001000
001010100110010011001110010100100110
000000001111100010000010000100101001
001110101110100001010010000010000011
42 87 13 13 3 3 0 2 