50
36
100100001011011100011110011100001100
001011000000011110000001010001110010
101111001000100100000110100001101100
001101000010100010011001010000101010
000110001010010001000110111101001000
000000000111001000001110000111100001
011100011110101000011001101000110110
111000010100100000111000110001000100
010000000101010000100010110010011000
010010110110010100000000001010101001
000000011101100011010000101001111000
100111000000011111110000000000000100
000100101111010010100011011010100100
110001100100001100110001110101100100
000111100111001100011001000101001000
001000001101010101111010010010110010
000000100100111001001100011000010101
010001000000100101010101001101000101
010010100010010011100001001011000111
001100010000001000110100011110101111
010101110101010101000100100101010001
011001010011010001000011100010000000
111001100010100110000010000101001101
001100011001011110001001000111001000
110001100100000011001101000000001111
001101100000100101100011011011100011
010000110101100110010000001010010111
100000000010010001001101001010010001
000110110001110111001100110110110100
100111111100011011100100101000100011
000110010000000010000010011000001010
011010000000010101110111110001001110
001000101110011001011101010010111101
100010110101011000100101111001010000
100000001011101001011001000001101101
000001100001001010100001000010000001
000111001000001010110000000011010101
100010001110000110010111010011110100
000010100001100000001011000011110000
100001010010001101111010001001000101
000010010101001001010110011011000110
001000001010110000100010001000011011
000001100000000100000010001010010110
101010000010011101110000010110010100
011110100010010110010000101010000001
001000001010111000011000000101000001
111001100100001000101000001111001110
011000100010010010100101010001000110
011110001001100001010111111010000100
100100110101000011000001110111001111
65 144 26 9 6 1 0 0 