50
36
001010010001101100000000001100000010
001000000100000000110000000100010001
000000000000100000000100010000001110
101000000100101000000000000000000000
000110000110100001000101100000000000
000000100100100000000001010010000100
100010000000000011000000000100000010
100100000110000000000110000000000000
000001000000000100100000100000000000
100000010000001110001000001000000100
011000001000000001010000000010000000
100000101000010000100111000100001001
001101000100000000010000010000000010
001000100000100000001000010001100100
001000000000000000010000000010000110
010000000010011000010000000001010000
000010100101101000000000010000000000
000000000000101011000000000000010101
000010001000010000011100000000111101
000010000011000000110000010100101000
001000000100000101001000011101000011
100000001000000000101000000000000000
100000010001100000100000110100000001
000110000000000001010000000100000000
011010100100001000000010000010001001
111000011000100000000000010000100010
000100000000010000000011000100000000
000110000011000000000101010010100000
010000000101010100000100010111000100
010000000000000000001000001010000000
001000110001000000100001000000000111
000100111000001000011000001000001001
000101000000011010010010010000000001
100000000100000010010001000000100000
000000100000010000000000000010000010
110000000000000000001010001000100000
000011010000000000000001000001000010
110100000000100000000101000000010000
100000000000001000000010000010000000
010000101000010001010100111000000000
000100010001000010011001000100100001
000000000000000100100000000000101010
010100010000000100000000010000000101
101000111010000101000010000001001000
000100100000000000001000000100000000
000000000000000011011100010010000100
000110001000000001000001000010001010
000001000000000010000000000010001010
000001100000001001000010001000100000
000100101000001010000000001100000000
25 54 14 2 0 0 0 0 