50
36
101100111111111111111101111111011111
101000001010111111111010011101111111
111111011101111010011011001010111111
111110010110111110111101101011111111
101011111111011011111111111011111111
100001111111011111100010111111111101
101011111111011101111111111111111111
101111101101111011101111011100101111
111111111010110011111011111011111111
011100101111101110111111111111101111
111111111101110111111111111110110101
101111011111001111111101111011110011
101111111111111000111101111101110111
110110011111010011111011101111110110
011011011001011110110111111111111111
111111011101111101111111101111011111
111100111111101011111101111101011011
111101011110111111111111111111100111
111111111111111011111011110011110111
011111001111011011011111111111111111
111110101111111111111111111111111111
111110111111111111111110101101111111
111110011110111111111101011111101111
111111101001010011011111111111101111
101111110110100111110111101111111111
011111111110111111110111111111111111
111111110011110111111110011111111101
111111101111111011111011111110111110
111001111111111111100101011011111111
111111001111110111110100111011110111
111101011111100111111010101111111110
011111111100111111110110111101101111
101111111110111110100110111011111101
111111111111110001001111011111111010
111111111111111111111111111111111101
000111011111110111111011101111101111
101111011111111111110011101101111111
110110111111111101111111110110101111
011111110110011111101111111111110011
101001111111111011010111101100110111
111101111101111111011110100111101110
111100100110001111011011101111111011
111111111111110110111111111111101111
101111111111010111111101111111111110
010111111111111110111111111101110110
110011111111110110111111011101111111
111111110111111101111111111111101111
111111111111111110111111111110010111
000111101110101111010010100111011111
011011001011011011101111111110111101
85 274 42 28 13 4 0 8 