50
36
111101111011111101111111110101111011
010011111011111111101111111111101111
111111101111111100111111011011011101
111111111111111001101111101110011010
011011111111111111101110110111100111
111111101110011101111111111011111100
111111011111111101111101011111111111
011011111001110101111011111101111111
110111111110111111111111001011111110
111101001110101001101111101110001011
011000111100101001111111111111101110
111110111111001110011110110111011111
111111110101111110011011110111011111
100110111111111011111011011111011111
101111111001111011111010111111110100
111111111111111111111111001110011111
001001111000111011111011111111100111
111111101111111111111101111010111111
111101111110111101101111101011101111
111001010111111111111111111011110011
110010111111101110111011110111011101
111100110110111111110111011101111111
110111110111111101111111111111110011
110111111011111110111011111011111111
110111111111111011111101011100100111
111111010111111111111011011111101111
011111111111111111011111111111111011
111111111101110010110111111111011111
110110101001111110111111110111111011
111111111101010011111010111111111111
011111111011111111111111111111101111
111111111111101101110110011110111111
111111111111111111011111101011111011
000111110110110100010111111101101110
111111110111111011011111111101111011
101111111111110111101111011101101111
111101111110111111101101110011110111
110101111101111111010011111100111101
011111111111110110111011111111111111
111111011111111100101001111111001111
111111111001111111101111101110111011
011111111101110011111111001111111101
111010101011011110111110110111101111
101111011110001111111110111011110101
111111011111001111011111111110011101
110111110110011101111111101111111111
111111101011011111010111011111111010
011111101110101111101111111011111111
111111111111111101111111101111111111
111111111110111011111111111111110001
68 201 29 12 7 7 0 6 