50
36
001101010100001101111001110101010000
111001001010010100000111011100000101
011001100000010001000000100111010010
100110010011100111101010110100011100
001010110110001001010000001010110000
111110101010100001101001000110011100
010000000010000000101010000000100111
100000011110011010010111000001100000
010001001010001000010000001001010000
001011011011000000001101011111100100
100110100100010100100101000010100001
001101100000100001100000000010111000
011000000100000001110110010011011101
000100100001100010110001110001000010
111011010000001100010011011000010000
111100001101011010011100001001100000
101100100001011001000100100101100011
101011010001110101110011100010011010
000100010011000111010111010000101011
001000000100000000101100001000100110
010000011000011101001110000100001000
111010101010000101000011100000001101
001001100010010100100110001011001011
000010010000010100101010101100010000
011011100001111100000100010100100011
011000001000000100000000000101101111
010011110000101101101110110100000101
100000000010000001000111100100001101
110110110111011010010010110100100000
100110000100100010000101110010100110
001001101010110000001101000110001110
011010100001001011101100001001011111
000010000001010011111110000100101000
001100010000101100000000101011100001
010011000011001000000110110100100011
000100101111110101101000101101010000
010000001001100001001110101111111111
110001111000110010100010100000100110
011011001010010000100000010100100000
101100001000000110010101000110001000
100110001110000101111010000111010100
010100010101010110010011010110001000
100000011000001000001111110100010001
010000010101001001100000110010001000
010101011010101101100101001000011000
101110100001000001000100000011110001
001111011000100100001001100001011000
011001000011100100100111010111010001
011100100011000000001110011001101000
110001011110010101001010010010101110
36 136 24 10 5 3 0 5 