50
36
000000000000001000000010000001100000
000001001000010010000100001000000001
000100000000010000000000010000100000
000000010100000000000000010000011000
000000010000010000000000011000000000
000000000111011001000000101000000000
000000000000000000000000111000000000
000000100100010000000010100100000100
000000010000000000110011000000000000
100100010000000000001001000010010100
000000000010100011000100011000000001
011010010001010010100000000110000001
000010010000001010000000001101000100
000000000000100001000000100000010000
010000010001010000000000000001000000
000000000000001001000100001000000000
000010010010001010011000000100000000
000000000000000100010000100100010011
010010000000001001110100010100100010
000000000101001010000100000011011100
001010000000000001100000000001000000
000010010000000000010010100000010000
000000000000100000001001100010000000
000001000000000001000000001101000101
100000011111000000101010010000000010
000100000000010100100001000000000000
001000010000000000001100000000100000
100001000000101000000110100000100000
000000000001000100000010000001110000
001000001000000001000010000100000000
001100010101010100000010000000100000
001000010000010000010000000000010010
000000000000000000000101000010100000
100000100000000000001000000010000100
000000101010000000000000000000000010
000111001000010100000011001000000101
000000001010000110110000110101010000
010000000010001100000000001010000001
101000000001001100000101100000010101
111100001010000010010000000000000101
000001000100100001011010100011010000
110000010000000001000010000100010000
010000011010010001000000000001000100
000000000000000100011010011011000001
000010011001000000001000001001000000
000000001101001000010000001010000100
000000000000100000010001000000010100
000000100000000000110100000000000000
000100010101100000000000000000011100
001000011000010000000000010100000001
10 31 8 2 0 0 0 0 