50
36
010110101010000100111011011101100111
101111100111111110011111101110001011
011101101101111001010011101110010100
111000011100111001011110011110011010
111111100100100101010001000000101111
001110101000110010111110101101010110
001110111011100011101110110111111010
111110010110000111011011110011101001
111101111101001000100010110011111101
011011000111110010001001011110011001
010111111111110111001100111101100100
111111011110110100001010000100111110
110011000110111111101000101111011111
011011110001111000010111101011011111
101110111110100110111011101001011000
111111011011101011101101111110101111
111101101111011111000101001110010110
111011110011001011001010111010110010
100011011011111011100110110100100011
111011111011100011000011101100110010
111101001100100111111111111101011010
010110111001010101110110011101100101
110110001011110011010111011011011000
110001111000001011101110110010111010
101100110001011101111001011000100011
010100100110110101111111010101011011
111100101110011010001111100011001110
111000111101100011100000011110010110
101011110111001010011100101100011011
111000110100011100000001111011101111
010110000100010011110111010110010011
011110000000011101111001111101011001
111111011000111010001010111000011001
010011000111100100110010111110101111
111001111101110010011111000100111001
011111011001100110011101101111110010
111111101110110101011010111001010110
001110101101100001111111100111110011
110011101110000101101010011001110011
000011110000110011011110101101011000
110111010110111001110100111110110111
110101111001100011000111110110101110
101111101111010101110011011110100101
110101001011010001111110011001010110
000110001110111101001101100011101001
100111111111101010011101111111010011
111010100100101110010101100011011111
110110110100000101000110110010101111
000111001111010111110001111011011010
100110110110010110101111001010000101
89 269 48 19 7 5 0 7 