50
36
000000001000000001001000010000001000
000000000000000000100001000100000000
000000010010000010000000000000000000
000001000101000000000100010010100001
001000011000001000001010010001100100
000001000000001000001000010110000000
000000001000000000100000110000000001
000000000000101000110000000111100000
000000000000100000010010001000011000
001001000000000000100000000000110010
000000011000000000010001010100000000
000000100000001000100000001001000000
100000000010110100010000000010000100
011000100010100000000101110101110001
001000010100000000000010110100000100
010010010000001101010000001000000000
000000110000000001000100000010000000
010000000010000101000000001100100010
000000001000000100000000000000000000
011000000000010000010010000100100000
000011000010000000000100100000000000
000010001000101000011000000000100100
000000001001010000100000000000000011
000000101000000111000000100100001000
001010000001110000001100100000010000
000000000000100101001000010010001101
010000000001010100000000000000000010
100000010001000000010000000001000000
000010000000100000000011000000001000
000000100000000010110010001000010000
000000001010110000100000110000000001
000001100000000000100000010000100000
100010100000100000101000000000010000
001001010000000001001000001000100000
000110000010000000011010010110000000
101000000001000000010100101110000000
010000000000000010000010000000001000
101000000100000100100010000101101100
001000000010000000011001100010100001
000110101101000000000000000000011000
000000000010000000110001011011000001
000001000110000010000000100000011011
000000011100000010000100001000001000
010010010000100101100000101000100110
010010011101000001010000001000001100
100000000000000101001011100100110010
000011100010000101000010010100100100
000000001110000000000110101001000000
000000000101000011101001001011000000
000100000100100000001100000001000001
12 37 7 1 0 0 0 0 