50
36
111110111111010101011101111111111111
110011110111111111011101111001011011
111111110101101001111100010011110100
011100111001111111111111111111101111
111101111110111101111100110101101101
101110110111111111110100111111111110
100111111110111001011001111100111111
011010100101101111111110111001111111
111001011111011111111111111110010101
111111111111111011011111111111101011
101110101111001011101011111111111101
111101011010011011110111110001111101
111110110111111111111110111111111110
111101010111111011111011111111101111
110111111111111110110101110111111111
011101011111111111111101111111011111
100111110111111101101111111111101101
101111111110011111111101111111110111
011011101111011111111111011111111111
011111111011111101011011111101111011
101111111111110110111001111011111110
111101110111111110111011101101110111
011011110100011010111111011111100111
111111011111111111110010111111101111
101111101111111111111010111101110111
111111101101111110111111111100111111
111111110110111011111110010101010100
101101011111110111011111110011111100
111111101111110111111110110111011111
101111111111110111111011101111101010
011111011111111100101111101111111111
110111111110111101001100011110111111
011011111111111101011101111100111010
110111101101111111101111101111111111
111011110111111111111110101111111111
011101110111101111101111111111111111
111010111110111111111101101111010011
101111111111101101110111111110101111
011111111011111100111111111101111111
001011101111111010111101110011111111
010011111110111011111111110011110111
110011011001111110010111011111101111
111101111011111101111110010000111111
111111100001111110111011111111111111
011111101011111111111000110111111101
110111111111011111111011101101111111
111110101100110110101111111011101110
111111111011110111111111011111010111
111111111111111111111111111011101011
111101111111101100110111111111110111
34 121 11 7 5 4 0 6 