50
36
111111101101111101111111100111010111
111011111000111001101111110011111111
111110100111110111110111011101111101
110111111011111111011111111101110111
011111101101101111111101101111110111
111111101111111110111111011111111101
111011000011111101111001111011011010
111111111011101111011110011111101010
111101000111111011111011010111011000
110111111111111111100111101110101111
011110101111101111111011111111101101
110111111111111111110111011111111101
111010110111111101110110111111101111
011111111100111111110101011111111111
100111111111111001011111111111001111
001111100111111101101110101111101111
101110111111111011111111100111111111
111111111011011010111010011110101111
010111111111111111011110111111111111
011111111011111011110111011111110111
111111111111111011110101101111110011
010110111111111111111111111111101110
111000111101111111111011101101111011
011111111110111101001011011111111011
111110111111111111100111111101011110
110101011101111111101111111110010111
111001100111101101111111111111101111
011110111011110111111100111001111110
101111011111111111111111101010111111
110111111110111111010111101011100011
011100111111111110111111100111111011
101111011011111001111111111111111100
011010111111111101111111110111111001
110111011110111111101101011111111101
111111111110111111101111111111101001
110100111111111111111101011111111110
111110001110111111010110011110111111
111111111111111111000111001111110111
111101110111111111111111011011101111
111011101101001011101111111110011111
111100100111111111111111111000111111
111101111101111111111111101111111111
011111111110011101111101111111111111
111111111011111111111101101100011100
111111101111101111110110111111011011
101111111111111110111111111101001111
111100111011101111011111111110110111
001010011111111110100111010011111111
101111111110111111111111010111000101
001111011111111010101111110111101011
61 203 28 14 12 3 0 5 