50
36
010011101101111101101110111111100101
111111000101101101010001001111110110
001101110101101111000011100011111111
100011110010110000100010101011110100
111100011010011101111111011101110100
101010010001001110110110000101111011
111001101001110001110001111001101000
111100111111010010100101110110011001
101111111110001010000111010110010011
101111101010010110001110011000010101
100111110111000100110011111101001100
001000010001001011100010110110111110
101111100000101101101111010110101100
111100110000111101111101111001110100
010001101110101011111101010011111000
110110111111110110001110001010000111
011100010100011010101101001000111101
101010101101101010110101110000001011
111010111100111111000111111100011000
101000110111011110010111100001101110
111010000110110011110011011011001100
111011011001111010111011001111100110
001000010001101111111011111100110111
110001111011110001111101101111101001
100111111011100011111100001110011000
101001000111110010101101100111101011
111011111010000010111101110111101100
111011110101110001101011010000110110
011011101011100101110111111101001111
101111111011000110101011100111011011
101111010010110010010111011110011101
010011110100000000110101000011111010
111010111100010000011111101101101000
111011110010110100010100111110010101
100110111111100000110100001101100001
010011110111101011110100100101011011
111010110000000000111110001110011110
001111010111000111111010111111110100
001011110110111011001001110000101100
101001011111111101100010111101111100
011101101100111011110001111110111000
001111100111111110011010001111111111
101011011101101110100111110110010101
101010111101011101111110111010111111
110110011010111001111111101110110100
010100110110100111011001011010100101
110111011100101101010000011101110011
000010001111100100010111100110111110
101001001111100001111010110010100111
101111100010011111110110101111111111
36 90 8 8 4 1 0 3 