50
36
011100100010011001000000100010100010
001100000100010011010001110101100110
010110000111000100110001101000010100
011110100011100100100000100100100100
000000010001010101111001101001001100
000001010001100101111010101001001101
000000100111100010000010010000011011
011001101000000110000110100000100100
000000011010111000101001001000010000
100111111011000100010000000000100111
100000101000100000000100100010010001
000110010111010000011101001000100100
010011011100001100111001100000001010
001000101100010010000011001110000000
010111000001100011001000000001001111
011000000101000101001000000110111101
011000111011100000000100100010000000
000111100001000000001110111011000000
010101000111010000101010000010010010
011100000001010101010010100001010110
100111101011110001100101000010110101
001001000100101100110000000011000010
010000010001011101001110010001001001
010100010110011101101100010001011010
100100101000011101011000011110000000
110110010100100101001101100010001000
001000100001011000001101001100000110
001100010001000001100110111101110010
100011011000111000000010000111110101
011110001010100110111001101010010000
101111000000001100001010000111010000
001001101011000100110010001010100011
000000000000110001100000001100010001
000010000010100000100000110011000110
011011111011100001110100010001010100
000000001110000010010001100100000011
001011001000011100001110001111010011
111101011100100100010000111000011011
010010011010000101111011000000010101
000100110011011000001110011100000111
001000001100011110001100010101001000
100100110101101001110011100010100001
000010010111000100110011011000001100
100010110000100011001110010100100111
100011001100000111101000000010000001
110001100100100111001110111000100110
011000000011110011000001110001010000
010011001000000111010010010011000000
010111010110000111111000001100000000
101001100111010010000110100110110000
26 96 27 9 3 0 0 0 