75
75
111111111111111111111111111111111111111111111111101011111111111111011111111
111111111111111111111111111111111111111111111110101111111111111111111111111
111011111111111111111111111011111111111111111111111011111111111111111111111
111111111111111111111111111111111111111111111111111111111111111111111111111
011111111111111111111101111111111111111111111011111111111111111111110111110
111011111111111111111011111111101111111011111111111111111111111111111111011
111111111111111111111111111111011111111111111111011111111111111111111111111
111111111111111111110111111111111111111111011111111111111111111111111111101
111111111111111111111111111101111111111111111111111111111101111111101111111
111111111111111011101111111101111111111111111111111111111111011011011111111
110111111111111111111111111111111111111111111110111111111111111100111111101
111111111111111111111111111111111110111111111111111111110111110111111111111
111111111111111111111111011110111101111111111011111111111111111111111111110
111111111111111011110111111111101111111111101111111111110111111111111101111
111111111111111111011111111111011111111111111111111111111111101101111011111
111111111111110111111111111111110111111111111101111011111111111111111111111
111111011111111111101111111111011111011111111111111111111111111111111101111
111111111111111111111111110111111111111111111111111111111111111111111111111
111111011111111111111111111111111110111111111111111111111111111111111111111
111111111111111111111111011111111111101111111111111111111110111111111111111
111111111111111111111111111111111111111111111111111111111111111111111111111
011111111111110111111111111101111111111111111111111111111111111011111111111
111111111111111011111111111111011111100111111101111111111110111111111111111
111111111111101111101111111111011111111111111110111111111111111111111111011
111111111111111011111111111111111111111111111111111011111111011111111111111
111111111101111111111111111100111111111111111111111111111101101111111110111
111111111111111111111111111110111111111110111111111111110111101111100011111
111111101111111111111010111111111101111111111111111111101111111111111111111
111011111111111111111111011111111110111111111111111111111111111111111111111
111111111111111111011111111111111111111110111111111111011111110111111111111
111111101111110111111111111111111111111111101111111111111111111111111111111
111111111111111111111111111111111111111111111111101011111111111111111100111
111111111111111111111111111111111111111110111111111011111111111101111111110
111111111110111011111111111111111111111111111111111111011110111111111111111
111111111111110111110111111111100111111111111011111111111111111111110111111
111111111111111111111111111111111111010111111111111111111111111111111111111
011111111111111111101111111111111110111101011111111111011111111111111111111
011111111011111110111111111111111111111111111111111111111111111110101111111
111101111111111111111111111111110111111110011111111111111111111111101111111
111111101111111111111111111111111111111111011111111111111111111111111111111
110111111111111111111111111111111101011111111111111111111111111111111111111
011111111111111111111111110111111111111111101111111011111111111111011111111
111111111111111101111111111111101111111111010111111111111111111111111111111
111111111111111111111110111101111111111111011111111111111111011111111111111
111111111111111111111111111111111111111111111111111111111001111111111101111
111111111111101011111110111111111111111111111111111110111111111111111111111
101111111111111111111111111111111011111111111110111111111111111111111111111
111110111111111111111111111111111111111111111111111110111111111111011111111
111111111111111111111111111111111111111110111011101111111111111111111111111
011111111111111111101111111111111111111111111111111111111111111111011111111
111111111011111111111011111111101110111111111011111111111111111111111111111
111111111011111111111111111111111111111111111111111111110111111111111111111
111100011111111111111111111111111111110111111111111111111111111111111111111
111111111101110111111111111111101111111111111111111101111111111100111111111
111111111111011111111111111111111111111111110111101111111111111111111111111
111111111111111111111111110111111111110111110111111111111111111101111110110
101111111111111111111111110111111111110111111111111111111111111111011111111
111111111111111101111111111111111111110111101110111111111111111111111111101
111111111111111111111111111111111111111011111111111111111111111111111110111
111111111111111111111100111011111111111111111111111111111101111111011111111
111111011111111111111111111111011111111111101111111111111111111111111111111
111111111111111111101111111110111111010111111111111111111111111011111111111
111111111111101111111111111011111111011111111111101111111111111111111111111
111111011111111111111111111111011111111101111111111111101111111101111111110
111111111111111111111111111111111111111111111111111111111111111110111111101
111110111111111111101111111111111111111111111111111111101111111111111111110
110111111111111111111111111111111111111111111111111111110111111111111111111
110111111111111111111111111111111111111111111111101111111111111111110111111
111111111111111101111011111101111111111111111111111111111111111111111111111
111111111111111111111111111101111011111111111111111111111111101111011111111
111111111111110111111111111111110111111111111111111111111111111111111111111
111111110111011111111111111111111111111011111111111111111111111101111111111
111111111111111111111111111111111111111111111111111011111111111111111111111
111111111111111110111111111111111111111011111111111101111111111111111111011
111111111011111111111111111011111111111111111111111111101111101111111111111
216 210 219 120 111 107 46 56 