75
75
110101101011111111011111111111101001111101111110111111111111011111111111111
111011011111111101111111111111110111011011111111111111110111111111111011111
111111011111111111110111111111111111111111111110111110111101010111111110111
011111111111111111101110110111111101111111011110111101011001010111111111111
110111111111111111111111111011111100111111111111111111011111111101111111111
011111111111111010111111101111011111101111110110101111110111111101111111111
111111110111111011111111111111111110010111111111111111101111111111111100101
011111111111011101110111011111111111011111111111111101111111010111111111111
011111011111011111111111110111111111111111111011110001111111111111111111111
110111111111010111110111111111101111111110111101011111111111101001111111111
111111111111111111111111111111111111110111101111110111111111111111111111111
111111111110111110111111111111111111111111111111111100111110111011111111111
111111111111111111111110111111011101111111101111111011011111111111101111111
111110101101101010101111110010111111110111111101111111111101011111111011111
111110110011111111011111111101101111111100111111111111111111111111010111111
110111111111111111111111101111011111101101111110111011100111111111110111111
111111111111111010111111111011111011111111111111111111111101111111111111101
110111111111111111111101111111111001101111111001111111111111111110111111111
111101111101111111111111100110111110101110111111111111110011111111111110111
111011111111111110101111111101110111111111111111111111111111111111101110111
101110111111111101111111111101111111111111111111111111111111111111111101111
111111111111111111111111111111111111111101011110111110011101011111111111111
101111111111111111111111111111010111111111111111111111111111111111011111011
111111111111111101111111111111111111111011101111111101011111111011111111101
111111111101011111111110111111111111111111101111111111011111111111111111111
111111111011111111111111111111111111111101110111111111111111011111111111111
111111111110111111110111111111111111110111111111111111111111111111110110011
111111111111111001111111111111111111111101110111111111111011110111111101011
011111111110111111011111101011111111111111111101111111111111111111111111111
111111101111111111110111111011101101111111111111111111111111111110111111111
111111101111101111111111111111111110111101111111010111011111110101110111111
111111010111111111111011111110110110111111111111111110111111111110111110111
111111111111111111111111111111101100111111011111101101011111111011111111001
101111101111110111111110111111011111111111011111111101101111111101111111111
111111110111111111111111111111101111101111111111111111111111111111111111111
110111101111111111111111111111111111111111111110111111110111011111011101111
111111111111111111111111111111111111111111111111010111111111111111111111111
111111111111111111111110111111111111111110111111111111011111111111111111101
111111111111111111111010111011011011111011110111111111111111101111111111111
111111110111111111111111111011111111111111111111111111111111011110111101111
010111111111111111111111111111111110111100101111111101111111111110111111111
111111110111111111111111111111111111111111110111111111111111111111111010111
111111101111110111110101111111111111101001111111111101011110111111011111111
111111101011110100111101111111111111101101101111111111101110111101111111111
111011111111101011101111111111111011111111110011111111101001111111111110111
111111111111111111111111001011111111111111111111111111111111111111110111111
111110111111111110101111111111111111111111111111111111011111111111110111111
111011110111111111111111111111111111111111111111111111111111011111111111111
111111111111111111110111111111111101111111111111111111111111111111111111111
111110111111111111111111111111111111011110111111111111110111111111110111011
110111111111111111111111111001011111111111111111110101111111111111111111111
101111111111011111111101111110111111111111101111111110111111111111111111011
111111111111111111111111111111111111111111111111111111110111111111101111011
111101111111111111111111111111101111111011111101111011110110111011101111110
111110111111111111111111111111011101101111011111111111111101111111111111101
111111111111110111101111100111101111111110111111111111001101111111111111111
111111111110111111011111111111111111110111101111111111111111111111111111111
111111111111111111111111110111111111110111011111111111111111111111111111111
111111111111110111111011101111111110111111111111111110011111111111111111111
111111111111111110011111111111110111111111111111111111111101111111111101111
011111111111111011011110111111111111111111111111110111111111111101011111111
111111011110111101110110111111111111111011001111101100111111111111111111111
111111111111111101111111111111111111111111101111111111111110111111111111111
111110111111111111111011111111111111110101111011101110111111111111111111111
111111111111110111111111011111111111111111111111111111101111101111111111001
111111111111111111011011111111011111111011101001111111111111111111111100111
111011111101010011111111101111110011111101101111011111101101111111111110110
111111111111111111111100100011111111101111111111111111111111010101111111101
110111111110111111111111111001111111111111110001110101111101111101101111111
011111111111111101111011111111111111111111111110111111111111111111111111111
111111111101111111111111110111011111111111111011110101111111111111111111111
111101111111111111111111111010111101111111111110111111110111111111111101111
111110111111111111011111111111111101111101111111100111111111011111101111111
101111111111111111111111111111111111111100110111111010111111111110111111111
101111111111111111111110111111111111111011011100111111111001111111101111111
91 85 88 56 43 42 26 16 