75
75
111110101110001110001110010011010100110011110010011010011101011110011010110
010000010011001000110110011110101010100001001011001100001101100011000101111
110101110011001100101010010101110001011011100111100001110110100000101010100
111110100101001001110110101100001010000100000100010001001000111011111111000
111111111100110000001111101011001000110111111010100001000111110000010001000
010110111100010111011111111111111010000100111001100000001011100101000101001
011110100101011100011011000010100001100010111100110110000100111011010001111
010011111000011011001101100111110000101100001010110010011101101111100111001
010011011000000001101111100100111000100111011110101110000001011100101101111
010111000000100011110010001010000001000010100010100110011100011110000101110
110000001100001011001001001101110001001111011010000011001011010000011000101
000011100000001101001000000111111001011001011010100010101001101100000000101
001111001100010101101001001010111010100101011101100001111000100010110011100
011011110001001010010101101000001101111101101001110000001110110101000100111
001110010101101000001101000001110111000100111111110011101110000000101000110
000110101110111100111011111000011111010111111000101001111010110001010001100
000111011011001000000001001101011100010110100010101111010101100101100100110
111111111000011100000011011110011110101101100101110001001000111011001110000
101111100111100110011110010111000101011000011011101001001010101000011101111
000101101001100010011111100110100110001101101111101100100000011010110111110
010010010101110010001011010110011101011101011110000001011100110100101101000
110101011011110100101110111000101011100101100010110011110100001111100100010
010000110000100000001100011011111000011111010100001011010110101111111101011
111101101111111000111110000011110100101101011001111001111110000000001001000
100011010011100001111011100001110011101000000011010001110100001010101100101
011111111111101010011001001010101110111100001010100110000111010100111110110
111001011110110001101001001111100011011010110010110001110110101001101010000
110001001110111111111101001011010011111001000111111101010000000101010111000
101001010011111000001010011100010000110010101110101010000111100110100110010
110101010011111101101100001011111010100110010110011000101010000011100100010
011011111111001100010110010010100111101000111010001111001011100100110010101
111011111111000101011110100111100100101001100111001111101100100111110011101
001011001111110111010101110000110010011111011110111100110110100011010101001
111011001101111110010010010011110000110100101111011100110000000101100101110
010011001101100100101101000110011011110010110101011000111101000010000101100
010011100011011111010111110010011110000011111001110111010100011011100111000
001100100000101000000110010111001101101000101101001110001110001001001111100
111111110101000110001110000100000101111100000101010001011110010110000111011
110110010101000010010110110111011010010100110010000110010000110111110110010
001010001110111001011100101110010111101100101110011001111001111001111011111
001011100011110111110111010011010000001101101100101111101011110000010001001
100100010001111000011011111000011011001010111000011001100110011101011010011
000110101000001111011110010101111101001100001000010110000010101100111110100
110000010110001100001010010111000001001000001101110111110110100100001111111
111100111000010000010000011111010001001100110100100100001001100010011100111
110010100101001011010011010011010110011110001100111111101100111100111000100
000100110101011101010011101010011101101000111110010010100001100111011001010
101000000111110111111000100110011100110111100111001110101010101000110101011
111011010000100010100100110101001110011011011000011101000010010001000100010
101101001101001101010011110111011111010000011010001001101111101110100111011
101011001110111110011111111100101011100101001101010111110001010111011000001
110010011000111110110011111000111010111000111000100000001111010100001010011
001001011001011111011000001100110000011000001111011000101000111001000010100
101010111101101100000101011001111000011011001110010010101100011001000110010
001011110000000011100001111000111101000011101001100010001000001110100000100
101111001000011100010111011100011111100100011001100100011110111110011110010
110000110111000010011010110010101010011010110011110101101000111011100011100
011010101010111001000100000100111101010010001111101000111000101100110111000
010101110001011000000010111010111101101100010110101010001011110111000010111
010111011110111110101000100111111001110110001100000110001111110111011110010
101101111010011111000011101111001000101000100100010010000101100011011110111
111011010110000101010001100111101100010000001011111110100100101010000000101
010110001011110011111000111010001111111111011011100011000110000100111100011
100101100111011011111100101011011101001110111001011100101011111100001000000
101010001000110001010100001000100011011110111110011001001111011100111100011
000111100101111111111011111111101000001001101101100010000101000000011011110
110010010001111010000001011110010010110110010110010001110110010101000100001
001010001000011011010001111100010111001001101010101100010101011110010110000
001111101100111011101011000001010001101010111000000000100111011011101100111
001110111100011100111001011101000101010011110110101101001000010010110010101
010101010101001100001111111010010110000101001011011101101101100110010001001
011111001100011111000101001010010101101100010111100110011101000101110000111
111011110010100101110111100010100110101100001100011110000011100110000111100
100101010001001100000100000110000001101111111100010110001010010101110011010
100101111011000100000011110010101011110111100101111010100110001000101110010
100 117 106 55 46 49 25 20 