75
75
111111011111111101101111111011111111111111110111101110111011111011111111111
111111011111110111110111111111111111110111111111110111101111111111111111111
111111111111111111110111011111011111111111100111111111011111111111111111101
111011111111111111111011111111111111111101111111011111111111111111111110101
111111111101111011111111111111110101111111111111111111111011111111110111111
111111111111111111111111111011111011011111111010111111110111110011110111110
101111111011111111111111111111111111111111111111111101011111111111111111111
010111011111011100111111111111111110111111101011110111110111111111110111111
111111111011011111111111111111111110110111101111111011111111011111111111111
111011111111111111011111111111111111011111111111011111111110011011111111011
111111110111101111111111111101111111111111101110111110110111111111101011111
110111111111111111101110110111111111111011111111111111111111011111111111111
111011111011111111111111011000111011111111011101111111111111111111111111111
111111011001111111111111111111111110111011111111111111101101001111111111101
111111111110110111111111111111111111010111111111011011111111111101111110111
111111111111111111111111111111110111111111111011111111111111111111111110111
111110111111101111111111111111111111111111111111111111101011111111111111111
111011111111111111111111111111110111111111110111111111111111101111111111101
111111111101111111111101111011111111111110111111011111111011111111111111111
111111110111111111111111111111111111101111111111111111011011011111110110111
101111111111111011101111111011111111100111111111111011110111111110111111111
101111110111111111111111111111111110111110111111011110111111100111111111011
110100111111111111111111111111111111101111111111111111111111111101111111111
111111111110110111111111110100011100111111111011111101111100111111111111111
011101101110101101111010011111111111111101111101111111111111111101110100111
111110111111111111111111011111111111011011011011111111101111110111111111111
111101111111111110111011111111101001111011110111111111111011111111011111111
111111111011111110110111111111101010111101111111111111111110111001111111111
111111111111111111101111111111101111101111111111101111111111110101111110111
111111111111101111111111001111111111111111111111111111111110111111111111111
111111111111111111111111111111010110011111111111111101111111111111111111101
110111111111101110111111111101111101110110111111111111111111111111111111101
111111111111111111111111101111111111111111111111111111011011111111110111111
111111111111111111111111111110111111111111110111110111011111111111111111111
111111111111111110111111111101111101111101111110111111110011111111111101011
011111111111011111111111111011111011111011110111111101111111111101111011101
111110011111110111111111111111111111111101111011111111111101111111111111111
011101111111101110110111110111111111111111110111111111111111110111111111110
111111111111111111111111111111111111111111111111111111111111110111111111111
010111111111110111111011101111111111111111111111111111111111111111101111111
111111111111111110111111111111111111111110110111111111111111101101111111111
111110011101011111111110111111111111111101111110111111111111111111111111111
110111100101111011111111111111111011001111111110110111110111111111111111111
111101111111111101111111111111101110011011011111111110111111111111111111111
111111111111111111111111110111111111111111011111111111111111110110011111111
111111111111111111111111101111110111111101111011110111111111111111111111111
111111111111111100111111111111111111111011101111101111011100111011111111111
111111111111101111111110111111110111011101111111111111110111111111111111110
111111011111111110101111111111111111111110111111111111111101011111111111111
111111010111111111111101111111011111111111111110111111101111111111011111111
111111111111111111111111111111111111111110111101111111111111010111101111111
111111011111111111101110101111111110110011111111111111111101111111111111111
111111111111111110111111111111111111101111001110011111111111111111111011111
111111011111111111101111111001111111111111111011111111111011111111111111101
011101111111101111011111111111011111111011111010111111111111111111011111111
111111111111111111111011111111111111111111110011111111111111111111111111111
111111111111101111101111110111011111101101110111111101111111111111111111111
101111111111111111011101111011111111001111111101100111111101110111111101111
111101111111111111111111111111111111111111110111111111111111111110111111111
111101110011110110111110011111010111011101111111101111111011111111111101111
111111111111111111111110111101111011111111111111111111111111111101111111111
111111110111111100110111111111111111011111111111111111111111111111110110111
111101011111111111011111011111101011111111111111111111111111011111111111111
101111111111111011111111111001101111111111111111111111111111101111101111110
111111111101101111111101110111111111111111110111111111111111111111110111011
111011111111111111101101011111111111111111110110111111101111100111111111111
101111111111111111101110011111111111111111111111000111110111111110111111111
110110111110111101110101101111111111011111111111111110111111111110111110111
111111111111101111111001100110111111110111111111101111110111111111111111011
111111111101111110111111111111111101111111011100111111111011111001111111111
111011101110101011010011111111111111011111111111111111111101111101111111111
011111111111111111111111111011111110110111111111111111111010110111110111111
101111111111110011111111111111111111111111111111101000111111111111111101111
111111110111111110111110111111111110111111111111111110111111101111110111101
111111011111111111111111100111111110111011111111111111111111111111101110111
167 157 140 62 75 76 36 38 