75
75
111100111101001010011011011100110110010011000101011111111010010000010011011
011001001111110001101001101111111110111100101101010110001111011101001110101
111000101001111110010110100110100100110111000111101100111111111001001000011
010100010100110110100111101101010101101111011100110011110010010011110101111
111010111011110111111100101101110111011000001101101010011111100110111011101
111011101101111011011010001011010111001001101011111010011110101000111010011
001101110111101010000011111010011011111100111110111011010101100010101011110
011100100001110011011111110000100100001001011110011101111101010101111100000
010111111010111101111111011100000011101001000001101010010010110011011100011
011111010000110100111111111001011001110001010111011011101010110111111001101
111100001010111101100111111100111110010101100110011100101100101111101101001
011011100011001011110000101010011001111110110110111011101111110010101011011
101100111010111100101000111011111100101101111000101011010110110111001111101
010001100011110101001111111001111111100101110010111001101011110010110111110
000011110011100101001100100011001100101101101111111011010001111011001011010
110110110001001001000010101010110101010010111100100110010011111111000111110
010011101001110010101101010011111100111101111111001101101011001111111100000
101000010101101101010111011100010001111011101011010110000111110100001001111
101100111101001010101110101011111101101101111101011011111010100101111111110
011100111011010101111000101101111111111110101101110110110010111111000000111
110000110011011001101010111010001010011111000011011011001001011101001011000
110101110110110110011011111010110110010011011001100111100111100100111101111
111111000101111011101110111010001111101010111011111111010011011101101110001
010001010000000111110111100001011010011110101011010101111111111101101001101
101010011010001011100011011011000100011010010100101100000111011011000001110
011001001000101111010100111110000111110111101011110010011101111011111101100
111101100100111010110111101011110011000011110110111011100000110010101001111
011110111011011100000110110000110100011111110100100110111111001111001011111
010010110011111001010001001000011111000111111111101100111001100110110100010
100110011001011011011000111111011110010101101001111101001010110101101000001
101100111101110101001011111110100011100001111000111000111001011111110101011
101110101100111110010111101101011110110000111010011010010011100111001000011
010110011010110011111110111010001000111111100011110110100010101111000101100
101111101001000111100011101111110111110001001111101001101001000100100000101
100001100000001011001011111110101000001101111111111001001100010111011111101
110101110111011101111010111001100111111011011001100000110111111101000010000
101110100010111101001110010110011011101111111101000110010110000111101010101
111110000011010111111001111111111110000110001111111101101001011110011101000
111001111110100110111100101110111101110100011110000101111001010111111011101
110110110101110111110011101001110000000001101011101011111110000100111011001
100111011111011011001110000011010000001010110100100100001001100001011000011
011110110100110101000110011110000001101011011011011010110111001110101011110
001011111100000011110000011000010101011100101111010111110000101100011110111
111111001110001001000010110011000101000110111111111111111001101011111101001
011110110010101111000110001011000111100101111001110010011000101010110000111
100001110001101011101011100101011011110100111101011110001001100111001100000
110111010101010111101010101101100110101110100111001111001101001111100100111
100110101110100011111101101110111000111100110110111101110110101100000100101
101101101011110101111100111010010111110111101011011110110101110111100110011
111111011111111111000011110100110010000110011111010111010111110111011111100
011111111001100011011011100111110001111101111110110100100101111111100011101
100000111011010111110001101101111101111111101001110010011111000101010011101
110011101110110111110010111101001111100111001110100000110111010101011110101
001001101111001111111111001111001101111001111001000111011111110111101001100
110101101011010011001011010000111110011110111110010101001010010011011111110
101000011000101001101011101101101110110111000110110010101101000111110010010
110111100110011100110001110101000111111111111111101110111111111110011001111
110111110111111101010111011011101010000001111000011111101111101101110111110
100011111111011111011011011000111101101111111000101000111100011001010000111
000111101101111110011111111111111100101110011111110110001111010010101010111
111101110111111110001110101011001011001100011101100001101010111110010000110
111001001011110000111110111110001111000011010101100001011100101110011101011
101101100001100011111101011011110110101101001111001111011111101111101101101
001110001100010111111110011000000111110111110101001101001110111110101111010
111111110101110010001001000110011101000111011011100110111101101100010011111
111011100101111101111101011111100001011010001111010000011001000110101000111
000011011111011101011101100010100111001011111111111011111110010101100111110
111001101110011110001100110010001001011101111000111001011011001101000100101
001001001000101110111111111011101001101011111111011011001110101011001010101
001101111011110101111000111001110001110101111011111100111110100000010010100
011011111010111011001101111111010101111111100101010100111101110111011100101
101110111111111001011011010111110111101010011011100011100010110110110111110
111101010011010101110110110111000110011110000011000111100111000101101101011
010010000000100111000111000111000101111010011110111011111111011011010101101
101011111110010011110011011110011010101000110111101110110110110111110010000
89 100 84 38 40 44 26 23 