75
75
111111011000011100110101101011100011010111011111111010011101111101111110110
110111001101011011110101110011111010100011111101111111011101111111111111111
011101110111111110011111100111111000111111111011100001111101011111000110011
110111101011111101101010000111011111011101010111110111010110101111111011100
011011011011110011111111111111011010111110111111011110110111101111111101111
111101111101111110110010111111111101111100010011011100111111111010000110111
101001100011010011101111101111111111110011010001011110111101111100111110101
110101110011111011100101001111111100011111110000111111010001111111111011011
111110000111011110101101011001101111001111111101110000111111101111011010111
101111111111010111111101111000111011101111011110011111011100111111111111011
111101011110111111101100001111110111110101111100111011100111111101111111111
111110011110110100111011010111011111110101111001111011110100110001111010111
101100011011111111111110110110111011110111110011101111111111101111101111010
111000111111110011010111011001101111111011100101110101011111001101110110000
100110111110010111100111111111101111111011101011101111001110100111010111101
111011001110110101011111100100111110101111111011101111010010110110101111011
110111100111101000110111110111101011110010111110111111111011101111101110100
100110010011011010101100110011111011010010000110111101111111010111101010110
011111011011011111110011111111111010101101110011101110010111100101111101101
110101101100111111111111111111110011111101111111111100100111001111101111111
111011110100011010011111111101101000110001011011011001001111110110001011111
011010101111111110111111111101111111111111111110111111100111011101011110110
100100111101100101111111011110011011111101101111011010011101011011011110011
010111011110111111001101110111111111000110111111111010100111101111101011011
000010100111101111111010111011010010000101001011011111111111101111110101110
101100110011111011111111111110001101011011111011111101110111100110011101110
011101001111001101111011111111111101111110110111000100011111111110011111101
111111111010011111111111111111111100011111101101101101110111111011010001110
101011111010100111111101101001101111111101101111101111100111111110011101111
001110011010011100010011111101111111111111011100110101011101111000111001111
110001111111110001001111111111011111111001010010111011111001111110010110101
011110111011111111111110111111101011100111110111111110011111110000111101111
110010101010111000100001110001111111111110111110101110001001011110111110111
110001111100011101011100101110011110010011110110011011111101010111101110101
011101101100111111110111111111100110111111100111101101011011011111111111101
101101001011100111001010011110110111110111111111010010111000111111111101011
111010110011101011101001111101110110110100110011011110110001111001111101111
111111101010111101111111111000111111110001111111000110011011110111011110101
111011111111101000000011101000011111010111000111011101111111101111111110001
001011101101101111111011010010110100010110110111110011010101111101011110111
110100011010111111110111100111101000101111101110101111011010111110111101110
111011111111110011101001101001011010010111011100111111111100001011001111010
101111110011011101110011101010010000011100101111010110111101111001000111111
111000101111011011001111011101110111101111111101100011101101010010110100111
110111110111101100010010101111101100111111110110010011001011110010111111011
011001001011111110011111100110101011111100000110111101111101111001110101111
001111011011011001100101011011011101011111110111111111011110111011111111100
101100101111000101111100010101010101011010101011101101101110011011110001010
110001110011111111111100010010101111111010110011110010111111111010011111111
111111110101111111111010111110101101111000101011111111111101111011001011011
111100110001111110101110010111101010011101011111101010101011111111110111111
101011111101011101011111110110101101101110111001101111110111111110010111111
111111111011111001010111011111111011111101100111111111011100111111111011110
001110101011101011101111111111111111101010110100001101111010011011111111001
011110111011111110111110111001101101111111110111011110110011111111111011110
111111000100101101011110111001111101101110111111110101110000110111101110111
101001110101011011101100010110111001111101110100101101011111111111111111011
001101000101110111101101011110111110110010100100100001110111111110101001111
111100100111111111111110110001111111011101010111111111111001011111111011110
111010111111111111111001111110011100101011011101010101111111110011000110110
110111001010101011011010110111111110111101000111110110011011011111111111111
110111100101011111110111111111111111010110110111101111100011101111001110111
111101011111110101111111110110010100111110101011110011010011111101110110111
101111110111111101011101011101101100101110110000111111001110110101110110110
011001010111100110111111001110010111011111111011111110111110111110111011101
001100111011111111010111011111111101110110011101101101011001101111011111001
110101001111111111100001011111111011101101110111111101011110111100001111101
010011111111111101000010100111101011110111111101101111011111111100101101010
111101010110111111110011011001011111111111110101101111101011100011101111011
110000111010111010100001011111100010111111111000100111001001000111111111111
110001101100101110110111011111111010101111111111110101010110101111101100100
110111110110000101111010111111011011000011111101101010111111111011001101111
111111011111111111111101111101010110110101011110111000100101001110111111111
111101111011010111100101101110010000010110100111111111101111011101001001011
111111111100101111110110011100100011111111101011001111011111111011011111111
129 154 133 83 80 74 36 40 