75
75
111000011111111111111110110101101111111110101111100101111010111111111101011
011101111100111111110111111111011111111011111011111111011110011100111111111
011111111111110111011011111111011011111010111111111111111100011011111011110
111111111110101011111111110111010110111111111011111110111010111111101001111
111101111111110111111111011011111111001111111101111011111011011101111110111
001011011111111111110111011111111101101110111111111011101111011101101101110
111111111110110111000101111111111111111111001111111101111010011111111111111
111011111111110101101111111111111111111110011111111111001111111111010111001
111111011111101011001110111111101111111111111101011101111111111111111110101
111011110011101110111101101010110110111111111101111111111101011111111111100
111111101011111000111101101111110111111110111100010011111111011111111111111
111101101001111110111010010110000110001111111111111011011101001111111101111
010110101111110111111110111111110101111011101101110110101011111110101111111
011111111111111111111101111101101101110001111001010111111111110010100111111
010110011101110011111111011011111111111101111111111111111111111001111111111
011111011111111101111110111111110111001011111101111111010111010011110111111
011111111101111011110011110101101110011111111111111110111111100111011111111
011111011111110110111111001011111111111010110111111110001001111111011011110
101011010110100111111111110111111111111101111111111101010111111111101111011
001111111110111111111010101111101111111101101101111110111110101111110111111
111111101111111111011101111111100111111111111101111111111011111111111101111
111111011001111101111111011111011111011100111011111111111111111111011010101
011111111111001111111111111010111111111111111111111111110111111111111111111
101110111000101101101101110111111011111101110110111011110111011011101111010
010011110111111100110111011101111111111101111100111011101111111111011101111
111011111011100011111010010111111010111111111110111111011111111110110111011
111110101111111111100110111110011101001011110110011110101111101110101111011
110111111011111111111111011001110011110111011101111111100110111111111011011
111011011111001111111111111111111111100110101101111001111111110111101111111
110111111100110010110110111111111111111111101101111011111111101001111011111
111111011101111011111111111111110100111110111001110111010111111111111111111
111001111101111111010000101110111011111110111100110011101111111111110111111
110111111111011111011111111111111101101101111111111111111111110101001101101
111101110101111111011110111111001110111111011111111011110111101011011011101
111111111111111111100111111110100111101111110101111101111111111111111010111
001111110011110011111100101111001111111101101110001111111100001001111111101
111111111110111101111110101111111111111011111111111011101001111001111111111
110111111111111111111000100101011111111111111011101101111110111001111111111
111111110010111101111111111101111111001111111111111111111111111101111111100
011101111111110101111110111111111011111110110111111111111111111101111111110
111001111011101101101111111001011111111111111110100110111000111011110110100
011110111111111111110110101011111111111100010110111110111111110111110101111
101110111111111111111110011111111111100111110111110101100110011111011111110
111111111111011011111011111011111110111101111110110111000110111111001011111
101010110110111101111111110100110111111110110011111111111011111011111111110
011010110101111111011101111101111111110011111011101110111111111011111111111
111001110011111101111101110111111011011111111011101010101111010110101011100
111111111101111111011110111101101010101100101111111111011101111001110101111
111001101111111011111101100111011111101011111101111111001111111001101011111
010011011011111101000111111111010101101111011000011111101110101010111110111
111011111111111111100101001111111111010111110111111011011011011001001111111
101100011111011111111111111111110110110111110111110111111111111110111011100
000111111011111110101110101010101101101111111110111111110111111110110001110
111101101101111111111101111111111111111101100010101111111111110101101101111
011111011111111101110111101111011111101111010101101101111011001010111101011
111101111111110111011101111111111111110111011110101111111101111111111110111
111001011011111101011111010101111111111101110110100111101111111111101101001
010111101110111011110111111011011111101101011111111111101111110101111111111
111011101011011011101111111011111111111111111101111011111001111111011111111
111111101111011111111111011110111111111011111111111011011010111111101010111
001011001011010101100111011101111101111111111111111111111101111011111010111
110100011111111011111111111110111101001111011101111111000101111101011101111
111111111111100111101111110111111011110111110111111011101101010011011101111
101111110010111010111111011111111111111111110101111110111100111111111011111
101111001111111011111101110111111100111111111111110111001111101111110111111
110111011111110111111011110111111011111101011110111110101111101111110101111
111111110111110001111111110111110000011111011111111101111111100111111111111
111011111101110110110111011011101111111011111111111011100001110111101011111
111011100111111111011111101111111111111110111010010010110111110110110111110
111111101111111101111111110101111111101111101110101101101110001111001110111
111111110110111101111111111111110111010101111111111111111101011110111011111
111110111111011011110110111111110111111110111111100111101011111011111111011
111011111101111111110110011001010111011011111011111111111111110101011111111
111110111011110101110110111111111111110111011111110111111111101110110101111
111111011111110111011011111101111111001010111001111111101111110111101101111
129 123 114 61 67 56 30 23 