75
75
101111111111111111111111101101111111111111110111111011001111111111101111111
011111011111111110111101111011011011111001111111111111011110111101111011111
111111111111111101111111111111111111111111111111111111101111111111011101111
011111111011111111010111011110111111111111111111111110111111111110101111011
111101111011111011111010111111101111111011111111111111111111111111110111110
111111111111011101111111111111101111111111111111011111111111011111111111111
111111111111111111111101111111011011110011011111111011111111111101111110111
111111111111101111111101111111011111111101110111111111111011111111111101111
111011101111111111111110111111101111111111110111111111111111011111110110111
111111111111101111111111111111011111101111111011101111111101111111111111111
111011110111111011111111111111111111111111110111110011111110111111111111111
111111111111101111111111111111111101111111111011111111111111111111111111111
111111111111110111111111111111111111110110011101111011111111111110111101111
111111111111111111111111111111111110111110111110111111111111111111111110111
111111111111111111111101111111111111111111111100110111111111111111111110011
111111101111111111111111111111111111111111111111110101111111111110111111011
111111110011111111111010111101111011111111111111111111111111111111011111111
111111111010011011111111111111110111101111111111011011101111111101110111011
111111111010111010111111110101111001011110111111011111111111111111110111111
111111101110111111111111111111111111111111111111111110010111111111101111111
110011111111011111110111111111111101111111111111101110111001101111111111111
111101110111111111111111101011111111110111111111110111111111111011111111110
111111111111111111111101110101111111111101111111110011111111111111111111111
111111111111111111111111111111011010111111111111111111111101111111111011101
101011011111111111111111110101110111111111111101111111111111111111111111111
111111111111111101110110111111111001101111111111110111111111111111111101111
111111110111111111111111111111111111111111001110111111101110111111111111111
111111111111111101111111111011011111111111111111111111111111111111111110111
111111111110111111111111111111111111111111111101111011111110111111000111111
111111011111111111111111111111111101111111111111111111111110111111111111111
011111111011101100111111111111111111111111101011011101111011111011110111111
111111111101111111111111110111111011011111011111111111111111011111101101111
111111111111111101111111111111111111111111111110111111101110111111111111111
111101111111111111111111111111111111111111111111111101111111111111111111001
111111111111111111011110111101111111111111111111111111011111111111111111111
110111111111111111111111111111111111101110111111111111111111111111111111011
111111101111010111111011111111101011101111111111111111101111111101111111011
111111111111111110111111111111111111101111111111111111111111101111111111111
111111111111111101101110111111111110110010100111111111101111110111111111111
111111111111110011111111110111111111111110111111111111111101111111110011111
110111111111111111111111111111111111111111111111011101111111001110111111111
111111111111111101101111111111101111111111111111111111111110111111111111111
011111111111111111111111111111111011111111101111111111111101111111111111111
111111111011111111111111111111111111111111111111100011111111110111110111111
111111111111111111111111111110111111111111111111110111111011111111110111111
111010111111111111111111111111111111110111111100111111111111111111111111111
111111111011101111111111101111110111111111111111111111101111010111111110111
111111111111111111111111111101110101101111111111111111111111110111111111101
111111111111111110111111110011111111111111111110111111111111111111111111111
111111111111111111111111111111111111111111011111111011101111111111111111111
111111010111111111111111111111111111101111111011111111111111011111000111111
111111111111111111111110111110111111101111110111111111110111011111101110111
111111111111111111111111011101111100111110011011111111111111111111100111111
111011111111111111011111110001111111111111111111111011111011111111111111111
111111111111011111111011111111101111111110011111110111111101110111111110111
111101110001111111110111111111111111111011111111010110111111111111111111111
101111111111110111111110111111110111111111111111011111111111111111111101111
111111111111111111111111111111111111111111111111011111111111111101111111111
111111111111111110110111111111111011111011111111001111111111111111111011111
111011111111101111111111010111111111111111111111111111111111101111111011111
111101111011111001111111111111111101111011111111111111101011111111111110111
111111111111101111101110111110101111111111111111111111010111111011111111111
011111111111111111111111111111111111111110111111111111111111111010100111111
111111101111011111111111111111111111011111111011011110111111111111110111111
111111111111111111111111110111111111111111111101111111111101111111101111101
111111111101101111111111011011111111111110111111111111110111101111011111111
110111111111111111110111101111111111111111101101110111111111010011111111111
111111110111111111111111111111111111111111111101111111111111111111111101111
111111111111111111111111111111111111110111111111111111111111111110111111011
111111011101111111111110111111111111110010111111111111111111111111111111001
111101111111111111010111110011101111111111111111110111111111111111111011111
111111111111111101111111011111111111111111111110111111111111111111111111111
111111100111111111111101011111101111111101111111111111111111111111111111110
111111111111111110011101111110111111111001110101111111111111011011111111101
111001111111111111111111111111111111101111111111111101111111111100111111110
225 200 193 107 126 109 43 46 