75
75
101101101100101000100011011100101111101110010101000001101100000111101100011
010001100100101011000010010110100010000110111001010101010110010001001110110
001100111110011111111010001000100101011110010001110011011110101110010001001
001010011001111010011001110110010001011110110000100111110111110111011101111
011000000111000011110111111111001011100011101001010001111011011111010100001
010100100011011101011001000001100001011101001000010101011111010101100111000
010111111100010001011010011101011111011101011101000101100001010110100110111
110101010011101000100110101101101101011100111110110010110110111100001111000
111110000010011010010001010000000001100100101100101100100011100000111101101
111000000001110010001010010000110000111000001100011001110101001101101010000
000111101010101100010001000011101001100101010111010110111100000001100001100
011000011100001111011001101111001011111111110010000000111010100011111110110
111011101110000010110111111100101110011101000000011001011001110011111011110
010110000001101010001101101111000011110101010000010100101000000111000111000
100110010001011000100100000101000001000111100101101110011001000010010001110
110111111000000010001100110001011101000010111000010010010000010001110101100
100100010010101101010001010011011100001000011110100111010011001011101001111
101010011100101100111001110101111011000101101111010001001111100001001101001
101101110111010110100000100111011011011101001100100010100111100010010010010
100100001001001001010111001011010000001001011000001110101011101100000100001
011100010011101000101000011011110000101111101011011110110111011100101101111
001010011011001000000110111010000101010010110000010001100110101010101000101
110100101011110101111011111001001001001001010100100011000111011101011010001
010001111110000001101001000011000010000100000101010010011101100011101111010
000011111110100111101101100110110111010111110111100000100000000111110011111
101010000011000110001010110110010011111001100101011000011100111110010010110
110111111100000101111101010111110100000111010101111101000111000010101110011
000010111100000000110000110101011100011110110001011100100111110011001001100
101100101101011000001100101000000111001001101100000110010101010111000111100
011010111111100101000110110000010010010011000010011000100101100100000110000
110010111010010100011110111101111100101000010000100000001111100001101000000
011111111000011111111010010100000001011111100111000101000111111010001000100
001010111100111000100111100111101000010101101001111000001111111101000110000
100110100111011100101010111010111100001000011000001111000111110000001100000
111010011001000110101101110011111100101000101101110001100010010010011100000
110101110100110111010010101000101010111001000010110001100001001101110010110
101110001011101101110101111001010000001100110000001010110101100100100011001
100001001111001111101011110011000010110001111000000000000100110011100000101
000100011100111000010110100110010011000110000101100000000011110110111000001
111100011010001100000100100101000010001010000011000011111101111111110101101
010111100101111101111101111111111011001111101110000100001011010100000111011
010001011001011111000111111101001001011100101010100111100100000010001010111
101111110001010010011001111011001101000011111010110111000000001011110001000
011011100001111101101010000010110111111100110000110100101110101100110010010
110010100000111100111100010101111110001100010001110110010001010110001011000
111100010000000111001111110000010010000001111010110010110011011110100001000
110010010111000100101110100111110100011000000001000101010100101010111100011
000001000110011111100100111001000000100000111000001001011110100111011110110
000001001000011111000110010110111111101110000110110001000100101111101100101
111010001011101101110100100101010000000110100010001111010100110010000101010
110001000111111010010011011110111101000011110001011100110011111010010000011
010001001000010101011111001011011001101010001010110000101101001101011100001
010010100001100011001010111001111001101100111100001010100101000001011010100
110110000111011100100101001001010110111111011010110001111011001000111110000
111110000000111000010110111101001111010111101110001001000011110010110111100
010010010001100111000100100101101001011001100011111110011000110010101111000
110011010110101110110100000010001001110000011110100011001011110111111011001
001100100110111000000100010101111011001000101100010011010111011011111001000
011110111100100100100010011111010101010001001010110111010101111111111111001
100101001110111100100001000101101010100110111101010001101110111010011001111
000100011110000000101110101110001000111011111001001001101110111101110001101
010011111111001011110011110100100010101001111111100010001100100110011010110
001111111010110010100111110001010001000001110111100110101110011010110010011
101000011101010111010001110000001101111100111000001110000000011011101000100
001101011010100000001100000110111000110011001010110100000010110010100000011
001001001000001110100101000111100100110010010101110010111110010111001110010
111101110010000111111011101100001110001111111100010100001100111010111000001
000010001101001011000111110101011101100110011000011011010010110000001110001
101110000101111111010100110011101000111011101100000111100100111100101001110
111110001101010010011000011000101100110101111000001110011110011010001000110
011110110001001001100001110100000000000001010110000011111111011111000110111
011001010001010110011111010000111001110101110000100100111110100101100110011
111011111001000011100000100111101110111010011000101100000100101001101001100
101000011111100001110000001101101101000111110000101111100001010010111110010
100000111010010000110000101000101000101110111011011111010000001000110111000
114 125 98 57 57 60 32 26 