75
75
101011110111100100001110110110101011111111111011010110111110110111010111110
011101101010111101010101111101100001101001111011111111010111111011101000110
110111111100010001001111010111101111111010011001100111110110111111011011111
011110111111110111111111100111111111111010101011110101111000110110110110111
111111011101111011001111101110010111011010110111111110101111101001010110111
110011110011011010111101101010111011111111010011110100111001110111100101110
111100111011111001111110111111111001011110100100011111101111000111111111011
111111011011111000011011010110111000111010111101101110111111011100110111111
110011111101011001111110111111111100011100010111011111100011110101111111110
111111001111111010111010010011110011111101110010111111000010000111110110111
101111110111111110111111111011011111110010101111110100100111110111111111001
110110111010110011101110111111001101111110110111111101010110111101101111110
111111110011100110111110000000111111111011111111011111111001111011111010111
010111010101111011101100101001111101111100100011101101111001100110011000110
110111100101110000011111110011011011011111110111110111011110111111111000111
101001101110111111110101111101010111010111001100001111101111111110111011011
000011011011011101110101011010011010111011000111111110011101110101111101011
101100110111101011010110111111110111110111111111100111111011111110101101100
110100111111110001111011011111011111011110101101111011111111110100101011010
010111101011010110011111001110111011011011111000101001100111011101000011101
011110011101001110111111011101110100001111110110100111011100100111111010111
111001011101101111011011111101111111111111101100100111110101111111100111110
111100011110011011110100101111011100101101000001111010100100110010110111110
010111111100011110111100110110110101101111111110100101111111011011111011111
110110011011111110110100111110011010111111111111111010111011111101110101111
111101110110001000101011011011101111111101001101111111001111011111010110101
101100101110011110110111011000111011010110111111111100111101100111101111100
011101110001100101111101111011101111101111110011111000111011110111111111111
101101110111111111101010101110100111011100111001111111001111111111101111101
100111101101110111111011110111111111110001110101010011110100011110100110110
110011101111001111010111010000101101111110111010001011111010101010110011111
011111011111000110000111011110101111001111111011111000111001111111110110000
111110111011111111100111101110010101100010111011111110111011101111110011111
111100101001111111101111011111111110001110111111111111011010010111011110011
111010111110100111111111101110101101001111111100010001000111001111010110101
011100111100111111111101100100110111110110010111011011110111111011111001101
101110000111110101011111011010010111111111011110001101101011101110101011111
101111010101000101111100111000011111110111111011101001111110100101110111100
100110100111111001111101101101011001011101000101111111101101100110110101111
010001110110110110110010111101111111010000101110000111110101111011001000100
011111111011001011101101100011100011011011011100101011110101111101011011001
010011111001111111101100111011111001101110111011101110111111010111111100101
100101110010111111011101011100111001101010010011010100111011001111101111111
101010011101111111111011110110110101111111111111010111110100100010011101001
110010010111111111001111111100111011001110001011000111011110011001101111011
111111111100110101011010111011101110111111111111111111101101110100011100011
101110111110101100101010111010101111110010010110111011110010101011111111101
111111011111110001101111111110110110110110110011111011101101101110101101011
110000111101000101111011101111011001111000111110101110110100111110111001010
001100101011001111100100101111010001101011110100011011110111011011000111111
111111110010101110111001111011101101111000000101111111111101111100101011101
101111110011101011101111010111111100111011101100111101101111111011001101100
011101010111100111111100101001101101110001010010100110111100100110111101100
100111111011100111111101111111001011010111100111110111111100011101010001111
111111001100111110111110011100001101010010110101110011110101100111101111110
011011110001011111001111011111011110011101110011100101111010110110101000110
101111010000111110110111011110111111110110110111111011111110111011111111001
011111011011001101101101110111101110111110110111111011111110111111011100001
110001111010110101111111100000100001111010110101111101110111001011111111111
001110111011001000111011011001010011101101110010011011000111110111001010010
101111111001011101111110101111111111100110111010101110101111110101000111111
001011000100011110100101111110011110011010110011101101100111111010111101111
111011011010101101101111111110100010001111101100011101011101111001110010101
111001011111111011101010010011010000100011111010101110100101111110010101100
110101011110011111101101100010000011101011011111110100101110001011110101111
101010010011111111110101110111111001010101011011111110111100001000101111111
111111110011111110011010100111010010101111101100100111110111011101111001111
111000100100001111010111110100100111111011000111011100110101101101110011010
111110111010111111110100111101111111111100011111111111111000111100110111101
111110101101011101111110111111111110010101011111101100101111111110100111110
111111111101111001111111011101011101100111101111110100100100111001111111111
001001111111101011111000111011111111101110101111001110100111111111110011111
111101100110111111011001101001010001100101110110111101101101111110011001101
111001011001111001111001111100011011110111011011010111111110101111010110000
111111101111110001111001111111111010110111011101001100111111111111001001011
126 120 97 48 61 71 35 37 