75
75
111111111111110111111011011111111111111111110111111111111111101111110111111
101110111111111011110111111110111111111111011111111110111011111111111111100
011111111111111111111110011111110110011111111111111011111111111111101101111
101110111111111111111111111111111111101111111111111111111111111111011111110
101111111111111111111111101111111011110111101111111111111111101111111111110
111111101111111111110111101111111111011111111111101111111110011110111111111
011111111110111111110111110111111010111111111111111111111111111111110111111
111111101111111111111111011100111111111110111111111111111111111111111110111
111111111111011011111110111111110111111101111111111101111111111011111111111
011111101111111111001111101111111111111111111111111111110001011111111111011
111101111001101110000110110111110110111111111111111111111111111111111111011
111111111111111111111111111111110111111111111111111110111111010111111111111
101110111111010111111111111111111111111111111011111110111111111111111111101
111101011111111111111111111111111110111111111111101111111111011110111011111
011101111101111111101011010011111110111111011111101111111111111111110101011
111111011111111111111111111111111111111101111111111100111011111111111111111
111110111111110111111111101011111111011101011111111111111101111111001111111
010111111111101111111111011011110111101111111101111111111111111111111111101
111111111111111111111111111000111111111111111111111111111111111111111111111
101101111111111111111111111111111011111111111111111111111111011111101111111
111111101111110111101111101111110111111111111111111111111111011111111111011
111011010111110111111111111111110111111111111011111111111110111111111111001
111111111101111101101111111111111111111111111101111111111111101101111101111
111111111111111101111111111111111111111111110111111111111111011111101110111
111101111011111111111111011110111111101111111111111101111111111111111111111
100111111111111111011111111101111111111111111111011111101110111111111111011
111001111111011111111110111111111011111111111111110111101111111111111111011
111111111111101111111111111111111111111111111111111111111111111111111111111
111111101001101111111110101111111001111111111111111101111111111111111111111
111110111111111101111111110111111111111110111111111101011111111111111011111
111101011111111111111110111111111111111111111111111111111111101110111111110
111111111011101111111111011111101111101111111111111111111111111101111111101
111111111111101111111111111111110101111111111111011101111110111111111111110
111101110111111111111111111101111111101101111111110110111011111111111111101
111111011011110111111111111111111110111111111111111100011011111111100110111
111111111111110111101110111111111111111111011011111111111111111101111101111
111011110111110111111111111101111111111110111101111111111111101111110011110
100111111111111001111011111111111111111111011111110111010111111111111011111
110111111110111101111111101011111011111110111111101101111111111111111111111
111111101111111101111111111111111111111110110111101111101111111111111111111
110111111111111101111101111101111111110111101101111111111111111010101111111
101101111111111001111111111111111111111111011111111001101111111111111111011
111101111111111111101111111101111111110101111111111111111111111101111111111
011111111111111111111111101111111111010111111111110111110111011101111111111
111111111111111111110111111011111101111111010111111111111110111111111101110
111111110111111111111101111111111101111110011111111110110111111011111011111
011111111111111111111111111111111101111111011110011110101111111111111111111
111111111111111111111110111111101111111111111111111111111101110111110111110
101111110111111011111011111101111101111111111011111111111011111111111111011
011111111111101111111111111111111111111101111111111111111111111111101111111
111111111111010111010111111111111111111111011111111111111111111101111111111
111111111111101010111111111111101001111011111011111111111111111111101011111
111011111111101111101011111111101111111111111111111111111111110110110011111
111011110111111101111110110101111111110111110111111111111111011111111111011
111111101011111101111101111100111111111111111111101011111111111111111111011
101111111110101101111110111110111111111111111111111111110111111111101011111
111111111111111111110111101011010111011111111111011111111110111111101100011
111111011110111111011111111111101111111101111111111111111111111111111111111
011111111111111111111111101111111011111111111111111111111111111101111111111
111111111111101111111111111111111111111111111111111111111111111111111111111
111011111110111111011111110111111111111111111110111111111111111100111111111
101111111111111111110111110111111111110111111111111111111111111011111011111
111111111111101111111111111111111111111111111111110111101101111111111111111
011111111111111101111111111111111111111111111111111111111111111111111110111
111111110111111011111111111111111111111111100111111111111111111111111111111
111111111111101111111111111111011101111011111011111111111011110111111011011
101111111110111111011111111111111111110111111111111111011101111111111111111
111011110111101111111111111111111111100111111111011111111111111011111110111
111111111111111100111110111111111101011111111011111111111110111111111110111
111111111111111111111111111011111111111111111001111111111111011111111111111
100111111111111010101111111111111111111111111111111111111111011101111101111
111111001111111111111111111111111111111111111101111111111111101111111111111
110110111111111110111111111111110111111111111111111110101111111111111100111
111111101111111111111110111111111111111011111111111111111111111111111111101
111111111111011111111110110101111111111011111111111011111110111111111011111
120 113 108 64 57 57 33 32 