75
75
111111111111111111101111111111111110110111111111110111110111111111111111111
111111101111111111101111111111011101111111111110100111111111111111111110111
111110011111111111110111011111011111111111111111111101111111111101111111111
111111111111111111111111111111111111111111111111111111111111111111111111111
111111011101111111111111111111111111111111111111111111111111111101111111111
111111111111111111111110111111101110011111111111101111011111111011111111111
111111111111111111111111101111111111101110111111111111110111111111111001111
001111111111111101110111111111111111111011111111111011111110111111111011111
111111101111111111111111111111111110111111111111111111111011111101111111111
110111010111111011110111011111110111111101111011111111111111111111111111101
111111111111111101111111110111101111101111011111111111111111111011111101111
111101111111110111111111111110111111111111111011111111111111111111111111110
111101011111111111111111111111111111110111011111011111111110111110111111011
111111111011111111111111111111101111110111011111111111111011101111111011111
011111111111111111100111111111111111111110111111111111100111111111111011101
111111111111111101111010111111110011111111111111101111111011111111111111101
111101111111111111111111111111111111101111111111111111101111111111110111111
101111111111011111101110011011111111111111111111111111111011111111101110011
111111110111111100010111111111111111111111111111111101111111111011111111111
111111111111111111110100111111111111111111111101011111111111111111111101111
111111111101101011110011111111111101100011111011010011111111111111111111111
111110111011111111111111111111111110111011111011111111111111111111110111111
111111011111111111111011111111111111111111111111101111111110111101111011111
101111111111111111111111101001111011111111111111011111111111110111111111111
101011111111110111111101111011011011101111111111111110111011111111100111111
111111110010111111111111111111111111111111111101111111111111011111011011111
001101111111111110111111111111111111111110111111111111110111111111111111111
111111111111111110111111111111011111111111111111011111111101110111111111111
111111111111111101111111111111110110111101111111111110111110011111111111111
111111111111111010111111101111110111111011100111111111011111111110111110111
101111111111101111111111101111111111111111110111111111111011101111011111111
011111111001011101011111111101111101011111111111111111111111111111101111111
111111011111111111101110111111111110111010111111011110111111011111111111111
111011111111110111111111111101111110111111111111111101011111111111111111111
111111011111111111111111111101011111111101111011111101111111011111111111111
111111111111111011111111111111110111111111110111111111111111010111111111101
111111111011111111011111111111111111110101111110110111111111110111111111111
111101111111111111101111111011111111110111111111101111111101111111110111111
111111111111111110111111111111111111111111111111111111111011111101111111110
111111101111111110111111111100111011111111111111111110111101111111110111111
111111111111110111111011111101110111111101111101101001110111111101111101110
111110111111111111111111111011100111111110111110101011111111111111110110111
111111111001111110111110111111111111111111111111111111111111101111111011111
111101101111111111111111111101111111110111110110111111111111111111111111111
111011111111101111111111111101111111110011111111111110111101111011011111111
111111111111111100010111111111101111111111010110011011111111111111110011011
111101111111111111111101111111111101111101111111111111110111111111111111111
101111111111111111111111111111111111111111111111111110111111111111011111011
001111111111111111111111111111111111101111111101111001111111111111100111111
111111111111111110111111111111111101111111111101111111011101111111111111111
111110111100010110110111101111111111110111111001110111101110111111111111111
111111111111111111111011111111111111011110100111111111111111110111111111011
111111111101111111011111011110111111011111111111011111111011111111111111100
111111111111111110111011011111111111011111111111110111111111101011110111111
111111111111111111101111111111101111101111101111011111011111101111111111111
110111111111111111111110111111110101111111111111101101111111111111010110111
111111011111011111110111111111111101110100111111011111111111111111111101111
111111011101111111111111111111111111111111101110111001110111011111111111011
111101101111111111100111111111101101111111111111111111101110111101111010111
111111111011111111111110111111111111101111111011111101111111011111111011111
111111110111111111110011011111001111111111111111111110111111111111111111101
111011011111111111111111111111111111101111111101111111111011111111110011111
111111111111101101111111111110111111111100110111111101111111011111111111111
101111111111111111111111010111111111111111110110111101111111011111110100110
111111111111111111111111110111111100111110111111111111111111111011111111111
111111111111011011111110101111111101110110111111110111011111111111111111111
011101111111010101111111111111111111110011111111111111111111101111111111110
111111111101111111111111111111111011111111111011111101111111111111101111111
111111101111111111111111111110110110111111110111111110111111111101111011111
110111111111111111111111111111111011111110111111111111111111101111101111101
111111111111111101111111111011111111111111111111111111111111111111111111111
111111111110101111111111111101111111111111111111111111111101011101111101110
011111101101111110111111111111101101110111111011101111111111111111011111010
101110111111111111010111111111111001111111100111101111111111111111111111111
111111111111101011100011111111111111111111101111111111111111101111111101011
159 140 117 63 67 56 50 27 