75
75
010100110110000010111111110100001011110111001011111111011101111100111110000
110000111011101011010110111001000001011111111001100000011101011101011100110
001010001110101111110010101100101010000100110101100110010010010100000011010
010110111011001101101101010101110110001100011010000011010110111111010100011
001110100011110011100110111011111101110111110100100010110110011111111011111
000000110101001110010111100101011100011111101001010101010001010111111010100
111111100111000001111011100111001111011001101111011011011111010011011001101
110100010010110011110110001011110011101110001111101001110101011100001010110
011111111011110101111111110101111010100110100011110110010100001111111001101
111101101111010011101111110100001001100111010110111000010110101111110100111
011110010011000111111101111111110110001100111101110010010001001101011011011
011101110111111000100111101010010100100010110100110111011101110110101100101
101101111000010110111011110111111011101010111000100000110011111000001101111
001010101101000010000110101110111100100100110011101011101010101110000000001
011110111001111011111111101110111011110111110111011100110100100011111000111
001111000010111110101011101010111011011001111101010000111111001010110101101
111001111011110011100010111011011011111110111001001100101101001101010110110
001010110111011110111110101011101011111011010011000000101110010011001001001
110011101111110001111010100111101001111100111110110111000001100111111110010
010100110110000111100111011111111111110111011010111111100011001100001010111
111111011011101001100110100001101101110011010001101101000110110110011110110
010111111100110010011111100000001110110101100111010101111010011110011001000
011110111101010101100111011111000101100011111101101111001000111000101110111
101111010011100101001111010011011110111101010101110111101110011000011111110
111111111101111000100111111110010001011110011110010101011000101011001101101
111111011011101101001101111001010000101101100101011001001011100111001111110
001000000111111101001100110111101001011111010010111111000101000100110111111
001010011001010101011011101101110100001011001111011101100011110011111001000
000000001110011010111000101011100110101111111111000011111110111100111101110
101110101011111101110101010101110011011010101111011111011110101010101110110
010101000100111100010111110100011011011100001100111010110110110111111100110
101010100011010001111100111001111111001100101011001100010011011000011101011
011100011101100001110000110100111000011110001110101110101101101001111111100
110000100011101011010010000000101111011011110100011111100111110001111010111
100111110100110101101011111000101001000011110101101011111010111110100111101
000011101101111111001010101110100001100100010111110010110110110101111001010
001000101001101110101100100101000000111010010110101010010100010011111110100
110111101111110001011101101001110111111111101111000000100010111101110111000
111000110010110101110101110110100111101110011010011100101101011111000110110
111101001101011100100101001111000100000111010111001111011010100101101100011
111110101111011110001011101101100111110101011011001110101011000101100110111
011101100011101100001010110101011011110100111000000111101111111001110110111
011110011101011011111111000011010000111110011001110001000111010111010110101
011110111000110001010001011011101011010101001011001010110011010111000110111
011011100001111101010011110100000110011101111011111011101001111111010011111
011001010010011100100010010111001111101101101011110110010111010010001011111
101000000011111110101011011011010111110111011111110111000110111010111101100
101110100011001000111110011010111101011010110001111101001010101110011011100
100011101100111001010110110100101100011100100100011100111110010011101101111
101011101001000011011001100011101111111110110001101110001110010001110000110
101000100101010101110000011011101011100110000001001010010100001011111110111
111010110101010010000001111010100111011100111101111111101101001111100101011
101001111101100000111111101000100111001110000011011111100001000010011010101
101010111100000111100100111010011010011111111010001110110101011001110101110
011111101110011111110101001111111001001111111011010011000001100111010011100
100110111100111110110101011111111010110110110110000110110011111110101110111
110111100000011101011100101100110110011111000101000101111100111011101101100
100111011111111001001111101111001011110010001111110100110101011010101100001
001001101100111100101110010101111100100101101111001001100001111010110101111
010100111010001111010001110111111001101101100110111001100011011010001111110
110111111100111110010010101100001011111111111111011011110111010011010110111
011001101110000111110010011111011010010110110111111001001110010001100110011
101100101000001101001001101111100001101001111100101111111101001111111111011
110110111111100100111010010001110110111011010110011101110010101010010010010
101111011101001111111001110001011011000110001100100101100011110110111100010
000111100111111101000110011011011101010101100000101100001100111001111110001
001010001110110111110111101111111011101111110101011101011110101110110010000
010010110010110111011000000111111111111111110111110110101001110110111101111
101100110011100001010111110010101110001110111111100001101001101011011101100
101110011011101100001111011101111011000110001011111101101100101010011111110
010001110110101011111001101111101011101101000111001111110110111001100111001
111110001011110011111111001010110100100101100111010111111111100110110000000
111011011011101111101010010111101110001011011101101110110111101101100000101
110000111111000001011111110101011111010101011100010000111011111110111111111
100111001111111011010101100100101011001000011111110101000010100111100011110
55 57 55 30 33 34 13 12 