30
30
000001110110111111010001100000
001111000010110100100110010110
111110110001110011010111010101
100101101001000110110111011101
111111010000101001011011100110
011100100010101001111001011101
011010001001010011110001100010
100000100010100010110000011010
110111100001111001001000001000
100110101101100010101011000001
101100101100011011110110001111
110110000101000011100111011010
110000101010101011101100010100
111010001000110111010001100110
010010010110110001000111010111
001101100111011101101001011110
101011100010100000010001111111
000111100111101101111111000100
010011001001111111011001011011
001010011001100110011010110000
101010011111000000001101000000
111001101011101000011011010111
110101111100101101110000101001
111011011111000101101001101101
001001010011001111100101110111
010001110100110100010011111100
001111011011110111100111101111
110010111101010111110011111111
010101011011111001001001001001
111100111110011100101000011010
10 15 9 3 6 4 5 3 