30
30
010111011110111011111111011110
111111101101111111111111011111
111101101000111101111000111111
011111111111111111111111111011
101111111111011111111111111111
011111101111010111101110111011
111101110110111111111111111111
111001101110111111011010111011
111111111011011011100111111111
111111011101110111111111111001
111111111111001111111011111111
010111011111111011111111110111
001111110111111111101111101011
111111010111111001111111110111
111101111111111111111111111101
111111100111111111111011110011
111111011111110111111111111110
001101111111110111101111110011
110111111110110111111111111111
111111011111111111110011011111
111011111100111011100110110011
011010111110011011111111111110
011110111111111111111101111111
000111101111111111100110111001
111010111111111111001111111111
110011110110110110101100111010
111011100111111111101111111101
111111011110011010111010100111
110111100111011100111111111111
111111110111111011111010111111
6 12 13 3 7 4 3 8 