30
30
001100100010001110110000000110
111110010111110101100010010101
001100010000111100101110110110
001001001100011000010010000110
001001111100111100001011010111
011000110110001001001011001101
111111001011010110110101001111
100010100111110000010110001010
001001010110000011111111111100
001110101010111010101101010100
110001011010010011000001011100
101011010101010110111100100011
000100011010111101001110111101
110001110000111101001010000010
011100000101111101101100110001
011101111110001000101101110101
101001010110100101001100000010
110101010101101011011000000111
011000001100101111111011101100
011011111010011110001111010000
101101100001111100001100111010
111110101010110111010101001111
000001010111001110101000010010
001110101001101110001010100100
011100100010111001100011000100
001010001000010101011011011011
001111100101010010011001011111
111110010110110110000010111110
111100110000001111111111010011
111001011111110000011010101100
17 13 25 13 9 2 3 7 