30
30
011111111111110101111011101111
111101111101111111111111111101
111111111111011111111111111111
111110111111110111111111111100
111111110111111111101110110111
111110111111110111111110111111
011111111110111110111111110111
101011111111111111111110111111
111111111111111111011101111101
011101111111111111111111111111
110111111111111111101011111111
011111111111111111111101111111
111111111101111111111111011110
011111111111111111111101111111
111011111111111111111111110101
111111111111111111111101111111
111111110111111011110111111110
111111111111111011111111111111
111101100111111101111111111111
111111111111111111111111111110
111101111011111111111111111110
101110111110111111111111100101
011010111111011111111111101111
111111110110111111111111111111
111111110111101111111110111011
111111111111111111111011111111
111110111111111011011101111111
111111111111111101111111110111
111111111111111111101011110111
110110111011101111011111111111
31 34 30 10 19 17 8 6 