30
30
111110111111111001101111111101
111111110111111111111111101111
111111111111011111101110011111
101111111110111111111111111111
111111111111111111111111110110
111111111110111111110111111011
111101110111111111111111111101
111111011111011111011111111110
111111111111111111101111111101
111111011111111111111111111111
111111111101011101111111111110
111111110111110111111111111111
111111111111111111111111111111
110110111111111011111111010111
111111111111111110111111011111
111111111111110110111101110111
111111111111111101110101101111
111111110100111101111111111101
110111111111111111011111110101
111101011101111101010111110110
101111111110101111101111101111
111111111101111111111111111111
101111111101011111111111111111
111111111111111110111111101111
111101010011111111011110111111
111110101111111111111111111111
111101111111111011111111111111
100111111111111111111111111111
111111011111101111111111110110
111110111111111111111011111101
26 23 20 15 14 18 7 8 