30
30
111111111111111111110111011111
111111101111111111111111111011
111110111100111001111111111111
111111111111111011111111100101
111111111101111111111110111111
101010111011101101011111111111
111111110111100111101101110011
110011111111111011111111111101
111001111101111111001011111111
101110101111111001011111111111
111111111111001111011111011111
101110100111101111011111101111
111100111111111111111100111101
101011110100110111001101101101
010000101111111111110111011010
011110111111001111110110111111
111111110111001100110011110011
111011100011111001101001111111
111011111111111111011101101101
111101111111110111100010001111
111111111101111111111101111011
011111010001111101111011001011
111101111110111110110111111100
010111011111111111110111011011
101111111010111011111001011110
110111110011101111100111011101
111111111011001101110110111111
011111111110101101111111111010
110011011111011111111111110011
111111111110101001111111111111
23 35 29 14 10 18 11 4 