30
30
111100011111111110111111111111
111111111111011111111111111111
111111111111111111111111111111
111111111111110111111111111111
011111111011101111111111111111
111111111111111111111110111111
111111010011111111111111111111
111111111111011110111111111111
111111111111111111111111111111
011111111111111011011111111111
111111111111111011111111111111
101111111111111111111111111111
111111111111111111111111110101
111111111111111111111111111101
111111111111111111110111111101
111111110110111111111111101111
111111111111111111111111111111
111111111111111111111111111111
111111111111111111101111111111
111111111111111111111110110111
111111111111111111111111111111
101111111111111110111111111111
111111111111111111111111111111
111111101111111111110111111111
111111111111111111111011111111
111101111111101110111111111111
111111111111111111111111111110
111111111001111110111111111111
111111111111111111111111111111
111111110111111111111111111111
30 30 32 12 10 20 4 5 