30
30
111001000111011111110110110111
111011101111111001110011101000
111111101111101111011011100101
110011111100001111011110111011
111010111001110111101011011111
111010100011111111111011111110
100011011110010011000010011101
010111111101011111110101111101
110011111111111111101111111101
110111111101011001111010111111
111111110111111101011010001100
101011111111101111011111111111
110111101111111111111100111010
110011111111111101111110001111
100011001111101011111010101111
111101111111101111000111111110
111011101111101111010101010110
110010100111110100011000111010
101111111111110011011110011110
111111101010011111101101111111
101111100011111011011110011011
011011110101010101000010111111
011010010111011110011111011011
011101101111010111011110001111
110000111001110000101011100110
110011000011011101111001111111
011011111111111111011111001010
111111111101001011110100111111
111111110111101110011111111011
111011111110110111111011111100
12 8 22 11 7 7 2 4 