30
30
111110011111101111011101111000
110011101011111111111011011101
100111111110011000110101001011
111010111110111011100111010111
111111010110010111011111110111
011111011111101111111110111100
110101111010100110000110001111
111111111111010101111101111011
001001110100001111111011111111
011111111111101101011011111101
111011111111000111111011101101
001111111001111011001111111110
011101100110101111111110111011
101110100110111100111111111010
100011100100110111011111101110
111101111000111111111110110111
100000010101110111101111111111
111101111000101101010101011010
011111110101101111111110110100
111101111111101110010111111101
011111101101111111011011011010
111110111110111101101111100111
111000111101111111010011111011
011111111101101101101111111111
110001010001011111101111001111
111111111110010101111110111111
111111111001011101111111111110
100001101101100101101110101010
110111101110111111111101011110
111110111110100001111111011101
8 25 23 5 14 18 7 3 