30
30
111110111111111111111011101111
111111011111111111111111011101
101111111111110111111111111111
101111111110010111101111111111
011110111111110110110111111111
011110111111111110111111111111
110101110111111111111001111111
111111111110100111110111101111
111101011111111011111111111111
111111111111111111111111111111
111111111111111111101110111011
111111011111111111111111111111
111111101101111111111111110111
111111111111111011111111111111
111111111101110111111001111111
111101101111111111111111111111
111011111111101111111111111111
111111101100111111111001110111
111111111111111011111111111111
110110110111011011111001111111
111111111110111110110111111101
111111011111111111111101111111
110011111111111101100101011111
010111111111101111111111111111
111111111111110111111110111011
111111111111111111101111101111
111111111011111111111101001111
111111111101111111111101110111
111111111111111111111111111101
111111110111111111111111111011
32 25 30 16 12 15 7 1 