30
30
110010111111101111111111111111
111111101111110111111111011111
111111111111111111111111101110
111111111110111011001011111111
110111111011111111111101111111
111110111110111111110111111111
111111111111111111111111111111
111101111111011111110011100111
110111111101110011111111111111
101101111111111101111111111001
111011111111111111110111111111
111111111111111111111111111111
111111110111111101111111111111
111111101111111111111100111110
111111111111111111111111111111
111101111101111110111111111111
111111111111111111111111111101
111110111111011111111110111111
110111101111101111111110101111
011011001111111011111101111111
111111111111110111111111111101
110110111111111101111111111111
111111101111111111111111111111
101111111111111011100111110110
111111111101110110111111111111
111111111111111111111111101111
111011111111101101111111111011
111011111011111111111111111110
111111111111111111110011111011
011011111111111111111111011111
14 18 22 9 6 6 2 7 