30
30
101010111000000011111010000001
000111101110011111110010110100
000111100000010000011110001101
010111101110100100010110101111
000101000011011111011011011010
011000111110100010001011110101
110001111111101011111010110010
001101100000101011111101011111
011001111101110101100010010101
001000010001011110111011111111
010000110011001010011111010110
000010110100001000010001000110
000000011110100011100110110010
001100000010001010110110111010
001001110101010000101000001011
011100111010000000110100110111
100111110101101010100110000011
010110010100111010110100110101
000011000000111001101001001110
000111010101110010001100000100
110010001110011000111001000101
110101100111001111110110100011
111000010001100010011111111011
010111000001111111001101110100
011100101111000000001010011100
110100010011111001101110101110
011010011001011101100110011101
000001010010110101101100011011
010101100011010001100100011001
001001100011001010100110110111
11 9 16 6 9 3 2 4 