30
30
101100011100011110110100011010
101000001110011001101101010010
100100110010011100010011111000
000101101000111100011110100000
001001101010110010010100111110
101110111001110001001101110010
100000001100000100110111110100
001011000001001100101101111110
110011001111001101010101010001
101101101100010001101110001010
100111001011010010010011101111
100101011100000110110010010010
100000100010000001000101001001
001001111100111100100001110010
100001110111001101001100011100
101010101000001101111101001010
001011111100010000001100101000
100111110111101100100010100101
101011110000001010111010110101
101100100010101111001100011010
001000000001100100011111000011
100101001111001010101100111111
010111010110001101001000011011
111000110110101011011110001010
101110111100110111011111111000
100101001001010100110110011010
001101111101011010111100011011
111100010010110000110010110011
110100000001100101010100000010
010010111110011101001111101001
4 7 9 6 5 7 0 0 