30
30
100101010010001001000010111110
000100101000001001010010011010
110110100000000011001110011100
001000001110101110100111001010
011111000101001111011011010010
011011111111011100011010110101
110111001110111011001100000110
100010101100000100111100001011
011101000001010010010001011111
101110101100100000110100010011
000101001011010001000100000100
010100010010011001011010101111
111001010100010111101001011101
011011001110000010011010011001
100011110011110110000101100101
110111100010001001010010011110
011110001011011100010111011110
100011011000001111000010011100
101000110010001101101010000011
101100110110110010111001000000
010010100001000011111001001111
100001110011111110111101111100
111110000001011100011110101110
111110111011000101101000111101
100010000101101110101010111010
001011100101010100010010101011
001100000101100010111110010101
000000001000101110100110010111
101101111100110000100011110001
000111111100011000110011010010
3 8 10 4 11 4 0 2 