30
30
111111111001111111111111111111
111011111111111111111011111111
101111111111111111111111111101
111111111101111101110111111110
111110111111111110110111110111
111111101111111111111111011111
111111011111111111110101110111
111111111110101101111111111011
111011111111101111110111111111
111111011111111111101111101111
110111111111111111111111111111
111111111000111011111110111110
111111111111111111111111111111
111110101111111111111101110111
101111111111111011111111011111
111111011111111111111111111111
111111111111111111111111111100
011111111111111111101111111111
111111111111111111111111111111
111111111110011011111111111111
111011111111111111111111111111
111101111111111111011111111011
111111011111111111111011111111
111010111111101111011111111111
111011111111111110111111111111
111111011111111111111110111111
111111111101001111111111011011
011110111111011011111111111111
111101111111111111111111111111
111111111111111001111111111111
33 38 33 21 16 17 6 8 