100
100
0101000001010101001001101101100100111001101000010001110011010000011111011111111111011010101010001101
1100100010000010101011101111101001001111100100111001111110111010010001001101100101011000111100001110
0000010010101100000111111001100111110010110111111100010100001001010001000101111010110101110100101111
0110111000011000111000100000101111101001100011101010111010111101110111110000000110101100110001001110
1010000100111100101110100010111100111000010001110100001001111011111100111101001101000110000000001001
1011111100110110101000100001010110100110001011010110110010101110111000000100001011111000011011111100
0000111000110010001001110100100010111101000111011110101101110010010010000100011100111001111000100011
1101000001000110001100000111100111000101110000101100010110100011110000111001101001011101101110011011
0111011100010000000001001011010110000111110110011110010010100001000011100000000001100001101110010000
1000000101100101100100011011100100010110011010000010011100010011010111010000101011111101100001111100
1100100111010000010010011010011010111110000000001111001011001011011100110100011111011110010011111100
1011111111100100000010011101110010111011010010101000100011110111001001100111110001010011001101011011
0001001000010101000111101001011111000101010111100010010011011011011001111111100011101010111010011100
1010110001001100110110011001001011100000010100101001100110100011000011000000110101111100110010010100
1000001111010101100011101010001101111011011011011101011101000000010101101101101100000110101001101101
0111101111010010101010011100011101111001010010001011001111011010011100111000001101011010010111101111
0000100010101000000101101001000000100101101101110101100110000011101111000100110100001111000011111100
0001100111110101110100101000101101110100101110110100011101110011110101011110111000010101000111111001
0101001111011011001111101101001100011111111010010111011110110011101100011010000000101100011001001110
0101101010001000110100000010011011001110111100011001011011100101000110110010110110001111101101101101
1101010100101110111100100001001010111010110111011110110011011011001101011011010111100000110101110001
0100111111011110100100101010010010010100001011010011010111011001101110110100010100100111010010100001
0001010111101000010001000111110000010001100101010000011110011000100011110110001000110001011100100000
1010010101000000101001111111000001001001011111011101110011010101001011010011010100011100000100011100
0010101011010111011101111010100010100100000000101010001010001000100011001010011000010101001101101110
1100111101011011000011100011000000111110001000110011101000110111001001000010011011111000000101101001
0011110110100111010011100001101111011001110110010110110000100100100111100101000101111111110011001011
1010101001111000011010111000011001011011110111101100011011110011000000011001110110100001111100101000
1000001011101101010110111100010010101011111101100110011100111010111110111111001000011011000001110011
1101111100000001111101101111010011011111110100100000110010000111110010000000000100011010011110000000
0110001101101011010010001010101110100101010110110101100011010110000110111000000001100111011001111010
0110100000001010111001111000010110001000101111010101001101110101001100001100101010110100111010101100
0110101110010000110011111110101010000111100001110001010101000010010100001000111110111111110001110110
0110110100001111010010010011010111011100010110001100101101100010000111110000110010111100001110100010
0101000011010011010011000100101011100100110110101010010001011110101100100110111111110101010010000011
1001101011100000110100011110010010010100001101011101011101110110111100001001111001001110011110000011
0111111110101110111111110110100100111001011011111011011001000101111011001100011111101101100111011001
0101001110111001000111110101111010000111101110010100011110010010010111010101010011001011110001011001
0011000001001110000111100011011010010010100110001000001100100001011000100001110101000110110101011100
1110110111010100101110001100111011011110001101011001011101010110001101101110111000011101111011101011
1000101001000110011111110000100101110000101000111110010110011111010000101111110111101100010110001010
1111111101111010111101011110100111000100100010011010100010001101110000000110101101101010111111001111
1001010000001010101110001101100110010001100000000010000001010110110000101010100110000010110110111110
0110001101111010011011101001100000111100101000000101110110101000000011010000110101111000110010111101
1011010110111011110011110111101011000001111000100110011101011111001100111101111101001010001111000001
0110010011101000110001100100111010000101010111100001100000000111010111100001001110101011111011000111
1011000100110111110011110101000010101010010100001110101000000111100110011010011110110011110110011111
0000001001010100011100110100111001100000101100010000111100100101011011000101010000011111100010101001
0101011010101101110010100011110010111010011100111100001011100111101100001100101001100000100001101011
0111101100001010000110100000101111010000001111100000001001110111001110111010010111001000011000111011
1100000011100000010100011001010100010110011110010110001010001101010001000001011100010000100011100010
0100100100000001010100111111100000100011011011000011000010101000100111100000010010000101100001110100
1100011011011010100001011001001111111110101011101001111001111001011000110001100010011100001010001001
1001010011001011101100000111000010111000111110110010001101111001101111000001011110001101110110110101
1000001011101100000010010110101001001110110110111001111000100000001101110010101001111000000101001000
1010110001010100101010101000000101101111101000100111110110100111010011100001100001100111010010010100
1101000001101001000010110000101111101011010011010100010110100110000111001111100000101010100110011100
0101000000011100001011000011010000101101010100001011011010111101010000110000101101001010011000000000
1101110111001011111011011111101010110001011100000011011010111110001101000010100111000010100111001010
0000101001001110111110101011011010101111110011100010001011100000110101101100010110111010011100000111
0010010110010101110111010110000100001110000101000111101110011010111101110010001110111110100011110101
0010100100110111101100111111001011110001110101111001110010101010100100111001001010000111101110010111
0110110000001000010001010111000011000111010001101101110110010001000101011101110010011011100101011101
1001011001000011111001011110010111101011000101011111100110001011101101000100100111000101100010000000
0000010011001010010101111100001110100000111010011110001001110110111111001101010000001101010101010001
0000111111110100001111110101111111010101100111011001101001101100010011100010001001111010110001111101
0110110010010111111111001000010100011000010101100011011110100000101010100101100010011111101011011111
0011100100101010000110000010111010100110000100000101101000011101000000110010101101001011110001000010
1001100101001011001111001010110110111010011000110110100101010010011101011010011101001100101111101010
1011010100011101011010100001110101001000001101011011000101101010011000100100111001001001111110000001
1101100111100101011100001100010001010101101100011010110110100001100000100001101101010001101011000000
0010101000010101110101000000100111100011111010000011100011010111010010010001101110010101111010100101
0010011001110000010110001100001011110011111010000001111001010011011110000000001011111011101101000111
0100000101111101100100001001000011001000000000011010011010000101001010101010100100100010010000000010
1110100011001001011000011111110101011101001111000111110110000011101011111110000011101111000100100011
1001110110101111100101000100011111101001111001000010101101111011000001100100100001000011001100010000
0100111111111110001000011111001000101101000100000011000111101100101011010011001010011100011110110001
1111101100111000010111001000011000100010011011011100010000000111111011010111010110110110001010101010
0111001101110010001100011011001000100011000111011100010001110110000001011111010101011110111110100111
0100010100101100011101011010001000011010010101100010100100110111001110010001101010100110110000010111
0010111011110100110001100110011001100001011111111111010101001011111101100110000000110010101111101011
0001100100010111100001111001011010010001101110110001010000001111111000001100011001000100010011101010
0111111100001101010000110110001000100000110101011011010110101001000110100011101110111100110000110111
1010110110011111101010110100010010001011110011101110100011100111101110001110000100001010100011100111
1011011110011111001010001111111011111010110110000110110101101010100111100111111010101000110010010110
0001100001010001001000110110101011110000010100100001001100100000110100110010001010001000110001001011
1010011001100010111100101001011000101001001011010111000000100000001000101110101001000001000111011000
0100011111101001111111111111101100000111001001101101000101111011100001011100000010011010000011000100
0001001111000011111100111001101001100001011101010110101111111001011111001001100101100010110011110000
0101101000010010111111110001000110000110110001000010001101100110000110111111110110101010010110110001
0101110000011111000011010101000011011101100110110001100101100000010101011000001100100100111100111000
1000010110101000011010101111011001001010001111001000010111001101111101100000001100110000111001111111
1011000100111010110101000101100010101010101101000000000001100011010011011000100100100111100000111111
0101111000000000011110010011011111010100010100010010111100100101100101100011101111011001010110010110
1001000110111000001111101000101100011100111111010011000110100110111011010100110010011001000010110010
0010001011001101011011001000001000001000001000111110000101011100010100010111111010110100011000111010
1000100110110001011110100000001011111101111000100111110101100000001101101110011111100111001010100101
1111110110101011110101100101000111110001010101011111111111100001011001110011100000001010011000110010
0011111011011001111001101011110000001001111111100011010011001111000011001110101010100111001100011001
1101010101010111111000101000111100111111100110010010011011100101100001001000111101000111000011010000
156 180 161 83 82 90 29 34 