100
100
0111111111011011111111111110101011110011111111111101111110011110111111111011111111111011011100111111
1111111111111111111110011111111101110110110111011101101011111110101011101111110101111111111011101111
1100111111001110110111011111111110101001111111111111111001101011110011101111010111101111111111111111
0011111110110110111111010110101110111111011011111101110101111111110111001111111111011110111111111101
1111111111111011111111111111011111011110111111111011011001101100111111111111111000111111101111111111
1111111011110111111110000101110111110101111110111110111001111111101011111111111111111111011111111111
1100110110111111010110111111111110101011011111111111101111010110111111111110111111111111111111001110
1100111111111111111011011111111110010001111111111111110011100011110111001111011110110111111101111001
1111111111111011001110011111110111101101111111011101110101011111101110111111011111111100111011101111
1000111111111011111111001101111111111111011111111111011111111111111111111111110111101110101110111101
1111111111111111010111111111111100110110111111111111101011111011001110111101111010111111111101011111
1011011110111111111101111101110111011111111111110101111101101111110101111011110000111111111011011111
1110111101101111111111111011101111101110011111011111111111111000110010110111011101111111111101101111
1111011111111101001110101111111110111100111100111101111101111101111010000111111101111111110101111111
1111001110111101111011111111110111100001111111001111111111111111111111111111101111111011011001111011
0111111111101110111101111111111101111110011110101011111101111111110110111011011101111101011111111101
1111011010110111111001111111111101111111111111101111011111111111101110111111111110111111111111111111
1111110011111111110111111011111111111111111111001101101111101001111110011101011111011101111110100101
1111110110111111100100101111111001010111111110001111101011111100111111101011111001011111111111110111
1111111111111101001111111110110101111111011110111110011110111111110011111011111010111111110110111111
1111111111110100111111111011101110111111111110111010111111111100111111101010110111010111111111011111
1010111111111101111111111101110111111111011001111111101111111011101101111100011110011111001111111111
1111111011011111110111111111110110001111111110111110011111101011011011110011111101010111110110110111
1111010110111111111111011011101010111111111100111011111011011111111011110111111111101010101011111111
1011110111111111101111110111111110111011110011111110111011100111011110011111111111010110111011110110
1001111011111111111111111111101101110110111101111011011111111111111011111010001111111011000010111111
1111011110011111111111111111101111011011111010111101111111111111111111001111011110111100111111111111
1101111111010111100111110111111101111011111111011111111110111011111111011111000110111101111011111111
1111011111111011111111101111001111010111111111010111111101111011101101111111111111000111010110001010
1011111111101001110111111010101111111111111111101111111111111111111111101111101111111111001111111111
1101111111111011101111111011101011100111111111011100101111110111111101110111110111010101011110101100
1111111100111111001101111111111110111101010010111111011111111011111111111111111111011101111111111101
1111111001001111111111011110101111101111101111111111111111101011011111110100111110111100111001111011
1010110111110011001011110111111111111111101111101111101111110111110111110011111110111111110111111111
1111100111111011100111011011000011111111110101011111111100101111111110010001101111110111011111111111
1111111011101100111011101101110111100111101101111111111110111011111110101010110111111110111110111111
1011111111011111110111110101111100010011011101001111011111101111011001111111100111110111111111111111
1111011110111110011111111110111111111110100111111111111111011111110110111011111010111101101111010111
0111011100110011111011111011011100011111111001110110111111111011111101111101011011001111001110111101
1100111111011010011011110110110011011011111100111100100111110101110111111111111101011111111111111101
1111110011111111011110111111111011011110111110111111110111101111111101111010111101111011101111001100
1111111000111111011111111111101111101001111100111111111111111011111110111111111111011111110111111100
0111111010111010110111011110111111111110111111011101111110111111111111101111101011111111111001101001
1111010101101111011011111111110101111111111101101001111101101111011110111111111110011011111101111101
1100111111101110111111111110100101111100110111111111111110111011110111101111011011111110111100111111
1111110101111100111011111111110111110111010111111111111101110111111101111001111101111111110111101110
1111001101111101111111111011111111111111111111010111101011011101011110111111110011110111010100111111
0110001111110011111111110111111111111111111111111111111110111111111101111111111111100111111111111001
1111111111011111111111111111111111111110111111011111110111111111110101111111011111101111111111001110
1010111110111111110111111001111111111111101111111010111101111111111111111011010110110111111111001111
1111010111111111011100101101111110111111111011110111101111010111111111111111111111111011110111111001
1111111010100101110111111101010010110011111111000101110001111111111111111111110111111011101111101111
1000111011111110111011011100111011111111111111111011111011100111111111111110111111010111111011111101
1011011010111111111111111011111111111101110111111001011110110111111011111011110111111011111111111111
1111101111011111101111111110101111110011110001011111111011110111101111011110111111110111011110111111
1111111111111110111111011110101101011010111111011101110111111111100111011110111111101011111111111111
1100111111101110001101010111111001101111111111011001111111110110111111101111001011110101111011111111
1111111111110111101110111111101111001111110111111011111011111111111011101111001011111111111111111111
1011010111010111111001111110110011111111011110111110001101111101110101111111110111111001111111101011
0011010111111110111111111011111110011111101011011011110111101010110101111011111101111110111111011011
1011111111111110111101111010111101101111001111010011111111011010111111111010110111011011111110111010
1101111111101111110111011111111111110101111111111111110101111111111111011101101111111111110111101001
1111111110101111110101101110111011111111011010111111010111111101111001101011011011110111111111110101
1101001111111101110111101101011111111111111111110111001111110111111111100101111111111111111111110111
1111101111101110110011010110111111011110111001111011111111111011111111110101110111111111011111111111
1111111111101011110100100111111011111111111101111111111111101111111111111111101111111111111111001110
1111111011111111110110111111111111101100011101111111111111010111101111111111100111101010101111011111
1101001101111111001110111111111111111011010111111111011111111111100110101111111111111011111110111111
0111101111111010111111100110111111011110111111111111111110111111111100111111111111111111101011110110
1001011010111101111100110111111110111111111010111111111111111111110110101011111011011111111101110111
1111111011110111101101111111011110111111110101111111111111111111111100111111111111010101111111111111
1011111011111110101010111111111011011111101010111111011111101111011111101111111101111110111111111011
1111100111111111110111111111110111001111111111110110111111111111111111111011111101011001111111111111
1111001110110110110110111101011110100011111111111111110111111111011111011111110101111111100011111110
1111101010111111111011111111001101101111001110011111111111111111111111011111111111110111111111111111
1111000100111111011101010101101111111111111010111111111111101011111110011111111111101101111101110111
0001111110111111111110110111111111111110111111011111111101110111111111101111111101101111111011111100
1111101010011101000111111111010101111100011111111101011111111111010101111111111111101101111101111111
1101110110110011101111111101110011011111110111010111110011111011111111111111111101101101111111110111
0111111110011111111111101011110111111110111101110110111111110111111011111101001111111111010111111111
1111101110101111011111110111111011011111111110111001111111111111111111011111011101011111011011011101
1111100111111111111001001101101111111111110111101111110111011111010100111111111011010101110001101111
1111111111011110111101110011111111111111110111111111011111100111110111110011111111100111111111111101
1111010011111111110111011111100101111111111111001011011111110101010101111111101101111111111111011111
1101111011111101111101111111111101111110011111101111111111011111011100111100111001111101110111111111
1010111111001011111110101110111111111110010101100101111111001111111111111111011011011111101101111101
1110111100110100111101110110111111111101011111111111101010101110111111011111110110110111011100011000
0111011101011111001100111011011011100101010001111011101011011111110101111110011111111111111110011111
1011101101101111011101111110111111111010111101011101111110101111110111001101111110111011111110101111
1101101111101011111010111111110111111111111011010111100111100111111101110001111111111111111101101101
1111111011101011111111110110111101110111111111011010011111011110101101011111111111110111110111011111
1111111110000111111101100100011111010111011110111101100011011111101101011111111101111111011111111111
1111110111111111111111101011111011111111111011011111111011101111011111111111111011110111111010111110
0111011111111111101101101011111110101111001110111101111010001010111110111001111111101101011111000111
1111110111110111111011111111100010100111101111111111111111011111010111101111111111011001111111111111
1111111011000110110110111101011000111011100111111100111111110001111110101111101111110110000010011110
0010111111101111111110111111101111101111111101111001111001010111111111110001111111111111111111110101
1111111010111111001111111110100111111111111111100111011111101011101011111111001111001111101101110110
0011101111111110111111101101010111110111011111111111010001111111111111111111111111101100111110111101
0111110101101111011101111111111110111011111111111111111111100111100111111111111011110111111001101110
338 314 307 157 156 139 79 70 