100
100
1111110110011111001001111111101010111111111100111111111011101111101110111111111111111110111100111111
0011000111011111101101111101011111011111110011111111110101011011111111111101101110111101101110111111
1111110110110111111111111111111111111001111110111111111011101111111101011111101111111001111111111101
0111111111111101101111101101101111111111111111110111101100111110110000111111110110110111011110100111
1111111101011111111110111011101111101111001101111111111111111111111010101110111111111101111111111011
1111110101101010111111111101110101111111101110001011111111011101011000111111111111011111111111010101
1001111111101111111111111011111110110111111111101110111111011010100111111111100100111110110111010111
1011111100111111100111111110111110110010111011111011101011011111001111110011001111110111111101110111
0111111111000011111010101101111011111111111111111101111111111111001101101111100101111011001111110111
1011111110011011011111111101111111111110111100100101110111111101101101110110001111110110111100111111
0111111111101111110111110111111110111101110111111111111111111111101111011111111111010111101101010110
1101101011111111111011101111101111111111111110011111111101111111111001101111111111111011110111011011
1101111111110011111010111111111111111111110001111111101011001000111011011111111111101111111010110111
0111101111110111111011111111101111110110111111111111111110111111111111111110111010101110111010111111
1111111111110011110101111110111111101111111101111110101110011110111111101101111111111111111111011010
1010111110111111111011100011111111111111000111111101111111100111111011111011111111111011111110011011
1110111111011111011111010011110111110111011111101111011111110110111001111111010101111011101111111111
1111111110111111111111011111111101010111111111111111001111101010111111110111010111111111111110111010
1100001011111101111111101011110011110110101111111111010111110011001111111111010111101001011111101110
0111111110011111110111001110111111011011101110111011111111110011111111011000111111111111010111011111
1010111111011011111010111101111111101111111101111011111110011111111111111011111100011111111110011110
0011111111111101111111111101101111111111111111110111011111111111111111110111101111101111111110111101
1101110110111110011010011101111111111111111110101111110010110111010110101011111111111111111111111111
1101111111111011111011111011111100101111111101001011111111111111111101111001010110111101111110011111
1111111111101011111111110011101111111111111111111111101011111011110111011100110011111101101011110111
1111111111110111111101100111111111111111011111111111010111110111011101111011111111110101111111101010
1111101011001111111111111111111101111111111111111110010111011111011001111011011111111010011101111101
0111100110110111111111100011111111111011110101110111111111110101101011011100110010001011111111111111
0110111111011111101011111111110110111111111111011101100100111101011111111100111100110111111111110010
1111111111110101111111111111011101011111111111110010111110001111110101111110011011110111110111111110
1011001101101111111101110011111111100111011110111011101010101011101111101111111110111011101001110110
0111101111100100110011111100111111111111111111110101111101111011111011110010011111111010001111011110
1101010100011111111110001101100111110111111011011110111010111111001111111111110111011111011111111111
1101111111111101100100111101111001110111110011111011111111111111101110011111110100011100110111101011
1111111101100111111110110111111000101111111110111101111110011011011011111111111101101111111111010111
1010101111111010011011111011111011010111100111111111111011111111111111110101101010111101111010101111
1101111111011111001111110111111111101111100110111001111111111111111111001010111100110111111111110111
1111011011111100111101111111101110011111111011110110111011111000111111111111101110111011111101011111
1111000111010101111110111111111011111111111011111111111111111111101101111110101011100111111101111110
1101111101111111110111111011101111111111111111111101011111111111110110111111111101111111010110101111
1110111010111110011101011111011110011110111111110111111111111111011011011111011111101101001110111111
1110101111111011111111111111111111111111111111110111011101010110101111111111111111111101111110010101
1111111111110110110111111110111011111111111110111111111111011111111111001111111111101111111001111111
1010111110111111110111100111011111111111110111101111111101101100110101011101111111010111111011111111
0111111111011010111100111110110001111111111101101110111111101111011111011011110011110111000111111111
1101111111111110110111111001101010111011111110111111001111100111101110111011111011111111111111110101
1110110111110110111101111111011111001111101111010111111111110111111110110111011101111111111111111111
1101101111110011111110010111111111111111110010101101011111111111101111111110111111101001011011111001
1111011111011011110111111111111010101010111101011110111111111101011111111101111111110100111111101111
0110100011111111111111100111111111011111101111111101101111111111010111111111110110110111011101101101
1111011101111111111111111110011111111110011111100111111011111011101110111111111100000111011011111011
1111101111011110011110101111111101011101101111111101110111011111101010111111100001101011111111101110
1011111010011101001011111110011110001101100110111111101111111111111111111111111111110100111101101011
1111101111111011111111101111111011111110011111111111101011011111001110111011111101111011110010111001
1011011000111111110111001111111101011101111110111110111011111111111111101111111111111011111000111111
1001110101111111111011110111110111011111111011111101101100011111111101111111101011110111101111110111
1111101011100111111111100111011111110101011101011100111101111101111101110111111111111111101111011101
1011011101110010010111110100111111011011011111110111101010111111111111011111111111111110111111111111
0011101111111111111111011111001101101011111011111110111101101011010011111111111110011111111101111110
1100101101111101100111110110111111101111111111111101011011111111001111111101111011101110011111111110
1111100011011111001101110111111111111111111111111111110111011101110111011111111111101111111111111111
1010011000111110011111011111101111111111111011011011110110111110111100111111111111010010011111010111
1100110111111011101111101111110011110111011110011110111011101111111111111110111011111101111111111101
1100111101011111111111010011111111111111111111111111111111111111111111110111110111111111010100111111
1111110111111111111001101111010111000111110101101111111110011111110101111111111111110111101001100010
1101111111111111111111101111111010100111111101101111101111111111011111111111011111111111111101010111
1111101101100011101111100001111011001111111101111111001111110011101011010110111101111101111011111101
1111111101111100111111101101101011101111011101110101111111111101111110011111111110110001111111011100
1110101111001111111011010011011111110111011101110111111110111111111011110111111111111111011111011111
1110111110111111101101111011101111111111111111111110111111011110110111101101111111101111010111011111
1111100011110111111111111100101100011011111110101111111111111111111111110111101110111111111111110101
1101101011111111111111000011111111101111010100111111111011111000111011111011011111110110110011100100
1101111011111111111011000111111111111011011111111111101100110101111111010111111010110111111111101111
1110110111111111111110110011101111101101111111111111011111110101010111101101111110110111111111101111
1110111111101000101111111111111111111111101011111110111111111101111011111011111111011010111111111100
1111111111111110110110110010111110101111111011101111011101101111101011011101101001111110010101011111
1111011111111111001111011110111101111101111011111111111101110010111111011111101010111111001110011011
1111110111111011111111101111100111100011101111110011110111011110111011111110111110110111011111010111
1111111111111110111011111111111100110111001111110110111101001110100111111101111100101011011111111101
1111011101111111110011111111101001101011111100110110111011111100111100011111011011011011110111111111
1011111111111111111111000111111101111111100111001111101111011101101101111110011111101001110010110011
1111111111111000111010100111111111111100111010000101111111111111001101101110111101111111011011110111
1110111111101101010011111011011101111101110111011111111101101101111111111111110111111110100101111111
1111101011111111111111110111111111111101111110111111101111111111011111111111110111101100111111100011
0101110011111110101101111110111111011111010111110010111011011111111011100111111001111111111011111111
1111010011101101011010111111111110011110111101011101110111101111101110111111111111110111111111111111
1101001111110100111001110001111110111101110011111111111110111111011011010110011111111111111110111111
1010111111111101010011110011110111000111100111111110011011111111110111001111101111111111111111111001
1111111011111111111111110111101111110011111101110111111111110110111011110011011100111101111110111111
1111000001101111111010111010101111111111011111111011011111011101011010001111111111110111111111111111
1101101110111111110010111111111101110111111111111010011110010111111110010011111111111100111011111111
1111111110111110111111101111111100111111101110111111111111111110110110011110111111111111111101011111
1101111111111111111001110111111110111111110101111110110100001111111111101111101111000111100111111110
1111101110110011111110100111111101011111101101111101111111011111111111000111101110111111110111111100
1110111111111011101110110110010011111011010011111111111111110110111100101111111101111111100111011011
1111111011111111111111111101101111111000111111111011111010011111111111101111011111010110111010111110
1110111111001101111100101010011011010111111111011111110011111011110010011001110111001011111101111111
1111101110111011100000101110111011111011101111101111111111010110010011110101101111101111110001111011
0111111011111101101111011011111111101111111111111111111111111111010001111101101101110011110111011101
1111111111110111000011011100101011011111011111111100101011111111111111011111111101101011100111110011
335 313 304 153 168 161 81 91 