100
100
0110100110101010111100010101000111111111001000100001111111101110010100110010000101001011011111000000
1011111001111100101101010010000101100110000110111101111000101110101110101001101010001000001011010001
0001011011001101110111010010100110010110111010100100001010101001011011111100010111100000011000001001
1101101001110001001101000110000001110101111011010000001111011000100100111110101001011111100101010101
0011101100100011000010110110100010111000000111110000100010110100111100011101110010111111001000101100
0111100010101011111111011111001011010001110010101010110000101100110111010010011101001100010101001011
0100000011101101110111110001101101000111101010110111001111000100110110010000101100111011100000100110
1010011100011001011010111110010001111000000101010011110010010101010010010011101111011100111011100101
1101000110111010111011101010111110111111001110011010100011001001101000011010111100100001111110100011
1010001001001100101110000111000111000011000101010110001111100010110001101001100010010111010100001010
1000010101001010100111000100110101011000111000011011011110100001011110110101100101101000111001010100
0100110000011111100101110111000011111100000111011001011010011110111100111000001101010011110011101001
0111000001001100000001111100110000011000011110011101000000010100100100011110110000001010111001000100
0000001100110001000010111001011001111011001001111010011100001011100001000100011110111110011111100010
0100100001101111101010111001011111001111010010000000100101011110111001010010100001110110111100000011
0011101101010010110101100011110000000010110110100110001101101111111000110100001010010110011111000100
1111001011011101010101110000100101100000111100000100111011001000010000000010100111100110111011111000
0101100010001000000101000101110101001010011100000101001110001010000111011011100101000110110011110100
0001010001001001001100110000010011111100010000011101101110100100000001110001111000001111111011001100
1101011111111010000010010000100100000001011011100000101110110101011100100101101100101001101111110111
1000001001100100010011110010110100010110110111101001100001101001000101011111000000011100011101000111
1101111011000100101000010010110010101101001111100111100101110110110001100000110101111101110011110100
1111111110111001001001001000100000011100110101010000111011011010001100000110101101111111011101110011
1100010101001000000101001100100001001010010110000111001010010100111001100010010111010111111011110110
0101001100000110111010110011100100100100001000100000001010111111011101000010111100000101010011100111
0010011110010101011100010110110100011011101111000101001111111011110001110010111000001011010001100001
1100001101011001001100110110001000001011001101000110111010011000000100110100100000011111011001001000
1000100101110100010001011111100111111001001111000011000111111011001000101001000110000100110110000111
0000011010100010010011000010101110001011000100010101010101101011000110101101110011101001011011111110
1010110010010111110100101010001110000001101111111110111000101111000100001100001110000111011111011011
1011100110010111010000000010100101001110000100011010111000000011101010001110111011100010100110111001
1101000110000001100111010000011001110011111101000010001110100001110011111101101100110000100111000001
1100010001111111110011010010111011001010000010110110000000010010110000110010101000010111111101111100
0010101000111011000111001101100100110000001000100000110011000000010001011000110110101000010110101111
0010101010101010100101001000100011111000010001111001110010100100101010111111010010101100110101110011
0110100001000100011100011100111110010101101111111100000111000101010011111100100110101100001111011111
1101001001011100000011011011001000010101001010101000101011100111111010110100011100001010000010101010
0000110010111110011110111010010100101111111010001100101001110101101111010101100100110110001101001000
1010001110100000101111001100110110000110011100001110111110101101100010101100110111101011001110010001
1001101010001100001110001010011000101001110001011001001011010110001001100110000100111111111001110010
1111001010011010000010110100101110000010001111110111011001010101000001010011111010101100110111110001
0111111110000000101111001000011111111000101101101100001000001100011011100110110011111001110000100110
1011100100011110000110111111001011110010101111011100111100110101000011101010100111001011011110100001
1010101111000110011100011001010001111111100110000101010000010101101010110001011111100110111011110100
1101000000100001000110111101010000110101101100011101010000001110110000101011101101010110100110010101
0011001100100101100010011100101000001111101000100100101001100001011000010011011011111000101010011110
0010011110011110010110000101111001011100111000000111001000111011101100111010110001001110010101111101
0001011011001110100110011100001110010011101110000110101001101010110010001111010110101110010111100110
1000000111010101010100000010101100110110011010010100001100110011001100010000000111101110100110111100
1011101001100110011110100110111010111100111101010110010001110110000000011100100111010101111001001010
0011110110010000101100100000001001010100001100010000001011011001011001000101100111010001101000101110
1100111010111100010010110110010101111111000100000100111110111101001100001111011011011010111000100100
1111101101110100011111111101101100010010011001101010111111001111110111110000100110110110010110111000
1100100110101010101111010011101111000100001101101000101111110111111000111001011110100001000011110011
0001100110101010111110110110110001000110001101000100110000011111011101100101010001100000110111111000
0101101100011010010010101111000111100010100101010100110010100100000010011100110010010010111111101100
0110110101011100010011010101000000000010100111101011010101010010110100000100100010100111100100101111
0111011110011011110001101101110010101010000000100110111100100111100100110101100100110101110101010000
1001010010011111001110011100001011011010100110101111100010101011000001101011001011110010000001110010
1011000111101010100111110111101101001010111010000100001111100101111011010111001111100010111011110001
0000101111000011011101111011001100100100100001101101111101110100011111110100100011101000000001111011
1111001100101100011010110011000111101010100101011111011100011111101110110101011010100101100001011010
1010011010101011110110010101101110000101111010100010100001011001010010110110000000010101111100111001
0010010110101111111111000100000111010010101100011110000001001100000110001100010100101110110001011101
0111010011001100000100111100000010010010111001110101100001011110001010101011111010100001100011010011
0011110001110010001010001111010010101101001010101100101010110010111000000010111110011011101100100100
0100010001101000111011010000101010000010000001011010101110010001000010010001010100110101111101111100
0001100101101001001100110001111010111001001110100011110001001010101101001000001001100001101111010011
0001110001010001010000111010010101010010101011010101100010110100010011111001101001101000011111000010
1111101011010100110100011001001011101000011100000000111001111100011001001111110100101001100011010110
1101101110011101010111100111011001101110010000000010001000111101101001100111001000011111001111100010
1111100001111010110011100010100101000001001001111000000110010111111100011000100100111001110011111100
0111011101010100011110111010000000110101111110101000110000001100000011110111000111110010100010001111
1111101111111110100010110101110101111111101011101101010011001011111011010100110011100100111100001111
1111101011101010000000001110000000001101000010000111011001111101000011000001010100001101101000001000
0011111001010110111111101100000011001111110110010100101101101000110101110001111111000001111101001010
0101110010000101001101100011111010111010110010100110010100011100110001111000011000101100111001001101
0100101100111011011000001011110101111000001100010111110000010000111101000010011010010011001001011011
1000101010000100110100010101111010100010100001000001101101110100111110011110100101000110011101101010
1110001001101110010111001001111000010101010001010010101101011101001100010000010001000110000110110111
0001110011010011100010110101001001110111010010100010101011011110000010010111111000000111100101100001
1010111110100111111001100110110101100010010100111110101100111110010101001100110101110001100001111110
0101111101010101101000100110101011110101000110010101010011000011011011110001111010101110010111001011
1110101001111000000000111110010001111110110001101101100110010011101110011001110010101110001110110110
1000110100111000100010000001111000011000010000011110100011010010011100100100100011101101010101001110
0111011110000001110011110110001110000101110110100100010001010110101110110101010101011110011001011111
1000011011001110100010110110010101100110100010011101001001011000010101011110001000011100111101011011
0000000100100110110000110101001001101011100100001111110010111110011101111101010100110001010111111001
1110000111111100001011111011101101111011100001000000101101000110101100111000111000001101011110000110
1111010111001011100000110001110001001011000110111001101111101111010000111110111111000101101000101011
1011111111000001100100001001111001001101100000011011111100000100011001110010100001000000100001111111
0010101001101100101000100010010100100011000011101010110010111110100011110010100101110111110001001110
0110010110000011100111001000100000000111111010010000111111111000110111011011000001000000111110010111
0111001101100000100101011000101011011110011110011010100011000010100001011101010000100010010110111111
0010011001001110111001000100000100010100110001010111111111010100001111010101001100001011011010001100
0011111110100011110011011111110001010000010010010110010111110011001010101011011110100100111111111001
0100100101000000101010110111011011010101010100001011101000101010000101001100001000111010110111111001
0010101010011111011100110000101101100011001111100010100110001011101110100011010011001010001101101001
1111001001010100111010000111110000101011010011010000111111001100101110101010110100010100011110101010
0100010000000010111100000101111001001111010001100110101101010000101110100000100111100010001110111101
83 97 84 58 37 45 20 20 