100
100
0111111100101101111011111111111101111111011011101100011111111110111110111101111111110111101111100111
1111111101111101110111111101111101111111111111111001011111110111111111111111111111111111011101111111
1011011111111111110011111111101111100011111111111111111011111111101111101111111111111111010111111100
1001111011111111110111111111011111111100001111101111111001110101010111110111011101101100110101011111
1110111111011111100011110101111011111111011111011100111111011101111111011110010111111101011101011111
0111111111111111101111011111101110011101110010111110101110101111101111100011011010111011011101001111
1110111110100111111011110011010010110010011111111110011111011101111011101111111111111111001111111111
1111011001001110001101110001110110011111010111111011110011111111111101110110011111000111111110111101
1111110111110101111110111011110111111110111100111111111011111111011111111011101100011010011010101111
1111101111111111111111111011110011011101111101111111111111010110111101111111111010011111001111111111
1111111111111000011111011001010000011011011011111111111111111011001111111011101110111011111011011011
1111111001001111110111111111111111101111111111101111111101111111101111101111110111111111111101111011
0110111101111111111111111111111111111010111011110101111010110110101101011011111011111100110111111111
1111111111001010111100111011111100111101111111010111011100011111011111100100111111111010011111111111
1011110111111111110111110110010111101111011111110111111111111111110111101010111100111101111001111110
1001111111110101111011011111111110101101111110110100001011100011110111101111011111111110011111011111
1010111111101110110111011111011101101011111111111101110111011010111111111011101011110110111111111111
1111100011110111011111111111011111111111111111010100100111100110110101110111101111010010111110110110
1011111111111011100111000110111101111000101101111101110110111101101011111101111111111011111111111101
1110111010111111111111111111111110111101011101111111111011111011111101101101111011100111111011111111
1011010110111101011111111101110011111111111111111110111011110011110100011111111111011110111111010111
1111111110101011101111110111101111011111111111101111111111001110111111011111101111111101111011111111
1101111110111111111111011011111110111111011101011111111110111110111111111111111110011111101110111111
0011111111111111101110111110111111011101111101011111011100111011110111011110011111111011110011111101
1111010111100101100110110111111110110101111000111101110011111011111100111110111111110100110111101111
1110111010111001111001111111101011100111101011011111110110000111110011011111111011111101101111111111
1110011110000111111111111110111101111111111011111011101011111100111111101011010110011010111101111101
0011111011111111111101111111111101111110101101111011111111101101111111111111111111100111101101101111
1011011010111110111110011111111101010111111110111111000111111110111111110011111111101111111111111100
0111111111110111111111010001111011111011111101111111110111110111111010011111111111111010111010101101
0010111111111101111111110111111110111111010111111111110110111110111011010111111101111111110101111111
0111010010111110110011101100011111111111010001110111111011110111111101011110011101111111101111010101
1111110011111111110110101010101111111111111111110111111111111101111111111101111111111111110101101111
0111100101110111101111001111110111111111111101011111111111011111110111011101111111111111011110111111
1101101111111011111110101110011111100101101111111111101110111011111111111101110101110110111111011111
1101111111101111111111111111101101011100111110111110110111111111111011111100011111101111111111111111
1111110111111111110011111011101110101111111111111111011010110111101111010111001111111110100111111111
1111111110111111111111110111111101101110111101111111111101101111100111011010111101111111110111101010
1111111100110111101101011111110110111111111111100011111101101110101111111011001101011101010111111101
1100111110111110111111101100111011100111110100111110101111011111111111111111111111011011111111101110
0011001101111011101111010111111111110111001011111100010111111111111011111110101001110111010111011111
1101001001111111111111111001001111111101101111001111011011110111101111111111011111011011110111110111
1111111111111111110111101111110111111110111001111111100111110110111111101111111111111111110111000111
0010111011111101110011110111011111111111011010111111111011111011111101111111111101011111111111110010
1011111101111111110111011111111010010111101100011111101111110011111111101111111011101111101101111111
0111011111111011111111111111111011011111111101011111111101111111111101111011011111101111011110111101
1001111111111111111111010110000101011111110101101110111111100111111110100111111111111111111110011110
1101101110011111101111011001111111101010010001111111011101011111111111111010111111101011111111011111
0110111110011110110111001111011111111110101010010010011111111111111111111111010110101011111111111110
0001100011111101111111111110011011111111011111110111111111111111111111010011110111111111111111110111
1011110111111111110111101111111111111100111111111111110111110111111111111011101111011111111110101110
1100110010101111010110010010011111011011111110111110101011110110101111111010110110001111111011111101
0111110101011110101111011110110111111110001111111111111101111111011011111100101101111000111111100110
0111111101111111001101110100110011011111111100111111111111111011100111111001101111111111011111101100
1111111101111110011111011101111111111110110111111111111101111101111110111111101111101111011110010111
1111111111111111011001111011011101110111111111111001111110011111111101111011111111111010011001111000
1111111110111110101111111101111110111110111011101101111111110011101101111111011110111111101011001111
1110011110011111111111111110111100110101101111101111010111100011011011110111101101111110111111011111
1001101111101111011111111101111111111101101011111101111111111101111111100011111000110111011111001111
0011110110011011101101111010001111111110101111111111101011011101111111111111111011110101101111111111
0111111111111111111010111110111110101111101111110111111011111011111100111111011001011011011111111011
1110111111011111101111111110111101111111111001111110000111011111111111111111111111111011101101011111
1111111111101111110111111111011111111111011111111101110111111111001111110111110111110001011111111101
1101100101111011010011101111110111010111111110111111111111110010111100110111011101100111111100110100
1001110111111111110010100110111110011010100011111101111111111101111110111111011111111111111110011111
0111010110101111111111111011101111111101111101111111111111010101101111111011110101101010101110111111
0111101111111110111111001101010000100111110110111111011111111101111101001111111010110111010100001010
1111011110111101110011110111111101111111110110111111111011110111111111100110111011011110111111111111
1101111110110111111111111111100111101001111110111101111111110111101110100111011111011011111011101111
1111110010101101011110110101111111011101111011011110101111010101100111111111011010101011001101111111
1101011011111111110111111111111111011011111111111111111110011111101111011111111111011111101110111110
1101101110111011111011011111110011100101111101110011111111110101011111100101011111111010001111111110
0101111011001011111111011011111111111111010111101101011101111110111101111111111001101110011111011111
1110100111111111111111111111110111111111011111111111111111101011010111111111111110010001111111111110
1101110111110111111111010101011111111111111101011110101011101010101111111111101111100011001101111101
1100111111111110001111101111111111110111010111111101110101101010111111100010111111101111111111111111
1110110111101011111101111101110111011111111111010111111101111011101110111111101111101111101111111101
1111101111001101111101111100111101111001111110110110110010111100111101110111111111111110011011101001
1110111110111111111111111110011011100111101111010111110111110101110100100011111011111101111111011011
1011111011111111101111011111111111111111001010111101111111111100001011111111011101101001001111111111
1110111101010011110111011111111110001111111011111011111111111011101110011111111111111111110010111000
1111110111110011111010111111111011111011101111111011001111110111111111111111000011111111101111111101
1111101101101011111111011011111011100111111011111011101111101111100011110101111111011111110001111110
0011101111110011011011101111111111110111111111101111011111111110111011110011111111111101101111011011
1011001101111111101111011111111101111001111111011111111111111111111011111011111101011111101010011011
1111110111110111111110110110111101101111111010111111111111111111111111101111111111011111111011111111
1110101111001111111111111011111110101111111111010011111111111100111111101111111010111111110111001111
1111111111111010111111111111101111101111111111101110010010010101011101110111111111011111110110111111
1111101110011111111101111111111111011010111101111111100111100111111111110111010111101011101111111110
0111111111010111110111110101011111011100110001100011111110111111001110111010111110111011111001111100
1111111111101011011111111011111101111111011111111111011111110101111001111011011011111111111111110111
1110011110111111111101101101111111110100011111111011110111111010111111111110111111111111000111111110
1101010111111111111011111011111111111110001110110101101111100111101111001111111011111011011111111110
0010011111100111011101110111111010101111111110111011111111011111101101011011111111111100111011101111
0111111101101111110111111111111011110011111101111011111100001111111011011111011111110111111101110111
0111111010110011111111111011111101101110110110111011110111111110101011011111101111011011101111111001
1111101111101010110111011011110111111111011111111011101111011111111111111111111111111111111111011111
1111110110111111111111111111111111110110110111011101110011111111111111111111111110111111110101111110
0111111111111101110110111111111111111111111111011100111111110111111111111111111001111011111111111110
1111111011011101111110101011111110111111111111110101110011111111111110110111101111111110110111111111
235 260 266 109 139 115 64 70 