100
100
0010101010001011101111110101011100011001011011010010111111011110110011010111010100110101001011111100
1101111101101101110010111100100110111100110111011111100111011101011010000110111111100000011111010010
1111101011101011110100001111111101011001000110001010110111111111011101101011111001111001110111111111
1100000010010100001101101001101001110000110111111101111010111100000101011111110111011000101101100111
0101111110010011110111111110011101111101110000111111000111110000110011101110011010100101111101100111
1001100011001100010010111101100001010111110010101010011100111111010101001101111111110110101111010100
1010101001000110111101100000001001001000110011100101111011111010110011111010110010010111101011111011
1011101001001001110101011100111100110110111111101110111111001011011101011101101010001011101000100011
1010010100010001001110111101000101110111111110010010110111010111010101110010011010101001001110100101
1110101001100010110101010111111010101111100110011110111111101011011111010000110010110100010000111101
1110011101010111000101111111110111000011011110111011111101101010111111011101011011001000110111111111
0111111010001111111010111001111110100110100111110101011111111011000111100000111111101111101110111100
1010111011101011101101111100000010111101111011001100111110001100111100100111010001111000101001010111
0111111001001111011101011101110101100010101000111110001111110001010011100011110111110011001011111100
1011000000111101110000010011101111110111000010100111110100010101101110000111100111011111111001101011
1100010111011011011111111011110111010110100110010111111111011111110101111001111111111111110111101111
1010110011110111001001011101011101111100001100011111010100010101101011101000101000111110011101010011
0101010011111000001011001010000101001110011111101000001101011010011100001011011010101001011011111011
1010001110110010111100111101111111111001111110011000001101101110111110011100011011111110011110010101
0010110000101011001111110100010011011111000001001010000101101111111000100111111110110111001001001100
0110111101000111110101111010010110110110100011110001101100010111010110101101111001001111001011011111
0100100101111101111010010001001110100011010010111000111101011010101110111111001101011001011111100001
1111101100101000101111001011011111001010110111111101101110110111110011111111111001111111001000000111
1011110011100010101111001001011111010010010110100111001110110100101101000001001000111100011000101000
1000100111110001111111110110011110001000001010011111101011001011111010011101110001111110110111111100
1111001010111100011011101010100011000111101001111111010010101101110111101110111110100011110011001101
1011011110111010011111001001011101111110011110011010111010101111100100110101110000111111001101011111
1011011110000010111101101100000010100000010011110011011110110111100100001011000101111011111111101101
1111111010111101101101100101000101011111011001110111010111101100001111111011101000111001111101011101
0001101111110000011100101101011111101001111011110000111011000111100001001110000110000101111011000011
1111100111100110111001101001110111010001101011110110100111010001101101110000111010011101101101001101
0001101100111011001011001011100111110100010000110000010000001001101110001100101100101101111010011101
1011101001101011111111111101100000000111010100110010100100110010011010100111010001101011100100101100
1011101100110111111111100101111100001110011000111101000111011000100011101100011011011101011101010100
1000011111111001011110001110111110111101011101111101101011001001110001111001111100011010101110110010
0011110001001110111111111001111010001111101101100001011000111001111001010111110111111001110110001110
0110111101010111001000111100010111101011111101101010011000111110111111101001111011111001111011011111
1011011011000011111011011100101001010001011011111111100110111111111111110001111011111111001011111011
1001100111111110100011111111000011110101111011010111011001101111100010001000111011111011000110001011
0000011110001111101011111111101111011000000010000011111100111100001111110011111001110100101010011001
1011010111011011101010100011101110101111110111101101110011111111111110101010101111111111000111011000
0011110000010010111001011011001000110001111011001011111010101010110111111111100110011111111010100011
1111101011111111111111001101111100111001101011101001101101001010101011110000000011111101101100001010
1001101011101111011111111101111111101110111111001011111010011110010111011110101011101111100111010011
1000101110111101110111010001111110101011111101111010010001001111110010111110010011111110100101011000
1010011101000111010101010111110111100111111111011101111101100101110101111110110100110011101111010100
1001101011011011111100001010111111101101101101101111101001011100100000000100111000100111110001110010
0111101101111111001011011101010000111111010010111011001000000111000110011010110011100111100110110101
0100001101111101100101011001101011111110100010111100001001001101001010010101010111111100011000101010
1011011001001010001001011101110111111011001111100111111011100100101110101011111011111100101111111101
1100101011111001010100001111100101001111010010100010101100111110011111111001101110011101001011101110
1001000010111101011111111011001010100000101101110101101010110110110101111010001110110110111100011100
1100001110101011001011111100110110011011011000100100011101111101101111011111110001101111011110101011
1001100101110110110100110101010000110101101101110001011100110000111011110110001001001110110010001111
1110100101101000101011110001111011111011111001100100110100110110011101001111001100100110001010010111
1011100011110110011111100000101010111110101101100000011111000001101111011110101100000110100110011111
0011110010011010101110111001111111110111110110001111001101111000000110011001110100001110111100111101
0010101001111101111010001001111110110101101101101010011011111010110011111101011000101011010100001000
1101011111111000110111111111110101011101011000011111101111001111110110111000111110101011100001110010
0011010010001110010111011000111111111000101010110001100001000111110001001101101000010101110000110110
1100001110000100101000011111000110111100001111001011010111111101110111011011111001011011100101100100
1101111110111110001111001011100111110111101101001100010001011110101110111000110011101101101001101001
0111010001011111010001111010101111001110001110111111111110111110101100110001010111100111010001010010
0110001011001011101100111011001010111110111011010001110110100001011001001001010101111010111100101101
0001000100111111011100010000101111111001011111101111001111111100011011111110111110001000110111110110
1001111001011100010101001011101111011101001001010100111110011111001101101111111111110001111111111011
0111010011101100110010101010111111111011111011100111010011001110111111011001111101101001101001111111
1111111011011111100100001111111100011011011101100110001111000100111110110111110011111010111110110001
1111101011111110111011011110000110100101010011110001001111101111011110011001111111110101000110000000
0110011110000110111001000100101011010000110111110001001111011111000110101101111111110010001111110001
1111011010110111011111110101000010111111110011110010100100101100110110010010111110111110011010111110
0100011010110111011111111111001110010111001010010011010110101011110111110011000100101110001001110111
1100000001101100111001000011110101011011100011111111011111100110011000101001111110011011001010011001
1001110011001100101110001111111100011100110001101011011110001111011111111010110110000011000110010110
1101111011000100001100110110110001001011101011111111110011001110001001110010010101110100110111101010
0001111010101111111111011111001000100110111100010000101001110001101111100111010001111111101001110010
1111100110011110100101101111100001111100011011010111111010010000100110100111010001000110001100101110
1111101111001100111111101110111011111110110111011111011000011010101111101111011010011111010101000011
0011001111101101101101011010101111010110011110111011101001111111111101010110001101101011001110001101
1110110111001000010100110011100001010011101110001011010111101111110011010101111010111111111000110000
1101011110000101111111000101001011111100011101011111011111011101001001000011100010011110100111111111
1011001110010111101001101010011110111110001110011001101101011001110111111101101001011000111001001100
0010101110101101101010011101011011010100111100010111011101101010011001011100010011011001101100111111
1101000111001110111111101111110101011111100010101100101111111011110000011111110010110110000111111000
1111111001101100100111101110110000001000110001010001011011100111011011001010010001101110011011110011
1100001001000111110011001110100101010001110110100111110011100000110111011010000001001110000111101001
1111111010000110111110100000110111111101111110010001111101000001011110101010111001111100001101011101
1101101010000110111110110100000001011001010111010011110011110101000011110111110101100010110011111011
1111001101100110011100100100010001011101101111100111011000100010010101001101101010101011100110111111
1111010111101001111000000110101101101011101001100111011011111010111111001010111001000111111001101000
0011101110111101111111111011011001111110100001110111100001111101111110110011111111101111110111101101
1110101101100111011010010111011001001011110010011101111110010110110111000100101010100010011010010011
1100001010011101110010111110011111010110110110111110110111010111111100111100011111111110100001101111
0101010011100011101011111101111111010011010111001011110111001111001100011010101110100110011011011101
1010100111001100010000001101110101010110010011011011101110111001100100111101110110111101110001001110
1011111011100111010111001110010101111100110111011010000011111101001110111111111110001011110011100110
0111001011001000110011100111101101100000111110111101111100101111111010011110000010000000010000101000
0111011101111100101101110101101010010010010110010111100101110101101110001010000001111011001001001111
1101101011111011101011001011010110001111010011001111010000010110110001101110000101001101001101000011
0101000111110011001001101110001110101101110110111101100000010010000110101110110101010111001100001101
142 104 112 60 68 57 29 37 