100
100
0111111110010111111111110101111010111111001101111111111111111100111111111101011110111111110111001111
1101101010111101111001011101011110110011011101111010101101011111101111011101110011010110011100011011
1111011110100101101111111111001111011000101100001110101110111011111010110111111111101111011111111111
1111111111111001111110101001110111110001111110100101010101011111001010111110111011110111110001101111
1111011111101100111100110100011101111111101100111111110001011010110110111011100111111110111100101101
0111111111111111111011100101010111111011010000111011100001111101110011111100001111011111011101000111
0111111001000001010001111011011101111111100110010010101111111111111111111110111101010100110010101101
1001111011111110111001011111011101010101000100101110111001111111101101011101110101100101110011011100
1001111000111110111101010111011111100001111110101001111111110110111111111011111010111111001011001111
1101100011000011110111011011110110111110101111111101111010111010011010101111111011101101110111101110
1011111101111110101101001110111101000001011111110100011011111110111101111111001101011111110001001101
1111110011101110111111111010011101101001101011110110111110101111111111100111111110100000111111111100
1110101111011101011010011101101101100111101011111101001101110111110101011111111111011111101101010110
1010111010101111100010001011111111011010100001010111111111111111010111101111011111011111010011101110
0100110100110001110110101101111010011101110001100011011111101011011010111110111101001111111111110101
1101111110111000110111111101110111110110111111111110111111110101110111110101111111010011011111110110
0111000010100111011111111110111111111110101101111110110111011110110110011101110110111111111111101101
1010111101101101000101110111011100111110111111111110111111111100111100110011111111100010110111111110
1001000101111111001011110101011001111110110111110011101110111111011111101111010101100100111111110101
0110100111001001011101101011111011111011110111100111111111001100111111101111111111011101010110111111
1111001001100100111111001011110101111111101010111110111110110111111111101110111000101101001111111011
1110100101110110111011011111111111010101111110111101111111010101100111101111011111111010110011010111
1111110111111111111111101000101101111100001101111001110111001111111111111111111111011111001111011000
1100011101001011101111011001010111110100111111111011010001111111111011001111110111101110101111110011
1101101101011110101010111011011111110110111110111111001110111111011101111001101101101101111010101111
1110111100011110000111111110111101111001101101011111111111011001010111111111111111111111100101110110
1111011101011101111110011010111011010011110101111111100100001111010110011100101011101111110011111011
1101110111110010101100011011110111011010100011101011111100110111101111010101100101111100111100110111
0101111110111110111101101110011101011111101001010000011111101110011100110001101111111001110100001111
1111111011111111100111110111001110110111111100010010111001110101010111111111111111111111111111111110
1111010111100111011101000011111101111100110011111111111101010001111101001111000011111111101101011011
0110011101111111111000011010010111101010101101100100110100000011111111111110111011111100101101111111
1011101011110110101101010111111001011111111110111111111011111110101011110110101101101101101101111101
1110110101010111011110111111111110110001011111010101101101101111100010101111000111111011101111110110
1010101011011110110011111110111000011111111100110111001111110101010111101111011001010111111111111110
1001011011011111111110111111011100111101110011111101111010111100011111111101011110111110111110101110
0011111011011011100110011000111110110110111111110001101011101101001111111010110100111111000110011111
1111111111110010111000111011111111110011011111100111101110110101110010100111100001110101110110100011
0111111000110111110101011011001110100100100101111100111111101111010100110111101110101011101011110111
1111111101010111110011111100110111111111010101111111011110011100110101011111110110110011111110111011
1111111101011101011101111111011011011111100111110111011111101100100111101111101011011111110111111111
1111100111010111011110100111101100011111110001111011101111000111011011011110011111111001101111101101
0111101001110001110101010111010110011111011101011111101111111010101111101011111111111111111110111111
0011111111110101111111111110111010100010101110100100010111110110110011011010010110010001111111110011
0111011011000100110110101110101110111011111111111111111001101101101001011110101000111101011001111011
1111101111101101101001110111111111010010001111010111000111011110110101110111101111000110110110101111
0010101010110101010111111111111011100100111111101111010111111101101101100111100101111001111011100000
1111101110011111100111011000111001111100100010111101110111111101110111110101110101011110111000111100
1110101010111111001001110111111111111111111100010111010011011101111101011110101100111101110100011100
1010010111000100111100111010111101100011111111110001110101111111010101110011011111110111010101011110
0111011111110111111111111010101111110000101110011101011000011111011100111101111010110110111110000100
1011111010111110011111011111011101000111110110111010111110110101111110111011100111111111111111011011
1110011111010101011111011001101010000101111101011111011001111011111100010111111111101110110111110010
1101101111011111001111011001010100011100111110111100111111110111101101011111100111101010111110110111
1101010111111111100111101011001110111111101011001111101111100111001011111001011111111111010101011111
0000100111101001111011101101101101101110010101011111001010111001101010110100000111111101011111111001
1011110111101101101010110111111110100110111000011011111110011101011100111101111111111110111111011110
1100011101111001011101001111111011111111011111110111111010110111101101001110001111101111111011001000
0111101110111001110011111010111010111100111100111001110111101011111111111011011011010001111011111110
1111110111111110110010001111111111110111101001110111111111101111011010110111101111101110110110010101
1001011110111011110110001110011110101011101111011110110110111111110111001111101100110111101110111101
0111101011111001111111110111111110111111011110111101010111100110001111111011101010011110111110110110
1011011100111011101111000101000101100111111101110011011110111111010100110110101001000111111011011111
0111011000110100110101010110111011111111100101011100111101001111101010110101010101111101111110111111
0110000100100100101001111111101111100111111111111111110111101111101011111101101101110010111110011111
1110111111111111110101011111110010110001111001101101111110011100000111111011101000111111101110011011
0110111101011101111111011111011111101010100110111000111011101111011101011100101011001001001010111111
1100110111011111011011101101111111011111111001111011011001111101011011011111111010111111111110111011
1101110111101111010111011000001010111010101111011001000101111101101111100011001101111101100110101111
1101100111110101111011100110011101111111011001110111111111110011000101010011101101101111111011111100
1111011101101011101111011100110111110101111111111101111111111010111010111111101110101011110111101111
0111110111111011101001011101011100111110101010101111111110011110101010010101011101111111001011110100
1001011101101111011010011111111111111010101011111001101110110101101100111110111111111101110001110111
0110011110001101110111001101101101110011111101101100000111110010101010101101100111101111111101110011
1111101001111111011111011010111111101011111111101101001011101110011110111010000111001101100110100111
0100111101111001111110100011101110011011011111010101101111110010110111011110111000011110101111111100
1010101110110101111110111111011110011010101111101110110111111101111111010111111111111101111111110111
1001011101100110111100011101110101111111111011110111010000111111011111001001011111011110101110111100
1001111111110111110111011011111011101111001101010101111101110101110101111110100100111110000111110011
0101111111111111111011011110111101111010101001101011100110110110110110111101111110101111100111110111
1010111101101101110101000111110111110010101111111110111111100110111110111111111011111111011101101100
0010000011001111011010111001011011111110110111011011111001011111111111101011111101111100101111101110
1110011110010111110011011010111110001111111111101001101010111110110111111010111111111111111111110101
1010111110101011001111111110010000110101111011111111010101101110111100111101111111011111101011100101
1111001011111111100011110001110110011101101100110110011001110111110111110111111110100011011111101100
1111111011010011110111101111011111111001111011101110011011111101001011010110000111110111100010011010
0111101111110110111010010111111100110000111101100111101111001101100111110111111011001001011001001101
0111111111011011010111100111011100110101111010110101100111110100111101111001111001100010111101110111
0111111111010011011010111111111100011110010111111100111010101111111011111110110011111010111001100111
0101101110110111101111110101111111010110110110101110111110010111101111111100101001111001011110101010
1101110011011110110110101010001110110011101000111111100111111101011111101110111010011111011110101010
0110000011101101110111111111001100110011111111110001111000101111111011111110110111111100001101010111
1111110111111111001111110110101110110111100111101101111111011110101000111101101011101111010111111000
0011011001111111100110111101110010111000110111101011001011010111010111011111100001110011111111011010
1011001011011110111110111111010001111101010011111111010011000101011110011111110101111111101001110111
1010110010101011100001111111110110010111111111001111001110110001111100111011101111110111111011010101
1111011101011010110100111011011111111101011000100011101001101111011111100111111101011101001101111110
1001110111110111011111111111001011011011111010110100111111111101111111011111101001111100010001111111
1101000111111011010100000111111111101110111001010000111011111110011001011011101101111110111111100011
1011001111111100000100111111010011111100111111110111100111111000110101011111101110011011010011110111
318 282 284 136 143 135 76 73 