100
100
0100101010000000011101000010011111111001100100110011010111010110000110111011101001101101011100001100
0000011000001111011111111101001010000001000000000011110001101110000010100111011000010101000000010001
0001001001111101000001001110110111101100000111001000011111111010100010101101111001010110110001000001
0111011110101111100101010110110110111101010111111001100011000010110001010010000011101000100110100011
1100010110100111110100010111110100000101111100110000010101110000110111101000101001011011010000101110
1010111011001011010001000011011001010001001001000011100001110001001100111101111100100100100010000000
1011110110001101110000111110001100010011101101110100010101101100001011111100011000110101111101111101
0001011001010011111100010110011110001011010001111111010010011111110011100110101100101010011001000000
1110001111101001100000110100111100010100000001100000010011000011010010111110011011011011110101001000
1100110111000001011111101010111100111101001101110011010101101000001101100100000011110010001110001101
0001101110101000010001101011001000101110011001101001011010110101001101010011110111111100101001101100
0111001101110001111101011001001110111111011010011110100100001110100110101110101110010010001011010101
1100101101100100010011000100100011111110001101001100001010100011101001010110100110010101101110010101
1110001011000010011000000001011110000110001101110011010100000011001001011001000110100100101001100111
1011100011011011100101000011100100101000110011111011110111100011101100010110011111101101010110010101
1000101111100110101111010111000000110110000010111100011101101101101111100111001010010011100101010100
1010110110010010001010000110010001111000111110010001011100100100101001001100110011111110100000110100
0111000101110001001011101100011110101011010001111001001110101110000101101100101001010010100000010111
0101010000001001001111111010111110110010110101011110100000111100101011110001000100001001100100000101
1010011111111000100001010010011101000010010011101111101001010011001101110000110111110000000100111011
1111101010000111111100011011011011011000000111110100010100001100111001001101000010110101101011110110
0000001110111000110110110011010001111001010101111011100100111000101001011000100001100101010111111010
0000100001010000011111011100101110000111100110000110101100010101110110000000110100111001000000000000
0011000111000010110000011100100101000110101101101000110100101000001100101100111001010100001110100110
0100010001111111101001101101101111010011000111110101011001000101101100110000100001001100110011010100
0001101001011111110101110001010100010010100111110000010001100000010000000000001101110000110101000100
1110111010010100011111000001001000111011000111111001110011011110011001101100110011110010010010010110
0111011001100111001010000100110110111101011011001011001010011000000110000011100110111001001010010011
0000011010000010011101101000101010011100010110111010011111111011001101011101001011111110101001000100
0111100011111010011001001001010010100011110100111000111011101001100100000101000001101101010000010101
0100001100011001101000111111011000101101110110110010110001110100011000010111100011101111000011000011
1001000111010101001010000001011011100001111100110010100001110001011001110111000101010000101101101010
0101111111011100110000111001010101110001101010001011010100011011010001000100110001001100100110011001
0011111001000000000101100000001111011100001101111111101001000100110011011001111011000110011011100111
0101101011000010001100010011100110011101000010000010001111110100011010100010101110101110111100011110
0100000010000101101101001001111100101000010010101111011100100101100000000111101110001011000000000110
1001111000010011100000000101110000101101100000000010111111101000010111101010100101110010011011011011
1101100100011111000011101101001001010011010110001001111101110010010101001000101001100100101001100001
0111010010010100001000001001001111011101001000001011111000101001101101100110000010010001101011001101
1111010011110000010010101110001101101110001101011001010001100011001100101111010010010001010101110010
1101101010101101001111101101100000101101001101010011010011010011100010010101101110111011110100111101
0100111001110101010001010001100100101000101001111011000001010100111100110101001000111111100010111110
1111111010100110101100110011110011101000101110001101101011001001000111001100111110110001100101111010
0000101000001111011111010011011000101000111110011110011101100000100111000000011101001100000000100111
0111011000111000111100110000100110001111100110000000110110110010011011111101010110000010101110010110
1101000110011100011000000000111001110010100111100101010110111011101001011100110110101110100110110111
1000001001101101010111000101100101110011101110111111101110111101010001011010111010010110001101100001
0001011011001101101011111110011101100001110011010001100110000101000011011101100010110110000101110001
1110000110001111000111100011011101000111011001000111111110110011110001100010000111111000101000110010
1110110010011110000100011111010111110111110111100010101100000010101101111110101000100000100011011110
0000011001000011101000010011011110001011110101010011001100000100011010100001010100001111110110010001
1100011101110000101010000110011010000110100000111001000111100101101100101111110100011011000101100101
0111010000010100110010010100011110101011001001001110111011001000101001000101010100010000001110010011
0100001111100111001001100100111010001010101100011110000011110000011101110110011011010111001110011010
1110101110001110011110100111000100110001101000110010010101111010100010111111101110010000100010110100
0011000101111110100111010110111100000110100001100101110011111110100110111111100001111111001011011101
0111110001010010110001100100010100000000010101100011110110010100000000100110101110101101010111101001
0100110100010000110010111000011111011101110101111011001100010000010000111101000000100010100110101111
1000000010000010111000011010100101101101010100011110111011111001101101101001001010111011000100110100
0001110110101100011100100111111000101100101010000001101110000010011011110111011000101111100001100111
0110011111001011111000101000110011100101011100100000000111111100111010000010011111001101010111100010
0011101001001001001111111001111100111101100000010110011101100001000101011111001101110000010000101110
1010101110000000000110101111100101111000001010010001000010001100101011111011111110101001010101111001
1110001110110100111010011011100010111011100001001100100111110001110111101100000010111000111110001101
1010111101100111101111001100001000011001001111000001010101101111110111110011001110011111111000000101
1101000001110011011001111001111011011000010010101011010011011100111001011100101010001001111010111111
1010011110001111110111101110010000010101110100111101111010011111011111011000010111000001001000000010
0100111011110111001010110110011010001011001011001001000110110110001001110000010110010011101101000101
0100110001001001110011001101100001000101011010111110111101111100011110111110000101001000110011100100
1111010111001001011000110100000010101001111010001000011010001101010001001000100010110100110111001000
1111101011010010110001001101010000100101010011001010011101111110011110000101000110000100101011010101
1010000101100111010001000000111011101001101000100010101010011110101101001101100011010000100111101011
1000101101100111110111110101001000000100011011001100011000101001100011011010111000111100101001101011
1111101010001111100110000000000101001011010010011111101100000001101010110101011000110011011010110010
0000111110101011011111110010011010101110101010010000111011001100001001001010011001010111001010010100
1001110100100001100010110011110011011001001100001000111110111001001010111000100100000100001111010000
0110001111101011001110000100110010000111011110011001011000010100111001011011000010000100001101110100
0101000010100010000111000011110100101000101000101001111000111001011010110000011000011001010011010110
1100111001111111001101101101110010000001100001100001001001000001010111010100101001000011101100111110
0100110001110011011101011101010010010011001101000010011100010001111011000000000000100111100010011000
1010001010011101000011100100101001010011010001110100001101111100110111010010110100011000100111100001
1100110001100101000000101000110110000101011110101001100101011100110000110100101111000110110000101001
1101110010110101011110100101011101111111101111110010001100000010011011010100011000011110001110010010
0001011101101101101010111011111100010001100100100111101000010111001000000110100001111000101001111010
0111011000101000110000001011010000111010000000000100010101100110000111111100101010110101001110000000
0110101011110011011011011011011010010010111011101101111111010100111010110001010100110010110001101111
0100110011101100111001101101110000100001011011110111101001101110101001011110001111110111000110000101
0011110001001101101000011010011110110111001011111100111110011101110101110000000101011110000000010110
0101111111101010000001110110010010110011001101110000101000000001000011011111001001011101001100000011
0110111000010110110000000111101101100110101000000010101111100010011110011111001011001110001011001010
0111101101100100000101111100110100111010101101110111111001110000000011011001001001110110010111100100
0111110101100011000011000001001011010111100111000110100000111111000000000010111101000100000010111011
1100110011001110111011010110000100001111101111001011001010000000100111010100010001110111101110011101
0011111100010010110010100011011001100111001111001001010001011101000010111011110111000111010110110010
0011001111100101000110111000011100100010100011101111001101100010000100011100011010010010111000001010
1110000101001010000101010101011000001101010010100111100011100000001110001000100000100001011000010111
1111110111110001100001000000000101111000010100010000110001110011110010110110110001010111110110101101
0001010100100000110001101100101010001111001000001010010110100110100011111000100010110010010011101010
0101011000100001001100011101010101001100111111000010100110011001100100010101100101110111111101000000
1000001011100011100000011101100011110011000100010111100111110110111010101010110110111001100000111100
133 125 148 52 58 63 37 35 