100
100
1111111001111110011111110111110011111110011111000111100111110001100111100111101110101110001110111101
0101111010111101110001110010111010111110111101011000000111101100110111111110100111111101111111111110
1110111111111001110101011110111111001111011011000000100111111111111001100010111111111101101011011101
1111111001111101111111110111101000111111111101000011110110111011111100111111011111111111110111001010
0111011101111010111110101110111110001101100011000010100110101000011111100110110010101010111110010110
1110111110110111110011101011101101010110010111011011011100001110001111111111101100111011110111101001
1100010101110110111010011010111101111111011111010110111010111111111011101111110111001111100101101111
1111010111011111011110001101111110111010111010011100100111000001011111111001011011011110111111111110
1111111110110011111111110110110111011101101111110100111011011111011111111010010010011111010111111011
0111110011100101001111011010101010011011100000010101111011011110011011111000110111010111100110011010
1111011111011011111001111111110110011011110011111110111111100111111101111110101110111111010111011111
0111000100100111000110011100111111111101101011101110010110110110110011110111111110001010100111110110
1110000110010110101111110010111011001110001111011110001000101010110111111100101011100011101111001101
1100111011101100011110011101100001011110110011100010010111111111110110111011001111110011100101001011
1110110101110000011001110111111000111111110111010010100111101111011111110010000111100100011011101111
1111101110111011011111110110011100001111111011110101101110110100110011011101110111011010111011011011
1111110110110001111111101111111011110011001111111001101010110110100000101111101001111001011101100101
1110111111000110111111010100110111011101110111111011111111111110110101110010000010111110101100110100
1111111000011111101010001100101100101110011111111110111110111011000111001110111111010111111000111000
0111010111101101111001011110011001111111111101001111001001110111011011111101000101011111111111111001
1111011111111110111110111101111111101001101110110011111110111011010100011111011011111101011100111011
1011110111111111111111111111111011111111011101111111111011110111101111111111101111111111001000101101
0001010111111111011101101111011111100110111111111101111001001010011100101010111010101111101101101011
0101001111111110111110001111111000100110101111111101100000011000011101111101100111001101111010011101
1001111110101101011011011111111101100111110111101001101111011101111110011100011011111101111101011010
1000011111101101111101100011101110110101111101111111011111110111010111111100110110111011111101001110
1101111010111110111101011111101101110001111111101111010110110010111110011110100101011101101110011011
1111101111111110111111111111101110011111111100111111110101011111101111010011110101111011110101011110
0101101111110101110111101101101011111111110111011111111001011110111111011011111001111111110011001110
1111110011111001111010011101111001111011101111100111111111010100011010111110111111111101011000100110
0011110111010010110111111111110001110111011111110101010111101111000101000111011110100101111101101111
1111111111111111010100111111011111111110110111001110101011011101001111110100111111010100001100111110
1111100110010111101100111111111100101111111111101000101011111100100110001000110101111010110111111010
0011100011011101111111100111001111110011010001101110101111110111101111111111111010111011101100000110
1010101001101101111101110110111110110001011011010101110010110110101110111111110001111111100101111111
1111001011111111111111101101001011010111101111111101111001011100011100010110111001011011101110001111
0111101100100111000011001000011110001011100001111111111111000111110011101111111001110101101111111111
1101110101111011111111101111101111111010001101111111100100101111111101101110010001011111110011101110
1101110111111101100001111110100101100110111101100101011010111111101110001101111011001100110110111101
1101110111111111011111110101011111101011101111111100111011010001010011111110111111100111110010011011
0111001110011111111111111110011011011111110111111111011101001111111100011111001111010111111101111111
1101010100000011111110011111110110110101111111011111111110101111101001111110111101111101100110111011
1011011011001111011110111010111101010111010110011111011110110110111111111010110111111011001111100010
1001011011110111011110011111001101110011101111111010110001011111111101101111100111011111111101111011
1111011010111111101010101111100001011001011000110101111101110111010101111100011010111111000010111011
1110011111111111101101111010111111010111111101111111101010010011011101111111111001111011111011011101
1111010110110101001111111001110010110100111101111111110010111011111101110110111111110111010101011011
0001010110011011111101001100101011001100110011110011001111011111101101001111111111101101111110111011
1011111111011111110101011101110111011011101011010111110111110111111101101110111011111110111000111110
0101100110001111111100111011111010001010101011111111110011111111111111000110101000101110001000110101
0011001110011001010110000111111001111111011011110101111011001111001111010111111100111110101111111101
1011011101111100111100001101101001011111101111101111110011101111010111101110111101010110010110110111
1110010010111111111111010011111011111010010101110111011111111110010011111011110101110101111100010111
1110111111111101111100110001101101110111100010100111011110011101111111111111100011100101101100111111
1110101111110011111111110110001100111111111101111001110001111011111110101111101011101111010011101111
1011010101111111010110111101011110110011001011101110111111110001111010111101111010100011001011111011
1101100100110111101110010110111111100111110110110111110111111110110001111010101011001110100000011111
0001101111011000001111110110111110111111101111000111011111111111001111011101101111001111111101111111
1111111111101110111101110111111011011111101101010101110111111110111010011101001111011111111011101101
1110111011010111011111011111101000000111000001110100011110010110111110110110000001011111101010100101
1111111111101011111101110111110010111110110011110111100001111110101111111110001110110111101111111100
0101101100110011111111110010011011111111111111100101101111010111011100100011111000001010100111111111
0001111110110011111111001010111110001011110101001111011111101110111101101111011100101111011011101110
1111111111010111111110110101101110101011011111110111111111111110011111100100101101111111111011101111
1100100101011000111110110001011101111010111110000111011000110111111010110100011111111111111010111101
1100101111001011110010111011101101011101110111111010010100111111011011011000011101010011001111011000
1111001001110111111010010110100111110110111101111110111111111111011011111111010101000110111110111101
1101110010011101111111001101111111101110111111011010111111011111111110110011111111001111101101100111
1111110001111010100100111111111010011111111110110110010010111011111111111010111001111101110111111111
1111111111111101010101110111111101001011101000011110101111111111001111000011011011110110101110010111
1100100111011111110110011111111000000111001011111111110001011001110100010001111101100101111011111111
1110010111111111110110111111111010111111111101011100111111101011110111111010100110011111011110110011
1111111101101111101111111011101001100111101111111100110011001110110111011111111111101110101111101001
1101011111110111101100000010111100100111110001111100111011011101101111111111111100011011110111111111
1110111011111110011111010110101111001010110111011111100101110101011100111011111111011000100101011011
1011111011011101101000111001001011101010111111110111001011100110101011110111111111101101110111000010
1110110100111111000111010011111101111000011111111111111011111100010100110011011111111011011001101000
1010011101110100110110100110010001100111001010011101011111111000000111111011010101011001111011111101
1111111100111111011111101011110100011111111010111111011110111111010001110111010000111010010110010000
0100101111001111101010011111100110010110011101110101100101111011111101110101100111111111101110111110
1011011101001111011011001111111111011101011011111010011010111001110111101111011101101101011011001111
1011101101110011101001111011101011111111100000110111011011011110111110110111101111111111111111110111
1100101111110011011111111111010010101001010111111001010101101011111010110101011011001111011110111001
1111111111111101001101111111111111011010111111111000101101111101011101011111101111111111001101111101
0011111101101100011101111011111111100011010101111111001011101010111101111101101000101110010111111100
1100011011001100011101111110011111111101001110101010111100111111111001011000110011111001000111111101
1111011111110111011010011101111110010110111011001111101111111111111110101011011011110110011110111110
1111010101010011111111111100110101111111101111111110111011111101101101001101110010111110101111110101
1111100011000111111111111110111111000011111111111111111111110101011111101110100001111011001000101011
1111111001101111010001011011111110111111111001011110110110101111110101011111111111101110110100101111
0001101110101111111111111111111110111111111111110111111111101001110110001111111111100110000111101011
1001110101100101101110110111111111110111111100111011000111111111101100011111011111011001011001110111
1110011100011111100011111011110111001010101101011101111101110101011111110011011111111101001110011011
0010010001110111111011111101110011101111111101011001101110101111111101001100110110100010111010110111
0011011111011110111111011111101110111010101101111111111111111011110000011101000101011001011101101111
1010100101101011110010010111010011011101100111010011011111010111111110000011110011111010101111111101
0101011001111101011001100111011111111011001010111101100111111110110111011111001001111010111111011011
1101111111011110101110110101111011101110110111111010111001111010010011111101011101001111111011111110
1101110011011111001100101111110100011101011110011111111110100111010110001101101101110100011111101111
0111000101110111011011011011111111110010101011101101110111111011010100111001010111110111111111001101
185 171 156 93 80 75 30 46 