100
100
1110111010111010110101101100001000011101110110110010001010101111011000100011011101011011010100011011
0011010100101101010111111000101111100011011110001001011110101110110101101010010111011000011110110111
0110001111000111111101110010111010110100110111101111111100011010111011111001111001010111101101001111
0110101111011111110010100100001010010111001111000011101101011001101011101100110111111010100011111101
1111110110110110111011101010111011111001101010011000001111101011011111101100111101111001001111011001
0011100110100101110000110001110110011100011111110110110111111010101100100110111110011111110111001110
1010101001111110001101110101111111011110000011011011011100111001111101000111001111000100011111001011
0110100100111101101101110101010101000101100000111001011001011001001000001100100101111101000111110001
0100111110111010100010111011011111010001110001100000101101111101001101101101001010011010111111001011
1100111101110011010100011011001100111111011110111100111101100100101100010011101100111011010110110110
0110011100011010110001111111110111110100101101010110101100011101000110110111001000101010000101100011
0011111101111111011111101011110111110101001111101000101110111101101110100110111111111101001011001010
1111001111110011011100111101101101011110111010101011100101010101000111111110000010100001111011001011
0111111100111101110101010011101110011110101001010101100100011001110010001110101101111001110000000110
1111110010011101111111100101100111111111101100100011110111111111011101110101111111011111010111010010
1100111011111011110110011111111010011011110011101001010100111100011101011001111101011011110100001111
1111010110111111011001110110100011110110101111000101100111011001111011011111110111110101110101101101
0001011101111010101101001110100001111011110011001111001111111000100000011100111101111110110111111000
1101001000010110100110111001111111001011010111110111011100001101111111101110111111011001001111000101
1011110101101001111001111101001010010001000001010001011100101101111010110111011111011011011100101100
1100001110001100111000000111110111011111101011110001000110001011011001111110100000011110010111111010
1101000001101110111011001110101011000011100100110001110011111011001011110011110110110111111110111101
1001111000001111111000111110010101001110110001001111100010111110000111111110100111000111011110111010
0101101100101001011110010101001000110110110000101001101011011100111111111110011111110111111101001001
1111011110010101111010110111101110011100111111110100100001100110101010111110110001010110011110110111
1010101111111010010101100101110010111010111011011010111111001111101100011100111011110000000111011111
0101101111111010010001110011011001001101001111001100111001110101111100100110101000110110011100011000
1111111010110111011111001111111011000100000110001011011110101100100111111001110111011111001100110001
0101010110001111000101001011111110011110100011111011111111101010011010011001110000111100111100010000
0100100111011011111100100000001011110000110100101111111101100101010000011110111110000111001111111111
1110010000011111000111011111110101010101111110110011011111001001101010100111101100001101101111010101
0010011101111111101111110111110011011101000001100101100000011110111000000111101011111010010111110010
1110100111101000000110100110011011011100111011111011110110011111101011010101110111000100111001000111
0100111110001100110011101101101110110010111010111111111110000101001011110110101001010001111011001101
0101111101011001010011101010011111101000101111001110001001110010100111100111001110110001011101101011
1101010001010011101101100110011001111101110010111011111010001101001101001111010110110111111000101111
1101101011000000000011111111101010011001111101010001010100110110110001110111001010000111111100010011
1011101110010111010111111011011001111101111111000111010011110110100000111101110001110011111111100110
0110011000110011111100110111111111011011100111111101101100111111100111011101101010100001100011011110
0011100010011110100111011101001100001010100001101111001001110100001010111011101001001111110100001110
1000111100111010101111100111010111100010111111111010111101110001010101111010110011111101011001101111
1101111101011100111011101001111000111001101101000100011100111111011101001011111011011011010111000001
0000110000000111001011111101101001111011110101111100100111011010011001101001111101111111010010010001
1101100001011100111110000110110000000010101111111111011001011011101111100110111011101000101000110101
1010011001111010110011101100011011110000001110001110001010111101101101100111010111101001010100000010
1110111100010110011100010101101100010010111110000110100111000100100110101001011001101001110111001101
1001111111001110101000001011000110110111010111101111101010111111010111111111010111110111110111001101
0101111000111110111110011100111000110110110101111001001010010101011111101011010111010111111011110111
0101010111001111011101111111101000110100101001101011100010011010001101111011111110011001010011111111
1100001111111001100110111100100001100010000000011110011110101111101111001010001101011010000011100110
1111110101110011001100111011000110010000011010010110110010110001001110100111101110111111110001001110
1111101010110001011111101011001101010110101110101101111011100110111110111101001010011001100101101100
1110001111011010111110001101010111101001101011011000110001100010001100101011011111110110100111111101
0110100011111011011010011011100000111101101010100100001011111101101011100110001110110010010111011000
1000011110111001111010110101011011111101110001101011111011100111110011010111100111101000000101110001
0110010001010011001011111001101111101101111110000111111110111011111110110101101101111101111111100000
0101101111111000011011101100111100010011100110001101111111000011001111011111110011111110111101001100
1001001100001011101111110111110110110111101110011011101110011111111110010111110100111111100110011110
0100111101111110000111000101111001110110111010110111000110111111111100100011101100010111011000110000
0001001101011010110001101101001101101111011000001101011111111110100011111010001101101101011111111111
0011111011101100111011101110101100111110011111011011111111101111010010101100111110001010111110001011
0101011110111111000101010011000011111110000010101001000010011111100111111101110001111111101011101101
0001111011110110111000101111101100111111001000100001110011011010111000011110110111101001101011101111
0111111011010110011011101111111111101110111001101011011010111000100100111001011001111101110011000000
1111101010111101111110011011011001111111111011000001001001101110001110010101111100100011100010111100
1001000011111110101111010111011101111100100010111100111110011111011101110110111111111111101111100011
1011111111110111111111111001011111111111111111110111011011111011100011010101110011111111110101100010
0110010001010110011011011100110101001001011011110000111000010100100000101010111100011010100001100010
1111100011010110011001110110011101101110111111011100111101011101110000011110110111100011101111001101
1100001001110100001011111110111001001011011101101110110101011011110111011111000111110011110111011000
1011111000011010010101000110010110111111010100000110110110101000101101111101111110011000110110101101
1010011011110001100101100101111011101011101010111101011101011111011011110000000011110001100001110110
0011111011100110010001010111111111101100111001010010111011100111110110011110111101010010001001011001
1001111010010011110101000010111111101111001101101111110111111010111000101111111111011101101101111110
1100111101111110100101011111011010010111101110011110101101000111000101111010100001110111110110101011
0111001110011100101110111101011000000111010000011111010101111111011010011111001001001100100110011001
1000101110011101110110111110110111100011100001111100111100001101001110110011011011100110111111011111
1000110111111011101011101011010011101100000011110000111000010001101011010110111011010111101110010111
0101011111101111011100001111011101110010101111011101111101000101110011110001111011010101011111111111
1010100110111110111110011010100011000101110000111000000101001011110001101101110011111100111110111011
1001101101000100011010110111111010001011000101111011010000101101001110011101000110010110110110100000
1101000111111011100111011111100011111100100100100111101010000110111100110000101101111101111111100011
1011101100111110100011110100101111111001111011111101101010100110111110111100110101101101100001111000
1101100001000101100100101001011111011110001000101111101100100111111101011001101001110100011011011110
0001000101101111000101011010011111010100010111101001010111111011111111010011100011110001110001100111
1100011111011110101100111010100101111101011101011011011011111011101111110111100001111101101110011001
1101110101101111001000011111111010101101110011110110001000111110011001100111110001011111011100111110
0110000111110111101101110100100111101110101111011000001110010110011010101111111100010101111011011011
1001100110011100111011101010111100001101111010110010111100100010110101110011010111111101101111011101
0011101010101101110110011010111101111001000101110001111101100100100111100011111100111110110011011111
1001001010101101111111011111100010010101111011111111111101111001111011011110101001010110011010101100
1111011001001001111100111000111010001011011111100010001011001111111011111111111111011001100101011011
1001111110111011101011001000001111101101110110111101111100110101100111101111000110111111000101011000
0010111011111101100111001111101011001100011001100111110101001010100110000101000011111110110111101110
1011111000110001111100110100100001111111010100100111101111111000010011011101101001110111101011010100
0001111101010110011110010100111111010011010101011111111111111001001100111111010101010011101100010110
0110110111011101111100011100110010010110000111101011010110001111000111010000001111010111001111100011
0111001111101011111110111001000111111011101101011110100111111011100111101110100010101100101000101100
0010010110110001111101111101110101111001110101111111001111010101100101101111111100110010001001001001
1000111110001110000110010110100100101001101010110111000101111111101001010011010011011111011100101111
115 108 99 51 45 64 29 23 