100
100
1111111111011111111111110011011111111111111111111110101111111111011111111111111111111111111111111111
1111101111100101111111111011111111111111110111111111111111101111111111111111111111111111111101111111
1110110111111111111110111111110111111111111111111111101111111101111111111111110111111101111111111011
1111111111111011111101111011111111111111111110111111011111111011111111111111110111111101101111111111
1111011111111111111110111111111111110111111111111111111111111111111111111111111101011111111111101111
1011111111111110111011111111110110111101101111111111111001111111011011111111111010111111111111001111
1110111111111111110111111111111110111011111110111111111110111101111110110011011111011011111111101111
1111111111111111111111111111111111111111111101100111111111111111111111111101111111111111111111101101
1111111111111111111011111111111111111111011111111100111111111111111111111111111111111101101111111111
1101001111111101101111111111111011111111111111111111111111111111111111111111100111111101011111111111
1111111111101111111111111110111111111111111110111101111011111011111111111111111111011111111111111111
1111111011110111111111111001111111111111111111111111111111111111111111111011111111011111111111111111
1111111111111110111111111111100111111011111110111111111111111111111111111111111111111111111111111111
1111111111111110111111111011110011111111111111111111001111111110111111101101111111111111111111111111
1111111111101001111111111011101111011111111111111111111011111111111111111111111110111011111111111111
1111111111111110111111111011111011110111011101111111111111111101101011111101111111111101110111111101
1111111111111111101111101111111110111111110111111111111111111011111111011111101110111111011111111110
1111111111111011111111111111111111111111011111111111011101011111111111111111111011111111111101111111
0011111111111111111111111101111111111111111111111111111111111111111111101111111111110111111110111111
1111111101111111111111111110011111111101111111101111111111111101111011111110101110011111111011111111
1111101111111111111110101111111111111110111101111110011111111111111111111101111111010111111111111111
1111111111111011111111111110011111111111100111111111111111111111111111111111111111111110110111011111
1111111101111111111111111101011111111111110001111011110111111111111111111110111011101111110011111111
1110111111111111111101111101111111111111111111110111111111101111111111011111111111111011110111110111
1010111111110111011111101011111111101011001110111100111110100101111110110101111110001101111111010111
0101111111110111010111101111111111111111111111111111111111101111111111111111111111110111101111101111
1101011111110111111111111111111011111111111111110111111101111111111111111111101111110111111110111111
1111111111111101111111111011011111101111111111111111110110111111011111111111101111110111100111101001
1111111111111110011111111111100111111101111111111101010111111111111101011011111111111110110111111111
1111110111111101111111101111111101111111110111111111111111111010011111111111111111110111011111101111
1011111111111110111101111111111111011111111111111111111111011111111111111111111111110111110111111011
1111101111111111100111111101111111101111111111101111111111111110111111111011111111111111100111110111
0111110110111110111111111110111111110111111111111101111111111110111111111111111111101111101111111111
1101111111111111111011111111111011111110111101111111111111110111111111111111111011011111011111111111
1111101011111111101111111110111111011110111111111111111100000011111111111111110111111111111111011111
1111010111011111111111111111111011111111111011111111111101111111111111111110101111111111110111011111
1111111111101110111111111111111011111011011111111110111111111111111111111111011101111111111111111110
1111110111110111111111111111111111101111111011111111111111111111011011111111111111011111111111111111
1111111000011111111111111111111011101111110111011011111111111111111101111111111111111011111111111111
1111101111111111111111111111111111111111111111011111010111011111111111011111111111111111111110111111
1111111111011111110111011111111111011111111101111111111111111010001111111111111111111111111111111101
1101111111111111110111111011110011111111111100111111111101111100111110111001011011101111111111101111
1111111011111111111111111111111111111111111111111111111111111111111111111111110111111111111101011101
1110111111111011111111111111101101111111111011111101111111111111111111111110110111111111111111110111
1011111111111111111111101111111111111111111110101101110101111111111111111111111111111111101111101111
1111111110111110101111111111110111101101111111111111111111111111101110111011111011111111111111101011
0111110111111101100010111111111111011111111111111111111101111111111111101111111111100111111111111111
1111011111111111101111111111111111111111111001111111101011111111111111111011111111111111111111111111
1111111111011111111111101111111100111111111111110100111111111111111101111011111101011111110111111111
1111111111101111110111111111110111111100011111111111111111111111111101111111111111111011110111111111
0111111011111111111111111111111111111111111111111111111111111101111111111111101011111111111111111111
1110111110101011011111111111111110001111111111111111111111111110101111101111110111111101111111111111
1110011111111101111111111111111111110001101110111111111111111111101111111111111111111101111111111101
1111111111111111111111111110111111101111111111111001111111111111011111111101111011111111111111111111
1111111111111111111111111110111111111111111011111111101111011101110111111111111111101101111011111111
0011111111111111111111111111111111111111111101111101011111111110111111101111111101101111111110110010
1111111111011111011111111111111111110111111111111111111011111111110111111111111101111110111111110111
1111110111111111111011111111001110011111111111010110111111111111111111111111011111011111110101011111
0111111111111111111110111111111111100101111110111011011111011011111111111111111111111111110111110110
1011011111111111110111111111111101110111111111111011111111111110111111111011111111111111101111111111
1111111101111111111111111111111111111111111111111111010111110111111111011111111111111111111110111111
1101111111110110011111111111001111111111001111111111010111110011111111111011111111111111111100011011
0111111111110011111111011111111101111110111110110111110111111110111111111111111101011110111100111011
1111100111110111110110111010111111111111111111111111111111101101111111100111111111111111011111101111
1111111011111111111101111101111101001011110101111011110101111111111110111111111111111111111111111101
1101111111111111111111111111101111011111111111111111111111111111111111100111101111111111111111110111
1111111101010111011111111111110111111111111111111111110111111111111111111111111111110111111110111111
1111111110111101111111111111101111111111111111111111111111111111111111011111111111111111111101111101
1111111101101111111111111111111111111111011111111111111111101111111111111111111111111111110111111011
1111111111111111111111111111111111111111110111101111111111111111111111111110101111101101111011111111
1111111101010111111111111110111111111011111111111110111111111111110111111111111111111111111111101101
1111111111111111111111111100001111111111110001111111111101011110111111111111111111111110111111111111
1111111111111111111111111111111101111111111111111111111111111111111110111111111011110111010111111111
1111111111111111111010111111111111101111111111111111111111111011111111101111111111111101111110111101
0111111101111101110111111101011110111101011111111111111110111011111110111111101111111111111000101111
1011111111011111111111110110111110111111111111111111111011111111110101111111101111110111111111111111
1011111111111111011111111111111111111111101111111111110111111111111111111111111110111111011111111111
1101110111111111101111011111111111111101111101111101111111111111011111111111011111111111111111111111
1111111111011111111111110111111111111111111110111111111101111011110010111111111111011111111101111111
1011111110111110011111111111111011011010111111101111111111110111111111101011111100111111111111011111
1111110011111111111111011111110111101111111111111111111111011111111111111111111011011011101111111111
1110111110111111111101010111111111111111011111111110110111011111111101111111111111111111110111111111
1111111111111101111101011101110011111111111111111011011111111111111111011111111111111111011111111111
1111111011110111111111101111111110011111011111011111100111011011110111111110110111100111111111111111
1101111111111110111111111111111111110111111111111111111111111111111111111111111110101101111011111111
1101111111111111101111111111111111111111111111011111011011111111101111101111111111110111111111101111
1111111111111111011111101011111111111011111111111111111111111111111110010111111111111111110111111111
1111111011111111111111111111011111101101101111111111111111101111111111111100100111111100111111111111
1111011111011111111111111111111111111110011111111111111111111011011111011011111111111111111111011110
1110111111111111010111110110011011110111101111110011111111011011111011101111111111110111101111110111
1101111110111011111011101111111111111111111111111100111111111111111111111111110111011111110111111111
1111111111111111111110111111111111111111111101111111111111111111111111111111111111111111111111111111
1111101111111011011111111111110111111111111111111111111101111111110111011111111111111111111111011111
1111001111111111111111101111111111001111111111111111111111111111011111111111011011111110111111011111
1111110111111111011110111111111111111111111111111111111111111111111111111111011111111111110111111111
1111111111111111110111111111111111111111101111111111110111101111111011111111111111111110111111111101
1111111111111111011111101111110111111111101111111111111111111111111111111111111111111011111111110111
1111111111111111111111111011111110111011110001101111011111111111011111111111111111111111111110101101
1101111111111111111111111101111101111011111111111111111011100111101101111101011100111111111111111011
1111111111011111111101111111011111111111111111111111110111111111111111110111101111111111111111111101
358 336 384 168 189 200 90 85 