50
38
11110101110011111010011111110001101000
11010111101110011111110101001100010000
11100110001011101010110101111000010110
11010000111011101111110001100111011110
00110011111111010101011011110101110101
00111110100101100101111101011000001010
00011100010011111111001100111111111110
01110000110001010001101100011110100000
11110101111001010001010001110010100100
10100100111001101011111001110100001111
01001000010111101111111111101101100011
10010111111010010000000100111100110110
11110011011011110010010000100011101010
01111101011101101101110110001011110101
11101100011101000101111000011110111011
01000110100111010101011011011001011110
11011100011110000011000010111010110100
01010101001111011011111111001010101110
11111101001110100000000001111001100010
00101011101100010100111111111100101101
11111111111111010110010010010100101111
01010100101011011011110111111011011011
10001001110101101011100011110101101101
10110100100111100110110010110001011100
11101000100001110111111010011101011100
01101111010011001111100110010000011111
11110111010110101000111100010001110011
10000111001010101111101111111111001111
00011110110101011101111000110101111111
10001001011111110101111001000111111000
00011111001001111101111001110101011011
11111010101010101101010110111111111011
10111011101111101110001110110010011100
10101110101111111101011100101010100101
01001001010010101101000100010110110010
11100110110011000001101110100111011100
01001100011011011111001110111001111111
00011101010001101001001101111101110101
01101111110110101100110101000010011110
00011100111111010110001100000000111010
00100111110101110000101011110111110100
11000011011101111011001101100010110011
01110001010101011011111111101010111100
10101111101111101010111111011111111111
01101110101111110110011001101111110011
11001111101000110010100110100110111011
01101001111100111111111001000110111110
11111111011111001111011011011010010011
10101011111100111000101011000011101010
10111011110111000011110001111011011101
82 255 54 42 6 6 0 4 