50
38
11110010010111101000100010110111011111
01101111001111111100001111000011011011
11011001011010101011011001011011011100
10011100101110001010110111000100100100
10110111001011111110101010001011011011
11001001011001101101111111011010100100
10011111110101111111111001000101110101
10010000101001011111010111111100101110
00010010101111110011111110000110010011
00111000111010001111110111101011110110
00101101001001110110000101111010000111
10011010110000101011110010111101010000
00111011100010111111111011010101100000
00110111111110100011111110101100011100
11111011010101010000110101001000111010
01101001101111100111100001010000111000
01101011110100101000001101000111010011
10010101110101111011010101111001000100
01001111011011101100110101010010011110
00011011000111001100101011001000010111
10001111010111100011110011010000011111
10100111110011100110011111000010111001
01101100101010011011010111101010111111
10100000111000011101011011011110111001
11111110100111011100000100101111011100
00101110010101110110011100111010011111
01111001100011000110110110110100001101
10111110001001111100001100101110000001
11000110010110000111111110001111001110
11010100101101001101101101111101111111
11100100001111011010111111111100001011
01110011000111000010011110011111011101
10110110111100101010010110010110110001
10010001111000000110110111100111010110
01100000110110101011001101111011111111
00111100111110010111111111100101010010
00111101111010111010011011001011101111
10110100101111111011111101010110100001
01111100011110001010000101111010101011
10110101111011100110101000011111001101
01000110111101111010011101101010110111
00011101010111000100110111010001000011
10110011111111100111111110001010101010
11101000110011111010110100101100110000
11011001011111101110101110011011011101
10100111111110100010010111101001110101
10001101111101110111011001010111100111
00111101100011101011001001101111001101
00110101011110110011001111010011111001
00010000110111110010011110010000010011
42 135 27 14 4 3 0 8 