50
38
00000000001001000000000001001000000010
00000000000000000000001010100001010010
00010000001010000100000001000000001000
00000000001000000110000101100001000000
10010001010000001001001000010000000100
01001110100000000000001110100000000000
00000000000110010100000000000001000110
00010010010000010001011010000001001000
00010000000110000000001010000000000000
00000000000000001001101100000001000000
00000010001100000001000011001000000100
00000000101000000010000100000010010000
00000000100000100000010000001000000010
00101000000000010001010000000100000000
00000010010100000010000000100001000100
00000001101000010000100011000000000000
00010001000100110011000110000000100010
00100001000100010000000000010000101100
01000000010100010010000000010001110000
11000000110000000100000010101000000000
01011001000001000100101000100000010010
00000000001001100000000001000000001100
01100101000010000000000101010110000000
00010101001000000000010000001000101000
00000001100000000010000000100001000100
01000000010001000001101000001010010110
00000100000100000100010000110000010000
00000010000010000000011010110000010000
00000000110000001000000000000000000000
01000101010110000000101000010100000110
00000000110110000001000001000001010010
00010001000010000000000000000001000000
10100000000000010100100011001000000000
00110000010000000000000010100000001001
00001000000010000010000001001001000001
01000000011010000100000000000000000000
01100000000010010100000001000000000010
01000000010100000100000010000000000000
00000000000000000000000010100001000100
01101001000001111000000100010000000000
00000110001001000100001000000000001000
00100001000000000100001100000000100000
00001000000010000110001000110000000001
00000001000000001000000100000000100001
00001110000001000100010000000000011010
00100000000100100001000001001100001000
00000011010000100110000100000011101011
10101000000010000000010000100110000100
00000000110000100000100101001000000011
00000001101000100000000100000001000100
18 87 18 4 0 0 0 0 