50
38
11101100111011110111100011111001000011
01111001101111100101010101000000110111
11001110100111111110100010111101110111
10111001001111011100011111001001011110
10001000000111110111011011110111011110
01100111111111100011100111010101110111
01111111001011111111011001100100011011
11111101110010111010111111101110001100
01110011111110111010101111111111111000
11010111100111011011110110111101000100
10000101000110111100101011010110110000
10000100101111011001011101110101111110
11111111101111111111111001101001011001
00011000001100011001111101110011011111
11001011011100110111011110000111000111
01010111111111111110101010010011101110
01111110011010110010011100100000000101
00011101101001100111000111101110010000
01010111100101001101110100100011110100
10010111011011111011100111111100010010
11111011010111011101110111111011001111
10100011011110011011111110001111011010
01010111111101100001011010001010011011
10101111101010111001110110010001111111
11010001111010101010101110110001011110
11111111111011101110111011000111111101
11111010110000110000111001100000110110
00101001101111010011011100010101111001
01001000010100111011011110111101111101
11010101111101010110110101111011011011
00100101100011110010110110101011000101
00101100100011101111010111101001001011
00101011110110111100100001111011100101
01111111110100101101111111101111111111
01001010100100101011111100011101101111
01010011110110010111111110111100110000
10101011111011111000001110001100001000
01111011001110111100111000110101111111
10011111010110000101101111000011101100
10100101010001001111011001011101100000
11010111101111101110111011011101111111
11101101110001100010010010110100010001
10111110011111100111010001101111110111
10001101011011000111111100111111010111
01011011110101011100011001100011111011
11111001011011111000010110111010011000
10111011100110011110110100111001010011
00001010101010110110111111111001111001
11101010000100100111101110110010111011
10111011000110100001111110010011011101
41 95 10 10 4 2 0 2 