50
38
11001001101111011011010111101000111110
11111101010111111001111101111110101000
01111001011111000111111101000011010001
10001010001111101101110011101101100101
11011111101011110000100111111011000010
11111100000000100001100011010110100001
10110010110000001110011100111110100101
10001011010100010100110100111000011000
01101011111101000111000011001011001001
11011111111100000101101110110010011100
10110101111110010011111100011110011101
00111010110110101011111001101111110111
11111111010010011110111110111011010111
11110101111011001100010101001000010010
11110001111010111101111100101011011011
11111101101101111110010001011001001100
10100100111111111001011011111101101011
10111001111100000100000101110110110011
10101111110111111001000001000101011001
01111011101100111000000111100011111111
01001111011111111011110100110110000001
01110001111011111001111101001010111001
00011101111111101101111001010101101111
01101001001111011111010111101101101101
00110111110111011100000111000100011110
00011110011000101011001010111111001100
11010011010111011111011011001100010111
11100111001110111011000111011111011110
11110011010011001101010101111101101111
10100110111111011001011101101010111101
01011111001001111100111110111011010101
11110101011101111011111001001001110101
11111101000101111001011111110100000111
11100010110100000010010001010111011111
11111011011111010011010111111100001011
01011111110010001111110011001010111111
00101011000011110111100001111101011100
11111110101110011101101011011011110011
11111110100110111011101101111001110111
11000011101010101110011011110000101001
11000101010011001101000111111010010111
01111001110011110101111111101101000100
10101111111011101100100111011010111100
11011110100110000100101101111111000100
00110110011101010101111100101011101110
00101010101111110110111010111000001101
00011011101011011001100111100100111001
10101101101011011110100111011001100101
10111001011011110110101010011110111111
11011111111011000111110111010011101111
84 221 47 15 8 0 0 6 