50
38
10000111101111011010111010011011111111
01001101111110101011111111110110111101
11101111110111110110111111111111111001
11111111100111011111011110101111101111
11100111111001100111100111111011001111
01011111111111111001111111111111001111
11111111110111011101110111111111111101
11011111111101101111111111110111111111
11111111111110111101101111111111101111
01111101110101101110110111110110011111
11111111111110111011111101111110001111
11111110111111111110011111111100111111
11010101111111011111111111011111011011
10111101111111111000101101011111010111
11010111111111101111101011011111110111
01111010111111111110111111111010011101
11111110011111011110011111011111110101
11111100110001111001111111011010001110
11111011111100111100101011101011111111
11111011101111101111111111001011111110
11011110101111011110111111111011111011
11111011101111011111111111011111011011
10101011111111010110101111110101010111
11011101100111111011111011101111100111
11011100111111111011111100101100111110
01011101010111011111110111111011010011
11101111111101111101111011101110111110
10111111111111100011011111111111011110
11101110011111011011111111111101100111
11111010111111101111011010011111011110
00011111101111111111011110010111111110
11110110111101111011111111110111111111
11110111111000101111111001111101011111
01111101111110110011111111011111011101
11011110101101001010011011111111100111
11011111111111110101001111011111111111
11010010111111110001111110011111111101
01111011011110111101001111111111011010
11111001111010101111101101111111111111
10001111111111111111101111101011111110
10011010111110111111101111011111101111
11110011111010101101111101111110111011
01111110110011111111100111111111111111
11111110111111101111111101110101011101
01111111101101111111111111001111111111
11111111111111101011100111101110010101
11010111111110111101101111111101111111
11111111111111011011011011111011101111
11111100111110111111111111111011101111
00111111101101110111101111101111011101
40 124 22 9 6 4 0 1 