50
38
10101001110000000000100001101001011101
00000011000011111110010000000000010101
00000101000100100000010001110000100101
10001000110001101110110001011010000100
10110001011100001010000100001000100000
11101111100111011010011010110101001001
00010010000110001010001100100001000100
00000011001000001010001000101000010010
00001100010100011101111100000000000011
11100100101101000110001000001011101101
10011000001110000111101000001001110000
11110100011101110110001000000010010010
10000000001110000101000110101100100100
11101001100001001110010001100010001100
11100011100100000111011000111001110110
11010001000100111010000100110000110110
11001110000100110111100100111001001000
00010000000111100010010000111000100000
01010011000110000010001110000000000011
01001001100010001011001111100000000000
11010110010000011000100101100010111101
10111010001000101100110000111000010010
01000101001000000101100000110001010100
11000110100000010000100001111001011000
11111001010101010001000001010110110100
00010010000000000001100110100100000011
01101000000110111111000111011000001011
01110000010001011101000010011000111010
11000001100011000111110000001011001111
00100111001110110010000110000000100100
10001000000000011110111101001100101010
01011001101011100010100101010011100100
01010001100010000011010000000101000000
10110010001001101000100100010100110000
11101010100000111010101110101000001000
00000100110100001110000011000001011100
00111000000000010011100010101100110001
01101101011111100000011000010011001110
01001010010000101110000110101101100100
11100011011111010111100010010000100011
01101010000010010111100000100010000111
00010001101000000100101000010100100000
00011001000001110100000001101000000010
01000011010100101001101010011011110000
11000000101111100011001111010000001100
11101000001010010000101010100010110100
10000100110101110010011111010000000011
00011000100011100011110110011101011001
10011101101010100110111011100000011000
10100000101101110001010001011101100010
27 111 21 16 0 1 0 0 