50
38
10111111111110110111111011111111110101
10011111111011011101111111001111111111
10110111011111111110111110111101110111
01111101111111101110111101111011100011
00100111110111011111110111110011111110
11001111111111111011011101111011111111
11110111111111111111101110111111010111
01111011100010001111111011011111111111
11111101011111001000111111110111111101
11111100101111111110101110111011101101
11111111001101011011111111000111010111
01111010111111111110011011111101011011
11111111111111111011111111101011111111
11011110111010101101111101111111101100
11001111111101111111111111110001111001
01101111111101111001111011101110111111
11101111111111011111111111111110101111
11101111100111111111111111111101111011
11111011111111111111111111110111011000
11111110111111111110101011111111011011
10111111111111111101111101110110110001
00111111101101111110101101010011010111
11111111111111000110011111101111111111
11111111111111111111100111111111111111
11101011111111110110010111101111111100
11010111111011101111010001111100110111
00111111111011111111111111111111111111
11111111111111111111111111111100111111
11111111101100111111111011110111101001
11011111011101111111110111111011111110
11111100101111110110111111111111111001
11100111111010011110111111111001011111
11101011101101111010110111111111111101
01111101110111111111101001101110101111
00110101011111111111111111111111011110
11101100011100111111101111111011101111
01111111111111010101111111111011111111
11011110111111101111101111110111011101
11011111001011101111010110111111101110
11011011101111111001011011111111111111
11110111100111101111011111001110111101
11111111011101100111111011111110100110
10111111111101111111111111111110101111
11111001111111100111111101111111101101
11110110111110111111111111101111101111
11110011011111111111011111111111111111
00101111111110111111011111110111111111
00111111011101111011111111011111101111
11111110110101011111111111011111000101
11111111111101111111111011110111001110
48 132 20 8 3 2 0 4 