50
38
01010000000000001000000100000000000111
10000000100000000000000100001000001010
00000000000110010000100100100101000001
00101000000100010000111000100001000000
11000000000000001001000000000000000000
00101100000001000000000000100010000001
10000000000010000011010000000100000010
00000001000000000001110000000001000000
00010000001000100000001100000000000000
11000000000100110000000000010000101001
00000001001010101000001000000000000000
00001010010000010010000100000100001000
00000010001100000001000000000000000001
00000000000010000000100000010000100000
01100100000000000000100001001000000000
00000100010010100001001100111100100100
00011000000000010010010001000000100000
00000100010000001010000011011000100000
00011000001000000000100010000000000110
01010000000001000010000000000000000100
00010010000000000000000000000000100000
00001000000001000100000100001000100010
00000001001011000000010100000010101000
00000101100000110000001100010000000000
00010000000000000000000101010001010010
00000000000001000000000100000000000000
00000000001000000001101000000011000000
10010000000100000000000010000001001100
00000000011001000000100001000000000000
00000011000000010000001000011001101000
01000000111000000000000011001001000000
01101100010101010011010000010010000001
00000000010100000000100000000001110001
00011000000000001011000001100000101000
11010101000000100001000110010001000111
11000000000100010000000000001101000001
10011000000000000001011010010010000001
00000000100000000000011100000000001100
00000100000010000100001100000100000001
01100010010100000011000001010000100011
00010000000010000000101000010000000000
01101010000010000000000000100001000000
10100010000001001000100000100000010000
10000000010011100000100010010000000100
00000100000000001001000000011000000000
01000001010010000000000001000000000001
01001000001010010000000101001011010011
00000000001010000000000100000000000101
00100011000000000010010000000000000000
00000000001001000010001100000010000010
12 40 2 3 0 0 0 0 