50
38
11101010001110101101010011001110111001
11101110111000101001111111010001011010
11001001011101000101011110110000010101
00010111000011011111101111000010100111
00110101110011101101001111101011011101
00010100111111110000010111101101110001
01110000100100111111010101111001111010
01100100010111111000101110010101110111
01011111110110110011101101111111111110
10111110111101110100000111100110101001
01010111010011101101011110001111101101
01011111101111111110101100101010111101
01001001111001001111110110000001011111
01101110101100000101011011001001011100
11110100011101110100100111000011100110
10110010001111001001111101111100111101
11100110100000010011111111100011100110
00001010101100110010111001100110110111
10001111110011001001101100001101011011
10101111111111111101001001011110111001
11110001101110100011011011100100110101
10101100111100110011010011111100011010
01000111111101011111010011011111001111
00001110111011000111011101101111111100
00111100101000011011010111111111111110
10101110011101000001001111101110100001
00010101111111110101000010100100101110
11100010111011110011100111111111001011
10110111011111111111100010010111110010
11011110111101011001000001100011110100
11101101111101001111011010001001111101
01011101100111001101011001100111011000
10100011110110110111011011010101111000
01110000101110111111010101100110010100
01011000110000000101011110010101111000
11010000101010111101101101101101001011
11001111011101001101000111110001101100
00110001111101111000001110011001011010
11100101111011111111110011011000001010
00000111101100001010110011111000100000
11101011111000111110100010010110000111
01110101100101010001100100000100011111
11011101110111111101110010101110111000
11001011111111100101101011111101101111
10010100101111011001000001101100100101
11111011100101111111111111101100111101
10010110110101111001111111001101101011
11111011011101101000011000100001110110
10000011010110101110010111111010000101
00101100001110111111100011111111110110
73 194 42 16 10 4 0 8 