50
38
00110110001110100000100001001010000100
01001000000001011110001100000000011000
01010100111000001001001010010000000011
10001010110110101000000011010101110001
01110011010101101000010101001111000100
00011110001001100110000100101010100000
00000000100110000000000100010001010110
10011001001110011100001010000000010001
00100111111011010010100010101010001110
01110001100001001010100111001011010101
10100101011001001100010101001110111001
00011110001111000100100100010010100010
00000000101111110110000110000110100010
00000001001010001100110101011000001000
00111111010011001100100000000110100001
01010100000000010110011001011111101010
00001000000000011101000110101111100100
11000100110101101101111000001111110000
10100001110111101000000100011001001000
01000001110010100010001011010010000000
11000010000000100000000011000000100101
11110101000101000100100001000110101100
10001011000010110000010001000110011000
01100000001111100000000101010011001000
11110110010010111011100110000001000010
01100111100100001011100101000100111011
11001111000000001000001011110101011000
00010000000000111100100010100110011111
00011001001010101000100001111010110000
10001101110100100111000000001110011101
01111110011101000111000101000111000100
01101100110100000001011000010011011111
10010111110100000110000110001010110010
00110011001010101000001100000110000001
10010000010011010111000100111111000000
10000010010110011000101001000011001101
11010110010001010000011000010101001111
11111000011101100100101010001000011110
00001111101001010000011011101111001000
00000000011010001011100101010000100001
10100100000011011100100110100011110101
01000101001010100010010000000001010110
00101110101110000100000001110010011011
00110110000110001100100000100001110100
00010000000011001111001100010100100010
00111100000010011100001001100010000111
00101100001010011010010011000000110101
11001110100011001010100000100001100100
10110000000011011001010010001110010101
11000001111110110001100001110001011000
32 121 25 5 2 1 0 0 