50
38
01100101000001000001100001000000100001
00100000001000000000000000001000000010
10010001000100010000001000000000101000
10101000100001000100010000000001000000
00001100100000010000110100100001010010
10001000000010000000000000000000000000
01011000000010100000100000100000000000
00000000001010010001011001111000000010
00000010010000000000000000001000000000
00000000101000001010001010000001101000
00000000000001000000000001100000100100
00001100100001010000000011010010000000
00010001000000100001000001000001100000
01000000010110010000001010110000100000
10010000001000000010000000010011000001
00010000011001000010000000000000001000
10000001010000010000000000100100001000
10000000010110010000110000000000000001
00001001100010000100000000000000000001
01000000000100000001001001001011001000
00000001000000100100111000100010001001
10100000010011100000100000100001010000
01001010001001010010000001000000100000
00000000000100000101101010101000000110
10001001000100000000100011010000001111
10000001000001001000000000100000001000
00000000000100010010000000100000000111
00110000001100010000000000000000100000
10000000000110010001000000000011000000
00000100010000000000000000101000000000
00000001000100001000001000001001000000
00001000100100011000001000000100100100
00000111000000001010000001000010000100
01011000001010000000100000000001000001
00000010000100110001000010101100010100
10001100001000000010001000000001000001
00000010000001010000001010010000000000
00000000110000000010101000000000000001
00000010010100000000000000001100000000
00000010101000000001000010000000100000
10000010100000000010010000000000000000
00000000010110100010000000100011110100
00001100000000000101000100000001000000
01000001000000000000010001100000000011
01101110000000100000000010101100000010
10100010010000000000000000000010001011
10010000001001010010000010000001000100
10100000000100000100100000000000000000
00000010100101001010100001100100000000
00000000001000001000101010010000001001
19 37 6 1 0 0 0 0 