50
38
11111111111111111111111111111111111111
11111111111111111111111111111111111111
11111111111111111111111111111111111111
11111111111111111111111111111111111111
11111111111111111111111111111111111111
11111111111111111111111111111111111111
11111111111111111111111111111111111111
11111111111111111111111111111111111111
11111111111111111111111111111111111111
11111111111111111111111111111111111111
11111111111111111111111111111111111111
11111111111111111111111111111111111111
11111111111111111111111111111111111111
11111111111111111111111111111111111111
11111111111111111111111111111111111111
11111111111111111111111111111111111111
11111111111111111111111111111111111111
11111111111111111111111111111111111111
11111111111111111111111111111111111111
11111111111111111111111111111111111111
11111111111111111111111111111111111111
11111111111111111111111111111111111111
11111111111111111111111111111111111111
11111111111111111111111111111111111111
11111111111111111111111111111111111111
11111111111111111111111111111111111111
11111111111111111111111111111111111111
11111111111111111111111111111111111111
11111111111111111111111111111111111111
11111111111111111111111111111111111111
11111111111111111111111111111111111111
11111111111111111111111111111111111111
11111111111111111111111111111111111111
11111111111111111111111111111111111111
11111111111111111111111111111111111111
11111111111111111111111111111111111111
11111111111111111111111111111111111111
11111111111111111111111111111111111111
11111111111111111111111111111111111111
11111111111111111111111111111111111111
11111111111111111111111111111111111111
11111111111111111111111111111111111111
11111111111111111111111111111111111111
11111111111111111111111111111111111111
11111111111111111111111111111111111111
11111111111111111111111111111111111111
11111111111111111111111111111111111111
11111111111111111111111111111111111111
11111111111111111111111111111111111111
11111111111111111111111111111111111111
110 380 66 26 12 3 0 10 