50
38
11011111101011011111111101011111111111
01111001011110111001101110011100111111
11111111111111101000111101010111111111
10101111101111111111111101101010111010
11111111011110111111111111111011111100
11100111001111111101110111111111101111
10111111110011111111111101111111111110
10101111111110111110101011111101010110
01011111111111111101111111111110011111
01111111111110111110110011111001111111
01111111110111111110111010110011111111
01111100101111011110110011110111111100
11100110111111110111111111111111111111
00011101100010010111101111111111010101
10111101101011111011111111011010011101
11111111111111111111111111101111111110
11111111111111111111111101011101111111
11111110110101011111111111111111111111
10011111111111110111011000111111101110
10110110111011111001111101110100111110
11111110111111111110111111110111110111
11110011111111011101111110010111111111
11111111111011111110011111111111101111
11111000110110111111011010011101101111
11101111111110011001110111110111111111
11101000111101111111111111111111011011
11011111111111110001001111110111111011
11110101111111101111111111101101111111
11111110101111111110110111101111111110
11101111110111111011011001110010001011
10111011010101111111110111111111111111
00101111111110110111111111111111110110
11100101111111111111111110111111001011
11110101011111111111111111111100110111
11010111111111110011110110110111110111
11110110111111111111011111011101111011
10001110110101011011100111111111111110
11111011111101111001010111111111111111
01111101111111011101111110001110111110
11011101111011111111111110011011100111
11011111110111011011111011110111111111
11111111111111110111110111110101110111
01111111111111110111110111111111111111
10011100011111110111111111111111111111
11111111011110111000110111111111101111
11111111111111110011111111110110111110
11101010101011111111011111111101011110
10101111111101101111101111100011101101
11111101111011001101111110111111111111
10011010111110101111001011100111111111
69 207 34 22 3 3 0 8 