50
38
11011000111001011110101111001101111001
11110000111011011010110100011111111011
11011010110011110111011100111001011101
01010110011111111011110011101100100111
10111110011101010111111110101111111110
01010001011011000111101111010101010011
10100111111110110111111101110111110011
11001110111100110101111111000011100010
01001111010101010110011111011111111011
00111101110101111011010101110011111110
10100101000111011011001101111001101110
10101101010000100101110011001110011111
11111011111100101011010101101100111111
11110110000101011011111110011101101000
10000010001111110001001100111111101011
01111110100000010111010101000011101010
00011111011011010001011001111011001111
11010110101011111001110101101110011011
01111011111111011110010011101110110111
11111011001101110000110110100011000101
11010001010110010000111010111011101001
11001101111101110111011011111000110110
10001111100001100010011100001101111001
01110101111100010111010101011111101101
01011011111110100011001111101111111010
11000110111100001011000011010011110000
10111101101110001001100110111110001000
00010001110101110000100011110110110101
00100111100111111010000011110100100000
11011001111101111011001101111011011011
11001101110000011100110011010010111110
10010111101011110100011011011111001000
00101101011111010011011111011100001011
01001110110011111011111001100100100111
01110011111101111101110100101001011110
11111010111001000100110101110011110101
01001001111011011101110101011110111110
10110110011100000101100110110100010101
01001010010001001101111010110101110111
11100010010011110000001110111111100110
00100110001101110110111111100011101111
00011010111011111101010011110110000111
00101111110010101110101010101011011000
00111111100111000010011111111110111100
00110101101110101010111001011110010110
11011111011111100101011001111111011011
01101101110101110100101101111100011100
01101111011011111011010010010000011101
01110101111011111110100110101010010010
10100010101010001011010001111001001110
37 152 32 11 8 0 0 7 