50
38
01110111101111011011010101111111100110
11111111111100111011111101111111101100
11010001111111011111111110111111111110
00111101110111101011110110001111111111
10111101111101101101101100101011101011
01111111111111100111110111111111110110
11011111101111111011011101010111011101
01101110011111111110110111101111111111
11110111111111110111111111101111011111
10101110111011110101111110001111110111
11110111111011011011111101111101111111
11111011111101111111111111111101111111
11111111111100110011100110000111111111
11111111011101110111111110111111110111
11111111001010111111111101111100101101
11111100110111111101110101110001111111
11111111111011110011111011110111111111
10110010011110111101001100011110101011
01111011011111011101111110011011111111
01011111111111110111011111110111011111
01111111111111111111111011110111101111
11111111001110111110111101111111101001
00011101011111011101011001010111111111
11111111101011111001101111011101110111
00111111110011101111111111111110110111
00101111100100111101110111111110111011
11100111111101101101111111111111111111
11110111110111111111111110101111101111
11011011111110110110111011100000111111
11111111111011110001111111001001101111
11111000111111011111111111101001111011
11111111010111011111111110110011111111
11110111110101111101111000101111110111
00010111111111111011111111111111011111
11111101011111110111001111111111111111
11111111111111101111011011110101011110
11111101111111111011001111111011110111
11111110011111011111111111101111111111
11111111111111101101101111111111101111
10111110011111111111111111111110110100
11011111110111111010001001100111100111
01111111111110111011110111111111101101
10111101011111100011111100101110111111
11101111111111011111100011110111111011
11111001111100110101111111111110111111
11101000111111110010111011011111111011
11010101001110111101111010111110011001
11101101111110010111111111111011011111
11101011111011111111101111011110000111
11110111011101111110101111111011011110
72 201 42 18 5 3 0 5 