50
38
01000001100001010110110100010010101000
01010000100010110100000101000000011101
00010000101101110101011000100110001100
11000111010001110100100000100010011001
11100100000001110010001010010011000000
00100000001100000001001100001100111010
00000000110000001000101101100010100010
10100000000001010110100011101000111010
11001110000010110110010000000100011010
11100011001010000000101000000110011011
11111011110001100100110001001100000010
01101000010000000000001100011000100010
00110010100101001110101111001110000010
00001001101000100000000001010011001010
11110011000111001000001101110001011000
10000110000011100010000000100010000100
00110011111000111010110101111000101011
01100010010001101001001010000110011000
10001000110100001000000001010011001110
10000001110011100000000010010110100010
01001110000011100101101100001011011000
01000010111000001110010101011010110101
01011100010000000001100011001100010010
00000100011100110010100100011111110010
01010001100100101000000001100010111000
10001001111000001010011101100100000010
01101101000101000101010101010010111000
11011100001000011110100001110101011111
00010001010111111001000110100000000110
10110110100000101000000000010001001111
01000000010110110111000010011000001111
10000100110001010100000000100000000000
00110001000000101001111111111000101101
10000000010010000010100100010001011100
00010110000000000110111000000010001000
00100010100000100100010010001000001001
00000101000011010110010001001010000010
00000010100110100010000000101111110001
10000100001110010001100010110010101000
00110111100000111110100010010000100001
10100010010011001110001011000010000101
00010111001000000010100000110100001101
00000110111001010001010000000101101001
00100101011101001001101000000011001000
10111010000001010110001100000001101001
00000011100010110100110111000000001000
01010111001110101110010111111010010101
00111001100011100100000001011001000010
01001011000100000110101011010101001001
01001011100100100110000110111100011000
54 185 31 13 3 3 0 7 