50
38
00011000011010010110000011010100011001
00100011010000000001000010100110100010
11001010101000100011010101100000011100
00111110100000100000111001101001101001
01111110011101001011101000000110000010
10000000100011110101100001101101000010
01000011000011001111001000010001011011
00011011100011110010001100000000011000
11001110010000000011100000000111001010
11010011101110010000001001010001001101
01000111001110100001101100000100100001
00010101010010101111101110110011101101
01001101010000011100101011010111000010
11110011100001101100000000101010100001
10010110110000010101001100010100100000
01001011111011011001110111001000100001
10000001001001100100001001100100100000
01111001010101000110110010000000110011
11101001001000100000110110001010001000
00000000010010010110011000001000000110
00000000111010001100110011010000010000
00110010010011100000110101101000101111
11010001101101101101010110100000010000
11100010100010010011101000000010100000
11100011110111000000111000000110011000
11001110001001000101010100010110001101
11010111100101001110110000000010110000
00101001010111011010101001000010001001
00001010110010101101100011010000011100
00100100000100000001101001000100010000
00100100101011100010101000000101101111
00010010001000011100000000001000100111
01100000011001110111000000011010101100
00001011100010010000000001110111100011
10101010010011101000111010000010010111
00000001111001100000000000000111101010
01001010110101000100111101001111110000
11100011101001101000100111101011001100
00111001100101001000011001100001001001
00000010101110011010010011000111001101
11010100100101010001110000010100010100
11001011111001000011001011101001001101
00001001101100101000110011001000000010
10011100011111011101110100000011100010
10010110100100100000101000010100001011
00000010000000000100010000000000001000
10101001110100111111001001100011001100
10100001110010000011110101100001100000
00111111010001001000000011000101000100
11101101101001010010001000001010011100
57 180 28 7 0 2 0 0 