50
38
11101111111110111111010111111111101101
01111101111111111111111011010011010111
10011011110011011111010111111110110111
11111010111111111111010101111101011111
11111110100001111011111010111110101011
11111111111111011101111111111111110111
01101110111001111101110111111111111100
11101011111111011111111101110111111001
11111101111111101111100111011111111011
11111111111111111001011111111011101110
11111111111101111111101110010111111011
11111101111111111110101000111101001101
01111111011111101111111111111101101111
11001111111110111111111011011111111111
11111000111110010001001111111010111001
11001100111011111111111100101011111101
11101111111111111011001011011110111111
11111101111101111111111111111111011011
11011111101111110101110010111111111000
11000110111101111110111111011110111101
01011111011101110111111011110110111011
11111011110111111110111101111111110011
11111111111111100001110111111101111111
11111110011111111100011111110111111111
11101111111110011111011111111101110101
11111111111111001111111101111111001111
11011111110101111111010111111101110111
10111110111101111101101111111011110011
10111111011010111110110011101111111011
11101111110111101111101111111110111111
11110110111111011111111101011111001111
11110101111110011111111101110110011111
10110100111011111101110111110111111111
11111111111111111111111111111110111101
11011010111110111110011110111101111100
11111111011111101011111101110110100111
01111111110101110110011111111110111001
01111111111111011111111111111111101111
10111111111011011010111010100101101111
11111111110111101011111011111111110111
11111011111111110111110111011111111011
11111111100011001111111111000001101111
01111110111011111110111000101110110111
11111101101111111111111111110011110111
11010011111001111111111111111101101110
11011111110101101111111111111010110011
11001111110110111110111111001011011110
11111101111111011101010101110101011101
11110110111011011110101110111110110101
11111001111111111110111111111111111111
108 376 70 28 9 6 0 14 