50
38
01110111010100111100110111111011111110
00011001100000101111111111011010100111
11110001111100111111101001111110011111
01011000000111011100111001111100100101
00110110001110101101001110110110011111
10111111010010101010001100010111111110
01000010001000011100111010011110100111
01110111101010010111001111011110111110
01100011000010101101111111110001110101
10011101111110011101101110111011001011
10010010110110001001110101111001100011
11111110001011010011101101101111010110
10110111101111101001011000101110001111
11101000111010111011000100001100100011
11110000011111011000110101011111110110
11111100010010101011111101011101101100
01110110101110111000101000111110101000
00110110001111100010111001111001111011
00011111111101001100101111000001111110
10110111101110001111001101110000111111
00010110110111111100011011110010111100
01010101001001011110111001011001110011
00100011111011110110110010111011011100
11001111001101010101000100011011111101
01110001111001011101100111111100101000
10111111000111011111001011101010010101
11111100101011101111000011110110001101
00100011011101011110100100101011011011
10100111010010101001111111111011010101
10001100101100001100110110011001011101
11011101110101111011100101111001100000
11100100110111111000010011110110111001
10010101110011100101100010001111101100
01111110100001000111010010110111101111
10010000111111101111111111101110101101
01101110011010110111111010011111101101
11110111111110101011101011111101010111
01011101010101111011011011010101011011
00010111100100011110111011111101111000
00101111001011111010011110110111110100
11111000001101110011101100110111100011
11101010011110110010010101110001010111
11011110111001000111101010010101101110
00101100011010000011010111111110111001
11101111100111001111011111100111000111
00101110100110000001101110111011110101
01111111011111101111000111011111100101
01101101010011011000101111111111101100
11011100100010110110010011100011110111
01001110110110111111101111110101111010
38 97 11 2 5 2 0 5 