50
38
11111010011111111101111011001111100111
00111101101111100101111111111111011100
11101111111111111101111001101111011111
11111110110111111011110110111111110101
11111111110111110111110011010111110100
11111110101111111111111110111111100101
10111111111111111111101101111111111000
01111110111010101101111111111001111100
10011110101110011111011111111111111111
11111011011111111011111111111110111011
11100111110111111101111111111111111110
11111111110100111111111111111110011111
11111011111111111111111011111111111111
11011011011111111111111111111111111110
11111111111110111010111111111111110111
01110101010110111111111111111100111101
11001111101111101110111111111101111111
11011111010011111111011011011111111001
10111101011111101011111111111001100101
11110011111110111011111111110110111111
11111111111111010101111110111111110111
01101110011111111111101110111010101111
01101110101101111011111111101101111101
11101111111011111110111111110101111101
11001011111111010011111110111111100011
11001111110110110101110111110101111110
10111111111100101101111110011001110111
00100111111111111111111111110111111011
11111111110111111111100101100001110011
01111011011111110110111111011001111111
10111110111111111111101111011111101111
00111111011111101000111111101011111010
00100010100111111111111111111111111110
11111111110100101101001111110111100111
11101100101110101111111111111001110111
11100011101001111011101111101101101111
00101111111111111111111110111111101111
11011110101110111111011110111011111111
10001011001111101111111111111110111111
11011111111111110111110001111100111101
11000111011111011101110111111111111101
11100111111101111111000111001111111011
01111111111110101111101101111111110110
11111111110110111111101000111011111110
11111010111110011110001111010101010101
11100111111111110111111111011011101111
01110111101111111110111101111110111110
01110111111111111011011111111101101111
11011111111111111111011101111111111011
10001111111100011101111011111111101110
81 278 45 23 13 8 0 11 