50
38
11111111111111111111111111111111111111
11111111111111111111111111111111111111
11111111111111111111111111111111111111
11111111111111111111111111111111111111
11111111111111111111111111111111111111
11111111111111111111111111111111111111
11111111111111111111111111111111111111
11111111111111111111111111111111111111
11111111111111111111111111111111111111
11111111111111111111111111111111111111
11111111111111111111111111111111111111
11111111111111111111111111111111111111
11111111111111111111111111111111111111
11111111111111111111111111111111111111
11111111111111111111111111111111111111
11111111111111111111111111111111111111
11111111111111111111111111111111111111
11111111111111111111111111111111111111
11111111111111111111111111111111111111
11111111111111111111111111111111111111
11111111111111111111111111111111111111
11111111111111111111111111111111111111
11111111111111111111111111111111111111
11111111111111111111111111111111111111
11111111111111111111111111111111111111
11111111111111111111111111111111111111
11111111111111111111111111111111111111
11111111111111111111111111111111111111
11111111111111111111111111111111111111
11111111111111111111111111111111111111
11111111111111111111111111111111111111
11111111111111111111111111111111111111
11111111111111111111111111111111111111
11111111111111111111111111111111111111
11111111111111111111111111111111111111
11111111111111111111111111111111111111
11111111111111111111111111111111111111
11111111111111111111111111111111111111
11111111111111111111111111111111111111
11111111111111111111111111111111111111
11111111111111111111111111111111111111
11111111111111111111111111111111111111
11111111111111111111111111111111111111
11111111111111111111111111111111111111
11111111111111111111111111111111111111
11111111111111111111111111111111111111
11111111111111111111111111111111111111
11111111111111111111111111111111111111
11111111111111111111111111111111111111
11111111111111111111111111111111111111
78 269 46 19 4 6 0 8 