50
38
01011000010111001101101111001110010010
01011001111111010110101100011100101111
01111111010001011011110110001011110011
10001111010111000111100110101010110100
11111000000000101001111110111110110101
00001100100101111011010011110110101000
01101001110010110110001000100010111111
11001001110111011010111111111011110010
11101011010110101010110011110111001111
00110100100111100111101100101111111101
01101101101110011011111100011011101000
01011111100110001111111001110001001001
11100110001101101101011101111010101100
11010001001101001100101111101111111100
10011011111111101110011001100000101000
01101011110110100111110010001011100110
01011101110111111101110101101111110111
01110000000111110110011100000001000111
10100000000111010111011010101111110101
10101000010010111110111010111111110100
10101011111111010011010110111001110100
00111100001011110001110001101010100000
00111111001011010111110101110100000010
01111100111111111110101010010010111100
10101001010111101110101001011101001100
01111101101001100111111011101111101111
10110101101101000001111011001001011011
11010010101111101010110111001110101000
11111111100011111000010111111111101010
01111000011111011010111010111110111001
10110001011010010010101101101001000110
00100111110101111101001111111101010110
11111000111101110110111000000101011111
11111110111110111100101111110101100011
11111001001110011000111110100011011111
01010011001010101000000111101111000111
00000000101001001011001111101110011100
01110110000110101111111010011111010111
01011110110001000110100110110111000110
00111011100110001111111010111101100000
00011101010000110110101111011111111010
10100111101110101110100111001111111000
11101010111110111001110101100010110111
01010111101110000010000011101100110000
11111101111110111010111101100010110100
10111011100111001110011111101011101100
10100000100011001100010101101010101101
10001111011111100100011000101100011001
00011100100111100011101111000101000111
11110111011101111101100111110001101110
95 214 44 17 5 4 0 2 