50
38
11111011110101111101111111111100100100
11111111110011111111011111111100111111
11011111111111101110110100111011011111
11111111111111111011111111111111100111
11111110111101101111011011101110101111
10111111111101110101110111101111111111
11011111111111111111111011101101100110
11111101111111110111111101111110110101
01111111111101010111110111111010110111
11111010001110110000101101111111010011
11110110011111111011011111111111111111
11011100111110110110111111101111111110
11110110111111111111111011110011010111
11101111011111101111111111110110001010
11011111011111110101101011111011101111
11111111111101101111100111101111111111
11110111111100101011111011101111111001
11111111111111111001101101101111110111
10101111011110111111110011100111111110
00111101110111111011111111111101111111
11111101111101111101100111010110111111
00111111110011111111111011101110111101
10110111111101010001100011101111111101
11110001111101101110111100011101111111
01111111111110111111011011110111110111
11101101100011111011111110011101111111
11111001110111011101111111111111010001
11110110111101011111111110111101111111
11111111101111111111111111110110011111
11111011011011111110111110100101111110
11111111111011111101111001100111111101
00111101111011110111101110011111110111
01111111110011101111111001111111011001
10111011111111111111110101101111101111
11111101111111011111111111111011001111
01111111111111010011111111111111110111
11111100111110111011111101100111000110
11011011101111111111101101111011101111
01111011011011111100110111011110110111
11111111110111110111111011111111101110
11111110111111111111110111111111011111
11110111100101110111011011111111001111
10110111011011111111011011110111111011
11011111111110001111111011111101111101
11110111110111100101111111001111111010
11111101010111111110110111111111011100
11001001011111111111111111010111101100
11101111110110111011111111111111110011
11111110101111101111110111111111010111
11110101110100110110101111111111010111
38 113 20 15 3 3 0 5 