32
50
01010111011011101011001101100111111110111111110011
00100011111101101111111000111010001111111100011110
11101111001000000101110101111110101101100101111011
00110000010000110101011111100111011111101111010111
11110110100100100111001110001101011101111011011100
10111001001111110101111001101100011011110010000111
11101110001101110101010011011011011110000010001000
00101110101010100101110100001001111001110101111001
00101011001010111100111100101011101001111100010100
11011101011011010001110001100011000101011101101101
01010000001101011001101011001111111001110111011011
01111011110110101000110100101111111110101011111101
11111100011011111010110110101001001100011001000011
10101011110111111001011111111100011011101111101110
00011011110110101101000001111101101110101011010010
11010011101111011111101000001010111110110011111110
01001110101111110101011000011110110001110111110100
10100011111110101111111101101111001000101100111001
10110111100000101010101110010111110011111111101000
11111110011000101001110101100101100111011111111110
00001011100111110111101110001000111001011000101110
11011001000111000100101110111010101011011100101101
10100001110101101011010001111000111101010111101110
00110110101111100110101101011011010100111001110111
10010111011001001011101000101001010111100101110000
01111110100101111001101101001100100100011010110101
10001001110101100001010110011011010110111101101101
10011101000100001010000111111111110100111111011011
01111011011111011000100000111010111011110001011111
11110100011110111101010001111000101110111000100001
01101011101011111100010010011101101110111111010100
11010010110111111111000111111110101100110111001001
70 158 32 17 5 4 0 9 