32
50
10111111110000000101000010100011101110110000100000
00100011011100011101100001001100010000100100000011
10010011000101010110111000010111010100000100101101
10111010111010001111000001010101011000001010001011
01000000101101000010000000001000000001000000101001
10101011100111011100101010001001110110100001100011
00100111111010110010010100100110010010100000111100
10010110100110110101100011001001001100101100011101
00001000010000000101010000010001110000010000100101
00001010000110101010110011000000101110000110010010
10110110010101000111010100100110000001001100100000
01110010101010101000101010101001101100010100100010
01101010100010000010100101101001100101101010000010
11101001101101000000010000010100110011000010001000
01001011100100111001100001100001000000011100010100
10110100010101100000011100001010010100001010101011
01011110000001101100110011111101100000100011001100
00001010000011000101000000000100000001000110011001
10110111100111000100011110011101001000000111110100
00101100000100001011101010010111101010011110010110
00000010011001000001011000100011000010001000011000
11101100110111001000010110000001111110010110000101
01100101110000101000011010111111000100000110001001
10101100001000000101100111000001111110101011001110
10111000000110000001001111111010101101010001011010
01111000010000001000010010101101001101101111001011
00000100011000111111000110010100101000000000100110
10101111000111110000011000000001001000010001111001
00000010100001100110110010100000111100111110111001
01110001010001000110100101110001010110101011010011
01100000000000010001100000101100000001000100100000
01011110000100100110101011100000000011111001010101
29 88 16 8 1 3 0 3 