32
50
00111111101101001001000111110110110111111011110010
10001110111010111010001101110001110111011001100010
01111111100100111111111000111101001101101110011001
10010111011011010110100011110111100101100001001010
11000010010110000000011010111111111010101101000101
11000011101100011100111111101011100011011000001101
10100101010100111011101101110101001010101011100011
00011100011100011100111101000100011110101001011001
10011010111101011011101011011001000010000100000111
11100010000011100101111011111110110000111111101001
11001001111101101100101011011001110111011101111101
11111010111100000011011110001101111010110010101100
01101011111101100110001110110101110111100111110101
11101010001011000111101101111111010001101100011101
11000101110101111010011111100111111011011010101110
10110111100101000101011010111111100010001101001001
10110001101010001110101100111011100110110010100110
11010111101000011001001011001110000111000101010000
01000010011011110111000111110000101110101111111111
01101100111011110101000111001111110011111011111010
10001011111110001111100001011010011001011011010011
11100111011111101110111001110111110111001101101000
00001110011010111001000111101011111100001010101111
11111011111011011011000001110100111111111100111111
10110011111001010011111100101100010011001111111011
10010011011010011101011110010110011010111011001111
01010001111101111110111011000001010011000110110011
10000100001000011101000001010001111100101100110101
01011001111011001100100100110110111101011011100000
11001111010101010111101110100111010001100110010111
11111101011110010010011010110011010101010101111100
11111101011101001100010011111101000100110111101101
82 160 32 15 4 2 0 8 