32
50
01111001011111011111001110000010110101111101111101
10110001111011011111111011111001011111110101000110
01110110001111011110101001110000010000110111110101
01010101011100010110010001111101101010111111101111
00001000011101110011000111111111001010000100100111
11011011010000111111011110101101000110011110011011
01110110111001111010000010111011011111000110011000
01010110001011110010111110011101010010110110011011
11100110110111111111010111101001110011110000001010
10101111111101100011111011010011011101100111100110
01010000011111010110111100001000111100111110001010
10011000011111001010111111011110101110111111111111
01001010101011100111010001010111110111000101111011
01000000010111011111100000111111010111111010011101
11011110110000110000010110010011101110110101011110
01010111110110111111111001100001101110111010011001
11001001011111111100000010111101001110110100110101
01111110111111111000011110111001111010001001011011
00111100110110001001000010011011110100001111001011
10101110100100000110011100000111011111101010001100
01101100110101101111100111110111110100101111111010
10100001100111111100111111101101111100100110010101
10111101100100000100111111001110110111101110110111
01101110000110101010111101011001111001100010111111
10101111011001011110101011101111110100110001011111
10100110111111111111011011010010001100111100110010
11000110100001111100000001011101010111111100000011
11110111111111100110101010110100111111110111101000
00011101000110010111001100000000101001001111101111
00000001011101111101000111100100011010101111110011
10011111111010010000111001100100010010101001011000
00001101111111111100110110111011101111010101001100
54 117 17 10 7 5 0 4 