32
50
11111111111111011001101111111000010101101111101111
11011111111111101110110111111011111001011111111011
01111111110011010011111111011111011111111011111100
11101111011010111011001001010100111111111110111111
10111011111001110100101110110011001101111111111001
11111111111011011111111111111111111111111110111111
11110111110101111111011011111101110111101011111111
01011110111100111111111011010011111111101111001101
11110011110000111011111111011111110111111111101111
11111111110011011111111111001101110110110111110110
11101111010111111110011110101111111011111110111101
10111111011110011110110111111111110111111111111111
11110101111111111111111001011000111101111001101111
10111101111011111111111111010111011111111110111101
11111111001001111111011111001110111111101011111111
01111011111101111110101111110001101111110111011111
11111111111101010111111111011110011101111111111111
11100111111111101111110101001001111111101111111111
11001111111111100011011110111001111111111110011111
01111110111011101111001100111110111111111111001111
11111110111011111101101101111111101101110110110101
11111110001111111100111110111111011111011011111111
11101011101011111111111101011111110111010110110111
11111111111111111011101011111101110111111100111110
10111110111010110100111111111111011110111100111011
11111111001010111001101110111001110111110111110100
11111011011111111111111101011101101111011111101011
11111111111111100011111101011011011110111111111111
11111011101110001011111101101111111101101111111111
11110110110011111101101111111110011110111111101111
10101101111111111111111110010111101110101111101011
11111011111101111111111111111111101110001100111011
102 317 59 24 12 2 0 8 