32
50
00100101000000110101011000001101000110010100101100
00110111000000100010101111001001001010001110000000
00010011000111000000010010000010011000011011110000
11000011011111011010101010100100000000000010100000
01010000001100010010011111000010010001010010100110
00001000010001110011000110110000011111110100100011
00000111110110110100011010000110000001111000000110
00101001011000011001001010000000101000001101000010
10001000010011100000010111000100100011001100111101
00001100000110011110010101100000110101000110100000
10011100000010010010001110100011100001000010011000
00001010101101000010101011110001011110000010100100
01010001010010101000010111010001110000100110000010
10100100001010101010011000110111000110110001111100
10011110111011110001010101001111000011110100011000
10010010010100100111001110111000011010011000100001
00110001010010001001101000011110011000000100101111
00100000010011010111011001010011001100101010100010
11000110100101001100000000110100010111000110000111
01011100010110010000001011010010001110011011011000
10011011101001100111111000001100010110011110011100
00110001000010000100010110000110001011101000011011
00101000100101010010100011000111101100101000000001
01000000010110111000111010000000111011110000100110
10010010100100110010101100101001110010110011010001
00100110000011010100001111010101101001000100001000
11100000111110001101111111110010001000000101100100
10111100001111110000011000001110000100001000100001
01100010111100001001101101010110101000100110011000
00001001000100001001000100000101000011010111110101
10001001011110001111010101110100010100001010111011
11011010001110010010101000000000110010110110000010
43 119 17 11 4 4 0 6 