32
50
10110010110000110010111001100110010010010000100100
00100000110010000001001011100010001000110000110111
10010100000111101110000111000010001110100011110001
11101101101100001010010101010100010110101100100000
00100000000011011100011010001100000001011100010001
10011001000010011000010110011111100100010100001100
00010000001000000000000001011111000111000000111111
01001100101110100010111000111101110000100001001011
10100101000110111110101000000110110000001000000100
01100110001111101111010100101101010101110101010010
11110110010000010010000100110110001001000110100101
11000011110011000011000110110011000001110000110110
00000110111110101000000101101110110101010000000100
10110001001000000001000000001100100000100010000010
11011000101110001000110010100011101110110001101000
10100110000001100101011101000100010000000100100010
10100100100101001000111100010000010000100100110101
00001000111000100111110001111010001010000000000000
10010100001010010011000011010000000110000001110000
01010101101001010100101100000101011100111111111010
00001111100111000011111101101010010010010001100100
01010100001111000001110010010111001000001000001000
00000000000111001110000100111011100000110100010001
00000000000100100111001010000110000111010000010001
10101001000110001001011001001101011001011000101110
00100101100110001001110110101000001000011101001111
01110111111101101011101000001000110001010010110010
11001010000001101000010100001000010100000100000111
00001000100100001101011010001001000011001001011000
01000100100100000001001011100000010010000000101010
01000101000000110001100100000010100101100000000110
10100100100010100100000000010000011001000000011010
47 156 29 13 6 0 0 5 