32
50
11101100100110110010101010100001010110101011000101
00010010110000110110000001100000000011011000000110
00100010011110010100010000001001101011111001001101
01000100100000001101010110111101010010011001000001
11010001010100001011011000000001110011000010101000
01100100000110011100100011000010011000000101100011
01000001001000001010110000000100010010000001101100
01001000001101000000000001010001010010110000000000
01010001101100001011100010100111111110111100101010
00000001011101100010100001011000111011010000010101
00010011110000010000110110101110100010111111010000
00001011111011011001000101010111001110010011111000
01000010000011001111000000110001110000011010000111
00011001111000010000100110100000100011000100000000
00000000100000011110100010110111000000110000010101
10010000000111100000001001101100000001100011111010
00000010100100000010000100011100100011101110110010
01001001100000000000110001010010001101000000010101
10000000000011000011110011110000101110110101110001
00000110100110011010011010000101010011000111100001
01011000000110100110000001110011100000001000000001
01000000000110010100100101000000001000000111101100
11000001110010011000110010111011000110101001100101
00100101000000010100010010100011111100011010110000
10100100000010000011010111000100100011010000110001
11100010000011101110101000000101010000111001100100
00010111000101011001000001101100101111100101000111
11011101110111101110100000101010000011001100100101
00011100001100010101100011010001100100100000010000
10100000000011011110010011010010010011001100011111
00000000011100000101000110011101010011100010110111
11000110101000110000000101101110011011101000100000
19 45 10 3 3 0 0 3 