32
50
11111111111111100001101110111100111011111111111111
11111111101110011111111111101101111101110111111111
11111111111111111011111011111111111100111111101111
11011111010111111110111100111111011111110110101111
01111111111101111111011111111101111111100111111000
01011111110101010101101001110101011111110110001111
11101011011110111111100110111101111111111111111111
11100111011000111111101011110011111111010101101111
11111001010001111110111111111110111011111111101111
11110111110011110111111111111111100011111000110110
11111100111111111111101111011110101111100111111011
11111111111100110111110111110101101101011111111110
10111111011011111010111101111110111111111011111101
11101011110110111011101110100111111111111101101100
10001111111111110111110111001111111110110111001111
11111111111110111111101111111011111111111110110111
10111111111110111111111001111011101110110110011110
11111011111011010110101110111111111110111111111111
11111111100001111111111011110100101111111010111111
01011011111110111111000111111101111101111111110101
10110100111100111111111111110111101111110111100111
10111111111011111011110111111011101111111111101111
10111011111111111001111011111111011011011110010111
11100110111011101111111111111111111011011110111111
11001000100001111111101111011111101111111111111111
11110111101111111111010011111111011011111110111001
11111001101111111001110110001011111100111011110111
10100111111110111111111011101001101110111111111111
01101110110111110111111101111011111111111110111110
11111111100111101111111011111111111010110011110101
11111101110001111111111001111111000110111011101100
11111011001101111011110111111111101111011011110111
82 264 48 15 8 1 0 4 