32
50
01111110011001101111111111111111111111111111111111
11110011101011111001111011111111111110111000111111
11111111111101111111101111110111101111101010101011
01010011111111111101111110111111110011101111111111
11111111111011111111111111111110111111111110111011
10111110101110110110111101111111111111111110111111
11001111110111111011110110111111001111011110110111
11101110111011111111111111011111001110111111011111
11110111100100111111111111111101111011010111111011
01111101011101101111110110111111010011011111111101
11111011011110111111011101011110001110111111110111
11111110111111011100100001111110111011111011100111
11011111101110111111001111111001111001111111111101
11101111111011111111110011101111101111111101110111
10010110001111111011111111111001110101111011011111
01111111011011101111101001010101101101111111110101
11111111011111110111010111111111111110101111101111
01111111111111000111011111011111111011110110111111
10111101111101101111111111111111101111111100011111
11111110111111110101111111111111110111111111010101
11111010011101101111111111011111111111111111111111
10101110011111111100111110101111011111101111010001
11111011010011111011111111111101111111111011101111
10111001011011111101110111111111110111100111011111
11111001111101011110111011011010010101101111111111
11101111111101110101111111111110111010101001110111
10111111111111111111011111011111111111110101111111
10001110111111111111111111101111111011111111011001
11011111111111110111111011101111110110111110011111
11111110110111111111111111111111101110111011111111
11111111011011111111111011111101001100010111110111
10100111111101111111011101111111111101111110101111
19 100 22 12 4 1 0 4 