32
50
11010000100000000010011000001000010000000110000000
10010100000110000100100000010100100100000000000101
00000000000001000010000010000000110000000000000001
00000011000000001011010100000000001000000010000101
00101000000000000100010000000000000000000100000000
00110001010000110000000110000010000000001001000000
00000000010000000100001000100100011110001010000101
00010000001101011100001010011100000001000011010000
10000110000000000010000001000100001000100010001010
00010100001000110000101001101000000000000000000000
00000101000111000100000000001000000000001010000000
00000001001100101000001010000010000000000100000001
00001000000000010000000001100010000000000000100010
00000001000100001000000000011010000011000010000100
00001000000000100000100100000101100001000000000000
00001000001001000000000000000010000000000010001001
10010100001000000000000001100101000110010100000000
01010001010011000011000100000000111110000101000000
01000010011010010000000100000000100000000000010100
00000000001000000000001000000000000100011100000100
00000000001000000010000000001100100000000100000000
00010000000000100000001000000000000000000001100010
01100000110010000000000001010000000000011100000010
00000010000100000000000010101000001000100000111000
00010000010000001000000000000000011000010000011000
01000000010100100000000000000100000000010000001000
00000000000000100110000000000000000000100000010000
01100010001010000000000000001000000100010000010000
00000000000000001001010000001000111001101000010101
00001100000000000000110000001001000010000001100000
10000000000001100011010010010010110010010000000000
00010000011000000000001100000000010110000000001010
17 46 5 4 3 0 0 0 