32
50
11101001011011001010110110110101101001110010111010
11000011001110101111111000110001100100111010011111
00010101011010100101101110011111010001011011000100
00110101011110010010100010001101111101111101000100
10111011100111111101111001110010010100110000000100
00110111000101111000010111111001011011111111101111
11111111111010110011110101000010110111100111011100
10110100010111101101011111010011010011110001111111
00111001011011110110101110011110101010101111011110
01111111000111110100010101111011001111001111000101
11101101101111000100111111100110010010101101101111
01111100001111001111101101000111010101111111011010
10110001011011111100111100110011110101101010110101
11100111100010111011110001101101111100100111101011
10011010111111001000111111101000111100011000111010
11001010110011101100101111111110110110011111110011
11011111101010110110101110001111110010111011111110
01001111101101110001011111011001001010000111111011
11111110001001001001000110111101101101011000011011
01111110111001000100111111011111011011110111010001
11010000010111000101011011111011110111101110100011
11111101111110111111101111010010110101101011101011
01101101011110001111111100101010011010110100111110
11011101110110111010101110100011011111110110111001
11111111111101000001101010111001111101101100000110
11101000001011101101000011110011110110110100000110
00111101011111100111011110011100101101100110100000
00100111001001101101110110111110100001111111101110
01110110011010011111011110001011110111110101100111
10111001001011011101011111111011111111101111100010
11011111000110111111001000111101110111100001010111
11001100110001110001111011010111100110101101111010
69 198 34 8 7 2 0 6 