32
50
10110101001001001111100111100100100001101001000000
11010110111111100110100011011000001111111111011111
10100111101111100110001101000000101001011100101100
11101000111100011111001110101000111110011111010111
00111100111000111110110111111000110101110100000101
10111101011001111110111110110101000010101110110001
10010111011111000100011011011011111101110110011101
11101110011111111111110111011111111111111100111100
11111111010111101011101111011011011101010001111101
00000011000111011111001110111101001001011001000110
01001111001100001011111001000101110101011001101011
01010001001111110111111011101111000101011001000111
11101001011101101000100011111011100001011001011100
11111110111110011101000011000100111111011101100011
11001011010110101110100011011110111011110011110100
00001111111101110011100000111011100001110101111111
01010011101110111010001110000011111000101000111010
11011111111101000111101111100110111101011100010100
11111001000010001110011111111111011111011010110011
11110000100111110101000111100010111110000110011101
01001011001100001111001010011001011111110111011010
01010110111101000110100101011111101110111011011010
00110111111011011100111111101010100111001100110010
00000010011011101100010110101001010001011101100100
11110111110111011110101011101001010111011011101011
11011111010101100111000101111011100110111001110110
00011011111111100101111000110111101111111011101100
11101110011110001011001001010110010111111001001110
01001110001101100110111001011101110101100000111111
10101101101101101010110110101001111111110010011011
11100111101010110100010001100110010010110010010101
11000101101100011001101000101110010010110111011001
32 85 11 6 1 4 0 0 