32
50
00110000101011011000110010001010010000110010000100
00110011001100101000010001011000010110101000010100
10001010001111010110101101110000000001111101110100
00100000100111010010000110000001111011001100010001
00001001000010001100000100011000010001110100010011
00011001110001001001010000010010001000010001000111
00010100101010101010000001111100100000100010111101
10110110001101001011010011101111000110010000101010
11111000100100010010011101101000000011010000010100
01100010010000010001001100110001101100001010000010
10010100100000100110011000001111000111001011010001
00000111000000000011000100010100100111001111011100
00001101010000001001100110000100110010000001011011
10100101100101001011110010010101000010101001111101
11000011011100110001011000011110110001100001010100
00011011000001000001000001001001001000001011001100
00101011001000101000000110001000111001110111100000
00001011101110001010101011000100110101001001100001
10100010011000000001000100000100100000010101110100
01110000100011000001110100100001110001110000110011
00111101010010100111100100010101001100101101101000
10011000100000100010110001000100011100111001010100
01110100100000011011010100000001001111001101001101
10000000000011001110100111110100111110000000111010
00110111101000111010000100101010010100001000111010
01010010101110000101001000101000101010000000000100
00010000000010010011100010000001000011000001100011
00000100100110001101110010001000110001001010010100
00000110111110010111001010001000000111001000010011
10000000101001000010000011101000101100011100000001
10011001010010110110011011111001111100110100100110
00001001010000010101110000100010011100000110001000
57 166 26 16 8 0 0 0 