32
50
01100011101111101111010101110011000001010000111011
11000001100111010100011001011111101010110011111111
11010011111111110110101111010000100111100010111110
10101011001001001010011010111111011101000001000110
11111111010110110110000110010100011111000000101111
01101110101001110100100110101100011010110000001111
01111101111111111001011100111111010101111111101111
11101110101110111111101011011000101101110010011100
11011100100111011011111011110110101110001001011110
00110110110000111010111011110010111100110111111001
11001010100111001010000001101110101101010111010100
11011101110001101000101111111111011101000001010101
00011100111110100100110110110111011110101101111111
01101101110000110000010110111110110100011001011111
11001100100011001101101110101111010011100110111011
01001100111010011111111011111110111010111011111111
10111101100111111001001111111100011111010010011001
11101111101110010010011000100011111001111110100101
10110110110110110111111110011000111100000100111110
01000001111110000001011110100111111110101100101010
00011110001110010101011101100101010101110110101110
10110101111010110110010000101101100000111111110111
01000110011101101111111111010111100110001010011100
00011110111110111111111111011100001101001111111011
01011111011101000011111011100000100011110001010011
01100000110011001011100101011000011111111101110010
11101101110100101110101101100100101001111111111011
01101010010001000010101110011101011011100111100111
00010110100000110011001010100011001101101111011110
11110110101011101011001101111110100100010101110111
10111101111001110111011000010001101111011101000111
10111110000101001001110011100011011111000000010011
73 232 42 10 11 4 0 10 