32
50
00001001000001000001100000000011100101101110110010
00000100100010000101011001111011110100100100011110
11110101001100100000001001001000110000000100000100
00001101110110000001100001010100100101011101010101
10110001100101011000011101001010010001000001001000
10011000111101010011100101011101100000000000000110
10010101111000100000110100101001001010010010010000
10010001001011010111010011100001001100100101101110
11000100100001001100000000110011000000011010010010
11101100110010100101001010000110110000010000100010
11110001011000010010011101010000001111001110000001
00101010000011011001001001000000010000110000100000
01000000010100100100010000100000100010001011110100
00111000000001101001000010101001101110001001100000
01010101110000010101010011010010111010000001001011
01100010100000000010100000110011111011100000110110
10001001110010011110010110000001100000000100110110
01010100011100101110100101011101001101000000001001
10000100011000110111110110010111010000000000010101
00011000000110110000111100001001011000010111100111
01011100111111100010001100110111010101100100010101
10111000011001011100101001011101001011111110110011
00000001000101001000010010000001000111100000001011
01000100001000000010010001110100100010101001001000
10110101001000011000100000100001100111101010001010
00110110000101110100000100011101101000000110011100
11101100001000011111000010110010100000101101101100
00000110101101010101001010111001101010000000100100
00010001000110100100100000000110011001101010001011
11110000001000110100001101001010001110011000001011
10110100011100010010110010000111100101010101000000
11100110000000010001111100101010111001000110110000
57 163 28 13 6 5 0 0 