32
50
00100100001010000011001010010010000000000100111000
00000000100111001000000000100001001001000000100000
01000000100110100000000001110000000000000000000000
10000011110100000000000010000110100000000000010010
00100000000011100000000110010000011110001000000111
00000000100000000000000000011000000000010000000000
00101000001000000001010100010000101000000001010101
00001000010100001100000000000000000000000100001010
00000010000110010001110000000100100000000000000000
11110110000010000100000001100000000001101000000011
00000000000000101100001000000010000000000000000100
00001000000000100100000010000010110101000000100010
00101000011110000110100000100010100000000010000001
01000110010000111000000001011000000011100000001001
10000001000000000001110000000000011000000000100100
00010010100100000000000000010000000000011000001100
01000001000000000000011000000000001000000000000001
01001000101000000000100000000100010010100000011001
00010000010000101100100010000010100101000100000000
00000110000110101100001000000001010000110101001010
00000011001000100000000100101000000000100001110100
00100000000001010001000000000000000000100000000000
01011100001000000000000010000100010110001000100000
10010010001011000010000001110000000001000001101000
01000000100000110001000110000100010001010000000100
00000000100000001010000010010000000000000000110000
10001000100001000100000100101001010010000100001000
00000000000000000010010100000010111100000010010100
00000000001010000000011010010000000111001000000100
10110000000000000001000000000000000000001100000000
01000010000000001001000001010010000010001100000000
00011000010000110011000000000000001000000000000000
21 62 7 1 0 0 0 0 