32
50
11100001111011010111111101111010101101101000001010
01101010111010011110000010100111011010111011011110
10100110010100011000011110101101111001111101011100
11101101011001111110100110001000011110010111100111
10110010100011101010000010101001110110111010011001
01101111000111110001111101111111011001110111000101
00110101101001010110010111111010011010101111111101
11101010110101101101101000111011011111111111100001
11101000011101101101110101010111010111001100001001
10111101111110010000111010111001011111110101011100
01010111110011111111110111101111010101110010101110
11101000101111010011101110101111111110110000111111
11010011111011100000010011010111111000111010111010
01111000110011111001001010110100111001111000010101
11010001011011111100010100001011010000111011101111
00101010100111010111111001111101100011010101001011
10110101101010101110011000111101101111010000101011
00101011100100111111111001111001111001010011111111
10101110001011100101110111101111011111111110110101
10001100011110000010011001100010011111111011010101
01100011111111000101111111100011110011000011000111
11011110000001110101111101101111111010110010001101
11110111110011111111110111100010100100110001111000
01110110111110111011111000111111110111101111010000
11111111111111010111101111101101011111000110010101
11101111101010011000010001100101101110101011010011
10000111011100000111110110100110101001110000010010
01101100010011100101110111111011111000010101111111
11011011100011001000011110111010110111111110100111
10111101101101101111011011101100111111010111010011
11001111100011101001101110011011100011010110111011
01100101100111111101111001110101010111011101010110
52 145 24 10 2 2 0 2 