32
50
00010100111010111111110011011001111101101110101110
11010110110101011110000010111101000101000111101101
01111010000011111101111100111101010111111111111001
10011111101110001111110011100001111110011101001111
10111001100000111101111100010010100010111101011101
11101100010001011010100011011111101100100101101001
00111100010011101001010110011111111101111101101000
11111110101011011110011011111000000101110010011111
11111001111110101101101100101000000110000101101101
10011101111011010000110011000101101000100011101111
11110101110111011111011110011010100101111100110001
01011011110111011111110010011011110001001100010001
11110101100101100011001010111011011110111110111110
00111100111100000001111000111010011111111011010111
10010100100111001101110111100100011011111010111100
11000011111111100110101011101000010101011000111011
10010110101111010011001110100001111110000110111100
11101011010111110111100100100111010111111110101011
10110010101000101011001001111111111010110111011100
11001111111111001101001100000110111011111011001001
11110101111111000110100010011001010111100111010101
11100111110111111010100011000101110101001111100100
00011110011001101101010101011101100100101111111111
01110111111110101101111111110111101101100111101111
01011101001110001111100011100001111011101001010101
11111010111111111111111100101101110111110011100111
10010110011111111011110110000111110111011110110101
10110111111111011100001011001111101001111111000100
10100111110100000000101011011010101010001111110101
11011001001010110111011001100110100010111010100101
10111101111101101100101111101101001111001110101101
01101100000110001010111011011000110111010111010110
48 158 24 7 4 0 0 1 