32
50
00100000010010000010010100101100100010000000101011
00010001000000001011000000001000000000001000000000
00010000001000000000000000000001000000010000000000
10000000000001000110001100110000000010000100110000
00000011000000000000000100000010011010001100001011
00000010011011010000000000000000100000010000001001
00000100000000000100000000000010000010000001100000
10000000000000010100000000100000011100010000101000
10010000000011000000100000000000000001000010111000
00000000000000000001000001000001100100000101000000
00001100000000001000010110001110000001000100001000
00000001110000001010010001001100001000000010011000
00001000010000000100000000100000100010000000000000
00100000001000000000110000100000000100010000001000
00000000000000000000010000010000001100000010001000
00001000000010000100001000000001110000000000101010
00000010100100000100001000001000000000100010100000
00010000101010000001100000000000010000100010001001
00000000011000000100000000001001000101011100000000
00100000100000100000010000100001000000000101010000
10000000000000000000010000100000000001000100000010
00110000100000000010000000000100100000000001010110
11101000000000000000000001000000001000010011000111
00000000000000011100100000000100010100000000100000
00000100000000100000000000100010011000000100100000
00000010100000001000100000010110000100000000000000
00000000000000001000010000110000000010001101000000
00010000000000000000010101001001010000000000000111
10000000000000000100000000000000000010000000000000
10100111100100001001000001010010000100000000000000
01010100000000001000010000011000001000010110001001
01000100100100010110101010001010100000000000010000
9 23 9 2 0 0 0 0 