32
50
00100001110000010000101100100000000000000000100000
00100001000011010000000001000100000000000000000011
00000101000000000111000000000000000000010001000000
00000010000000000010000000000000000010000000000000
01000000101001000000000000100000000100100000000001
10001010101000000010000000100000000000011101000000
00110000001000100000000100000011000100000100000010
01101000000100010001000100000100100010100000010000
00001100000110000100010100010101000001000011100000
00000001000000000000010000000000101001000000000000
10001010100101000000011001010000010000100000011000
10010000000001000000001000000000000000001011100000
01010101001001000100100001000110010110010010000001
01110000000000010000010000100000010100000001000100
10000000000000100000000010000001010100000010000000
00100110000101000000100000000001010100000100000000
00000101000010000000001010000101011000000100010000
10001100001100000010001001100000000000000000100000
00011000000000000000100000100000000100000010001000
00000000010000010001011000000011001011101101010000
01000100100001001010100100000100011010001010000001
00001100001000001001100010000000100000000100100000
00010000010000000000000000001110000100100111010010
00001000100000000000000101100000000001000100100100
01000000101001000000010100001000000000110100000000
00010000010001000000000000100000001001000100001000
00000000000100100100010100001000100100001000000000
00000100000001010000100010000000010000000000000001
11000010100000010010001010000101001000101000100001
00000010100000000101100100000000100010000001101000
00000000000000100000000000000000000000110011000000
10000001000000010000010001000000000000100000010010
16 35 3 0 0 0 0 0 