32
50
00111101111010001011111000110001000001110111110111
00110100101011101101000000110101011111110011010010
11010011011100111010111110111000110101110110111100
01111010101010110101111111111100011101100100011101
10011011111001010101110101111100010111101100101000
11010110001011101001111111101011001011000010010001
00101111011011110110011100000010000111101110100100
11100001100111110010010110111011100101110100111011
11111111110100100011110000101111010001011000111111
10001011110111110011111110111010001101010111100101
01000111111111011111100111100101110100101100111011
11000010110011010001111011011101011011101111100111
10001011111111101001011110011011110001111101011011
11110100011111110001001001110110001111100100111101
11000011000111011111011101001010001111111010000011
11100101010111011101001111010110111101001111001111
10101101101101111100001000111000011100001100100111
10110110011001110110000000101011101001111110001001
01110100101110011011010101110111111001101111010011
11100101001001011000010001011001010110111001111001
11010011111101011110111101101110001100101011110111
10111101000001100101111111010111101000100111100100
01011100010101011001111101111110100110010111111011
10110111111100001001101010010110111111110111001101
01111010110010011101110110111110101110011111100100
00100101110101011101111000111000000101001110101110
00100110101011111111001000110100100111100001100111
01000011111110110010011100110100110111110110110010
01100010111100011110011001111011110011111101101111
01001010110100110111000010000001100010111110100101
11011111011011111000011001110000101001101010000101
01001101111110101111010000001111011001111101001111
89 235 38 29 5 2 0 3 