32
50
10011101111101010111110001111101011101010111110011
10100101110011001100111110101100111010011011011011
01111100010101011111111110101110001001011000110011
10101000001110011011110110110111100111010101011111
10100101011011100010110111011010101001011110110111
10100111111100101001001111111110111011011000111110
01110001000100000111100101110001001011000101001101
10011101100110010110011101111110110101001001000010
00111011111001110100101110001101000011111110111011
00100011010101110100101011110010011101011001111111
10100101110111111010011100010011011111101010101000
11111100101111101011111001111011110111100011101101
00001101011101001011111101111011110111101110101110
11011111001111111101110111110100111011111010001101
01011001111111011110110101111011101111011110001000
01001001111011111111011010101110001010110000011101
10101010111110110000111110111000011101110111100000
11101010000110001111101001100010001111001101010110
10101010010111101111011010111100110001111111010110
10011010001001011001001101101010101101011000110111
01001011101111100011110011100011000011110100100011
01110111111011001100010011110001110011111110111010
10111100001111110111010111011100010100011010101010
10111110110111111011101011100110010100001010101011
11111111010001101111010101000000010011111111111011
10111111111110110111111100110111011111001101110100
00011111011110001101101110011111111100100011101100
00101001101111011111011101110111001110101110111001
10001100101100110101010110100110101111101111101101
10110111011110011100011101111011010100010110101100
11101011111100001010001001011110111011001111101010
01011101010110101000010010111110110100110110110010
26 84 7 8 3 1 0 3 