32
50
00000110000100100000000000100100001000100000010000
01001000100000100000010100110010000010001011000100
00100001100001000010000100000100100000001000000010
00000000101100010000000000000010000010000010000010
00000100000010000000000001011110000000000000111010
10000010000000100001000000010001100010100000000000
00100101001110000000000100101000001010010000010000
00100100101000001100000000001000000000000000010001
00001001001000000001000010000001000000000110010000
00010000000010000010001001100000000010010001000000
00000001000000100000000010101000001100000000010001
00010000100100001010011010010101011100000000100110
01000001010000001000000000001011110000000000000000
01000010001000000010000000000000000001100000010000
00100000000000110100000000000000001000110010000100
00000000100101001000000000011100010000000011010100
11000100000000001000010100000100110001000000101100
00000100100000100010000000111000010100010000000000
00010000000001000100000000000010010000100110010000
00000000010100100000000000100001001000100000100000
00000000100000010000010000000000010000001000001100
00000100000000010000000000000100000000010000010000
00100110000000000010110101001010101000101010000000
01101000011000000000010000100001101000001010010000
00000010000000000001001010000001010000001100100110
10010100000000001000010000000000011000000010010000
00000000000000000000000000010010000000000000010001
01000010000100000010000000010100110001000000000000
00010000001000000010000000000000000000000000010000
00011000000000000011010110110000001100001100000000
00000000000000010000010000010001001110100100010001
10100010000100001000000000010000000100000000000000
32 87 17 6 0 0 0 0 