32
50
00100000000000100000110001100000100100000100001000
00000010000000010000100101000001000000000000000010
10101001100010001000010000001100000000000000000000
10100000100010001000100001000110001000100000000000
00001000110001010100001010001000110111000010000000
00000000011000010000010101011100100000001001000100
00010011000000010000000010000010000000010011010000
01000001000000000000010000010001000100000000110000
00000101000000100001000001100000001010000000000000
00000001000001001000100000011100000000000000011010
01010110000000001010000010000000000000000000000000
00001000010010100000001000011010110000100100000000
01000001010000000011001000000000001000001001000011
10000010000101001000001100001010100111001000000110
00000100001010011000001110001010000010000100100000
00100011000000100010000010010000000000000000100000
10000000110000100000000000010100100000000000000000
00001000110000000101010000000100000100000000000010
01010000100010001000010000001010000000001100000000
00000010001000110000001000000110000100100000100000
00001000000010110101111000000110000000000010000000
00110001100000110010001000000010000100100000001010
01000000000000000000000000000000000010010010010000
00001000000010010000100000010010001100100000001010
01001000001100000001000010100010000001000000000000
00001000110100000000000100001000001000010000100011
00000010100000001000010000010000000001000010000011
00000001000101011000000101000010000010001000000001
10001000000010101000000000000001000000010010000100
00000000000001000001000100010001100100100100011000
00000011010000001000000000100001001000000000001000
00000100000010000100000001010000010000010000000000
38 89 19 4 0 0 0 0 