32
50
01111101111011101110011111111010001000100001001101
11101110001111101101110001010000101000111110111111
11010111110100110111011111110011111100010110000011
01101110001011001100010110101110111011011101000100
11111111111100001111010101011111100100001111011101
00010110001100010101010001011011111110111001110111
10100011110110101111110101001010101101011110100101
10011010101101111001110110110011001101010101110010
11111111111001111101011010011111111101101000101110
00111100001010110001101011011010000001110000000101
10010110111111010100101111110110100100100011110100
01001101101111111111111000101110011011101110110100
00100111010010111110110101010110001101100011110001
11100011110111111010101100000110110111011101100110
11001011110111010100010010110111111100110110111001
10100001110101011101100101111100100100101110111101
11110100001011111000111111110110100111111110111101
00010001100111101101000011100110000110100010111000
10010110011101100001010010101101011110111001110100
11101110111011101000001111111111110001111110101111
00000110101001001111000111011001100001111101100100
00111011101011110010111100101101111000101000101101
11011101110110100000011000111011110010110110000110
01101111101111001101001111110011101100101001011111
11101111110100111010110110111001111010011011111010
00010001001100111111010111011001011111110111101001
01001010000011101011110010111001010000110011011011
01010100011110101111111111110011000011010111001110
01100011010011001000111111110000111000001111011101
00100000000101001011101111001011011001010001110011
11011000101111100111000100010110011011001011100111
00101110100001100011000111100111011101110001100011
26 87 11 3 1 1 0 3 