32
50
10100010000000100010000001000000110000110001111100
11100111111001100001110101110001000100111110100000
00001100011100000001001011100000011000110010010100
10000101110111011000110001000001010011100011000011
10001000100100000000110100100101000001000101010000
01001101000011000000100011010001010011111000110101
00001011001100011010001100010101110001100000101101
10010101110000100010101011110110110010001100101100
00111011001000010001000100001011000010111010000000
11101001100010101110001010001100010010011100100101
00000100010001010101011010010100001001101001111011
00100001110010011000101000010010100010000001001001
00010111110000000011001000100010010011110000000100
00001001011101000000001100010100100100110010110000
00011001000011011000011011100011000011000011110000
00001001110010010010100100100000100100110100001100
10000000000000000001101000011000010111100001000010
10001010110010011110011100110111001111000110001000
01011000100110010100011100101110000001000101011001
10010010111001001000101011000000101000000101010000
11011100000111101100010001011111001110001010010110
11100000100101010100010100000100110010100101010100
01001100111100010000000000011000000010001000101000
10010000100001001011011100100011100010010010111010
00000100111000101001010000100111101000000101010011
01000101001000101000001010100100010101100011101011
10000100000011010000101110000001000111011100111010
11101100010000110011110010000110001001001110001000
11001100111010101000000001110100100000010000101000
00110110100101011000001111010010000110001100010101
11010000001010101001000010100000001001101001001000
01001100011100010011111011000100010000000110010010
23 51 4 8 1 2 0 0 