32
50
00001100000000000011000000000010000000000000011011
00011000000101100000000001100001000000100010001110
10000000010010001001000001000101110000011000000100
10000100000000000101000000101000000110100001000000
00101000000100000000010000010000000100000110000000
00010100000000000000010010010000000000100000100000
00000000100100001100000010001101010000000001000011
10000000010000001010000000001000000100010000000000
00000100001000100100000100000000000100001000000000
00100000000000100010000000001001000001100001000110
01010000010011000010010010100000100000000000000010
00110000000001100000100001100000000010011010000010
10010000001011001000000000011001001001000100110000
00100000000001010000000000010000010100001000000000
00000010100001000010000001000000001000000000100010
00010000000000100110000001000010000000000100000000
01111000101000010010000010000000001010011100000000
00000000000110100000000000010000001000000100000010
00000000000000000100000110000110000000000101000000
10001000000010100000000010100010000000000010010000
01000000000010000000110000000001010000000000000000
10001000000011010011010001010010000000000000000100
00000000001000000000000100100000101000000010100000
00000100001001000001000000000001000000000110001010
01110000000100001000100000100110000100001000000000
00001100000010011100000000100010000000010001100010
00000001100000000000100100000010101000000000000010
00000000010100001110000000000000010000100000001011
01100000000010001000000000000010010000011100000000
00000000000100000000000010000011000000000000000010
00000000100000000000001101000000001101000000000000
01001000011000001000000011001000100000010000011010
13 31 5 0 0 0 0 0 