32
50
11000000111011101101010011110101000001111001001011
00100001010110110001100000001000000001101000001001
00001001100100011100110000000101100000111001000000
01110000100001000111010101101011010011101111001110
10000000101001010001001000110011000101001111110000
11100111001010010110100000001000111100000010101000
01000011000110001110100111111001000010001111000010
00000011110100010000100001010010110011000000000011
11100011000000000001000110100000100101000011000110
10011101010110011110001001000111100000101101001000
10111000110001000001100000011101001011010011101110
00111101100001000001010000110100001010100101100000
10000110100011000111001011010010101111001010111100
00100001001001100100100000101101100001100001001010
00010000010000001110010001101001010011000001100111
00000000100010100001101100100101000101101100110010
10101000110110101011000101101001100010110101001010
01111000010001001110011100000010110001011001100111
10100000000110001000000110100101110110111110010000
01010000110000110001000001010010111011000001000011
01111001110100110001101000000011100101101001000010
10001110101100001111101110000001011000100100100111
11000010010010000010100010101000000010010111101001
00100100100000001011100100000001001110001100110000
00010001110111000100101100000000000101001100001100
00101100000001000000000000000001100001010001011010
00010001001110100000000100111011101111000011010000
00000010110000110001111101000110100011010010000000
01010100010111110000011001101111110100101011001000
11000101101011101000110000001010011100100001100110
01111000111101000011001010000010000111111000101000
00000000010000000000010100100000100001001101100100
21 93 9 11 5 2 0 0 